epoch (ms),time (-07:00),elapsed (s),X-Axis (deg/s),Y-Axis (deg/s),Z-Axis (deg/s)
1626646836822,2021-07-18T22:22:44.358Z,0.116,-0.381899893283844,-0.5022464990615845,-0.8648909330368042
1626646836861,2021-07-18T22:22:44.360Z,0.155,-0.381899893283844,0.3514120876789093,-1.1697689294815063
1626646836901,2021-07-18T22:22:44.371Z,0.195,-2.6989731788635254,0.3514120876789093,0.17169448733329773
1626646836940,2021-07-18T22:22:44.373Z,0.234,-6.967265605926514,5.473363399505615,-0.4990372359752655
1626646836981,2021-07-18T22:22:44.388Z,0.275,-9.040436744689941,30.90019416809082,-6.779525279998779
1626646837021,2021-07-18T22:22:44.390Z,0.315,-10.625802040100098,29.31482696533203,-7.450256824493408
1626646837060,2021-07-18T22:22:44.401Z,0.354,-11.296533584594727,14.863607406616211,-3.3648908138275146
1626646837100,2021-07-18T22:22:44.404Z,0.394,-11.174582481384277,9.619705200195312,0.41559693217277527
1626646837140,2021-07-18T22:22:44.406Z,0.434,-17.028242111206055,10.229460716247559,3.6473042964935303
1626646837179,2021-07-18T22:22:44.418Z,0.473,-24.406291961669922,21.50994873046875,5.171694755554199
1626646837220,2021-07-18T22:22:44.420Z,0.514,-35.320926666259766,29.131900787353516,6.208280086517334
1626646837260,2021-07-18T22:22:44.431Z,0.554,-27.637998580932617,61.0831184387207,-7.999037265777588
1626646837299,2021-07-18T22:22:44.433Z,0.593,-20.50385284423828,5.168485164642334,-5.986842155456543
1626646837339,2021-07-18T22:22:44.435Z,0.633,-1.662387728691101,-2.7583439350128174,-18.120988845825195
1626646837378,2021-07-18T22:22:44.446Z,0.672,-12.820924758911133,-8.733953475952148,-17.877086639404297
1626646837419,2021-07-18T22:22:44.449Z,0.713,-10.68677806854248,36.81482696533203,-32.206356048583984
1626646837459,2021-07-18T22:22:44.451Z,0.753,3.9473683834075928,1.022143840789795,-29.462451934814453
1626646837498,2021-07-18T22:22:44.462Z,0.792,24.862003326416016,4.070924282073975,-4.584403038024902
1626646837538,2021-07-18T22:22:44.464Z,0.832,25.105905532836914,10.10750961303711,3.6473042964935303
1626646837578,2021-07-18T22:22:44.467Z,0.872,34.3132209777832,-0.5632221102714539,-0.37708601355552673
1626646837617,2021-07-18T22:22:44.478Z,0.911,26.630294799804688,6.448973178863525,-6.657573699951172
1626646837658,2021-07-18T22:22:44.480Z,0.952,16.203466415405273,7.668485641479492,-15.986842155456543
1626646837698,2021-07-18T22:22:44.482Z,0.992,17.422977447509766,-11.96566104888916,-11.535623550415039
1626646837737,2021-07-18T22:22:44.493Z,1.031,36.50834274291992,-13.246149063110352,-13.547818183898926
1626646837777,2021-07-18T22:22:44.496Z,1.071,15.959563255310059,-31.355905532836914,-5.194159030914307
1626646837816,2021-07-18T22:22:44.522Z,1.11,7.362002849578857,-22.697368621826172,-2.633183479309082
1626646837857,2021-07-18T22:22:44.524Z,1.151,16.020538330078125,-22.758344650268555,-6.169768810272217
1626646837897,2021-07-18T22:22:44.527Z,1.191,16.69127082824707,-41.17298126220703,-5.438061714172363
1626646837936,2021-07-18T22:22:44.538Z,1.23,9.19127082824707,-39.16078567504883,-4.157573699951172
1626646837976,2021-07-18T22:22:44.540Z,1.27,-2.394094944000244,-32.57542037963867,2.549743413925171
1626646838016,2021-07-18T22:22:44.542Z,1.31,-5.320924282073975,-39.52663803100586,6.391206741333008
1626646838055,2021-07-18T22:22:44.553Z,1.349,-6.8453145027160645,-15.8681001663208,6.879011631011963
1626646838096,2021-07-18T22:22:44.555Z,1.39,-9.894095420837402,-13.124197959899902,5.04974365234375
1626646838136,2021-07-18T22:22:44.566Z,1.43,-7.516046047210693,-7.880295276641846,2.732670307159424
1626646838175,2021-07-18T22:22:44.568Z,1.469,-10.1379976272583,-1.7827342748641968,1.8790115118026733
1626646838215,2021-07-18T22:22:44.571Z,1.509,-12.455070495605469,1.9367780685424805,0.6594993472099304
1626646838254,2021-07-18T22:22:44.582Z,1.548,-13.85750961303711,13.522144317626953,-2.6941590309143066
1626646838295,2021-07-18T22:22:44.584Z,1.589,-15.016046524047852,9.314826965332031,-2.145378589630127
1626646838335,2021-07-18T22:22:44.598Z,1.629,-14.467266082763672,5.412387847900391,-1.4136713743209839
1626646838374,2021-07-18T22:22:44.613Z,1.668,-15.077021598815918,3.0953145027160645,-1.2307446002960205
1626646838414,2021-07-18T22:22:44.615Z,1.708,-15.747754096984863,1.6318998336791992,-0.5600128769874573
1626646838445,2021-07-18T22:22:44.617Z,1.739,-14.955070495605469,3.4611682891845703,0.04974326118826866
1626646838484,2021-07-18T22:22:44.628Z,1.778,-15.930680274963379,6.144094944000244,-0.37708601355552673
1626646838524,2021-07-18T22:22:44.630Z,1.818,-18.308731079101562,8.705070495605469,-0.37708601355552673
1626646838563,2021-07-18T22:22:44.641Z,1.857,-16.11360740661621,9.00994873046875,-2.2673299312591553
1626646838604,2021-07-18T22:22:44.643Z,1.898,-16.540437698364258,4.497753620147705,-0.5600128769874573
1626646838644,2021-07-18T22:22:44.646Z,1.938,-16.967266082763672,4.314826965332031,0.9643774032592773
1626646838684,2021-07-18T22:22:44.657Z,1.978,-18.918485641479492,5.412387847900391,0.17169448733329773
1626646838723,2021-07-18T22:22:44.659Z,2.017,-19.89409637451172,5.168485164642334,0.6594993472099304
1626646838763,2021-07-18T22:22:44.661Z,2.057,-18.491657257080078,6.266046524047852,0.903401792049408
1626646838802,2021-07-18T22:22:44.673Z,2.096,-17.881900787353516,5.229461193084717,-0.4380616247653961
1626646838843,2021-07-18T22:22:44.675Z,2.137,-17.759950637817383,4.9245829582214355,-0.1331835687160492
1626646838883,2021-07-18T22:22:44.677Z,2.177,-17.881900787353516,6.50994873046875,-0.6819640398025513
1626646838922,2021-07-18T22:22:44.688Z,2.216,-16.84531593322754,1.1440950632095337,-0.4990372359752655
1626646838962,2021-07-18T22:22:44.690Z,2.256,-12.6379976272583,0.9001925587654114,-0.6819640398025513
1626646839001,2021-07-18T22:22:44.701Z,2.295,-9.28433895111084,1.022143840789795,0.903401792049408
1626646839041,2021-07-18T22:22:44.703Z,2.335,-5.686777591705322,-5.197368621826172,3.220475196838379
1626646839082,2021-07-18T22:22:44.705Z,2.376,-1.5404365062713623,-4.343709945678711,3.525353193283081
1626646839122,2021-07-18T22:22:44.717Z,2.416,3.886392831802368,-3.855905055999756,1.1473042964935303
1626646839161,2021-07-18T22:22:44.719Z,2.455,6.5083441734313965,-8.124197959899902,1.9399871826171875
1626646839201,2021-07-18T22:22:44.747Z,2.495,8.459564208984375,-4.038832187652588,0.3546213209629059
1626646839242,2021-07-18T22:22:44.749Z,2.536,8.886393547058105,-3.7339537143707275,-0.25513479113578796
1626646839280,2021-07-18T22:22:44.752Z,2.574,10.471758842468262,-0.3802952468395233,-0.37708601355552673
1626646839321,2021-07-18T22:22:44.778Z,2.615,13.032734870910645,-0.8681001663208008,0.3546213209629059
1626646839360,2021-07-18T22:22:44.780Z,2.654,17.605905532836914,33.76604461669922,-8.913671493530273
1626646839400,2021-07-18T22:22:44.791Z,2.694,26.325416564941406,50.534339904785156,-7.389281272888184
1626646839439,2021-07-18T22:22:44.793Z,2.733,12.605905532836914,-23.12419891357422,4.500962734222412
1626646839480,2021-07-18T22:22:44.795Z,2.774,19.801027297973633,6.205070972442627,-2.938061475753784
1626646839520,2021-07-18T22:22:44.807Z,2.814,18.64249038696289,-3.7949295043945312,-0.25513479113578796
1626646839559,2021-07-18T22:22:44.809Z,2.853,17.362001419067383,-9.526637077331543,4.744865417480469
1626646839599,2021-07-18T22:22:44.811Z,2.893,19.618099212646484,-7.087612628936768,3.159499406814575
1626646839639,2021-07-18T22:22:44.822Z,2.933,17.362001419067383,-22.758344650268555,10.598523139953613
1626646839678,2021-07-18T22:22:44.825Z,2.972,15.593710899353027,-10.136392593383789,15.232669830322266
1626646839719,2021-07-18T22:22:44.827Z,3.013,15.227856636047363,-3.307124614715576,11.635108947753906
1626646839759,2021-07-18T22:22:44.838Z,3.053,18.520538330078125,-10.624197959899902,6.391206741333008
1626646839798,2021-07-18T22:22:44.840Z,3.092,17.849807739257812,-14.89249038696289,5.293645858764648
1626646839838,2021-07-18T22:22:44.851Z,3.132,18.09370994567871,-4.282734394073486,2.67169451713562
1626646839879,2021-07-18T22:22:44.853Z,3.173,21.93517303466797,-1.2949293851852417,0.7204749584197998
1626646839917,2021-07-18T22:22:44.855Z,3.211,26.69127082824707,-2.6973683834075928,-3.486842155456543
1626646839958,2021-07-18T22:22:44.866Z,3.252,27.849807739257812,0.6562901139259338,-5.681963920593262
1626646839997,2021-07-18T22:22:44.869Z,3.291,23.703466415405273,-1.7827342748641968,-4.157573699951172
1626646840037,2021-07-18T22:22:44.871Z,3.331,17.849807739257812,3.2172658443450928,-2.0844030380249023
1626646840077,2021-07-18T22:22:44.882Z,3.371,12.483954429626465,-3.185173273086548,-0.31611040234565735
1626646840118,2021-07-18T22:22:44.883Z,3.412,9.130295753479004,3.0953145027160645,0.6594993472099304
1626646840156,2021-07-18T22:22:44.886Z,3.45,3.4595634937286377,4.00994873046875,1.1473042964935303
1626646840197,2021-07-18T22:22:44.897Z,3.491,0.6546854972839355,2.4245829582214355,1.0253530740737915
1626646840236,2021-07-18T22:22:44.899Z,3.53,3.581514835357666,4.070924282073975,0.9643774032592773
1626646840276,2021-07-18T22:22:44.902Z,3.57,1.9961488246917725,2.7904365062713623,0.47657254338264465
1626646840315,2021-07-18T22:22:44.913Z,3.609,-0.8087291717529297,3.2172658443450928,0.3546213209629059
1626646840355,2021-07-18T22:22:44.915Z,3.649,-2.75994873046875,5.473363399505615,-1.5965982675552368
1626646840396,2021-07-18T22:22:44.917Z,3.69,-1.9672657251358032,6.205070972442627,-3.120988368988037
1626646840435,2021-07-18T22:22:44.928Z,3.729,-2.3331193923950195,2.851412057876587,-4.4014763832092285
1626646840475,2021-07-18T22:22:44.943Z,3.769,-1.2355583906173706,0.47336331009864807,-4.706354141235352
1626646840515,2021-07-18T22:22:44.945Z,3.809,-2.089216947555542,0.47336331009864807,-3.791719913482666
1626646840554,2021-07-18T22:22:44.956Z,3.848,-2.394094944000244,0.16848523914813995,-2.511232376098633
1626646840594,2021-07-18T22:22:44.959Z,3.888,-3.4916560649871826,-0.19736842811107635,-2.0844030380249023
1626646840635,2021-07-18T22:22:44.961Z,3.929,-3.1867780685424805,0.04653402045369148,-1.7795251607894897
1626646840674,2021-07-18T22:22:44.973Z,3.968,-2.8209242820739746,-1.5998073816299438,-0.8648909330368042
1626646840714,2021-07-18T22:22:44.975Z,4.008,-4.162387371063232,0.9001925587654114,-1.474647045135498
1626646840753,2021-07-18T22:22:44.986Z,4.047,-4.528241157531738,0.5343388915061951,-2.0234274864196777
1626646840793,2021-07-18T22:22:44.988Z,4.087,-5.016046047210693,1.8758022785186768,-2.2673299312591553
1626646840834,2021-07-18T22:22:44.990Z,4.128,-4.467265605926514,4.00994873046875,-2.999037265777588
1626646840873,2021-07-18T22:22:45.001Z,4.167,-4.955070495605469,9.375802993774414,-3.608793258666992
1626646840913,2021-07-18T22:22:45.018Z,4.207,-5.686777591705322,9.863607406616211,-3.2429397106170654
1626646840953,2021-07-18T22:22:45.020Z,4.247,-5.686777591705322,8.278241157531738,-1.3526958227157593
1626646840992,2021-07-18T22:22:45.031Z,4.286,-5.80872917175293,4.680680274963379,0.41559693217277527
1626646841032,2021-07-18T22:22:45.033Z,4.326,-7.3331193923950195,0.9001925587654114,2.4277920722961426
1626646841073,2021-07-18T22:22:45.036Z,4.367,-13.18677806854248,-6.96566104888916,8.09852409362793
1626646841112,2021-07-18T22:22:45.047Z,4.406,-17.39409637451172,1.50994873046875,12.061938285827637
1626646841152,2021-07-18T22:22:45.049Z,4.446,-17.089218139648438,2.6075096130371094,12.244865417480469
1626646841191,2021-07-18T22:22:45.051Z,4.485,-16.357511520385742,-8.977856636047363,13.891206741333008
1626646841231,2021-07-18T22:22:45.078Z,4.525,-15.016046524047852,-9.58761215209961,14.500962257385254
1626646841272,2021-07-18T22:22:45.080Z,4.566,-9.83311939239502,5.7782416343688965,9.805840492248535
1626646841311,2021-07-18T22:22:45.091Z,4.605,-6.418485164642334,2.7294609546661377,6.330231189727783
1626646841351,2021-07-18T22:22:45.093Z,4.645,-4.6501922607421875,-6.4168806076049805,4.500962734222412
1626646841391,2021-07-18T22:22:45.096Z,4.685,-1.2355583906173706,0.7172656655311584,1.0863286256790161
1626646841430,2021-07-18T22:22:45.107Z,4.724,-0.01604621298611164,4.131899833679199,-0.7429397106170654
1626646841471,2021-07-18T22:22:45.109Z,4.765,1.1424903869628906,3.03433895111084,-2.0844030380249023
1626646841511,2021-07-18T22:22:45.111Z,4.805,2.24005126953125,5.53433895111084,-3.3648908138275146
1626646841550,2021-07-18T22:22:45.123Z,4.844,3.0327343940734863,7.119704723358154,-4.950256824493408
1626646841590,2021-07-18T22:22:45.125Z,4.884,4.801027297973633,5.351412296295166,-7.267330169677734
1626646841629,2021-07-18T22:22:45.127Z,4.923,5.227856636047363,2.9123878479003906,-7.206354141235352
1626646841669,2021-07-18T22:22:45.138Z,4.963,4.679076194763184,2.6075096130371094,-5.803915500640869
1626646841710,2021-07-18T22:22:45.141Z,5.004,2.1790757179260254,2.6075096130371094,-2.999037265777588
1626646841749,2021-07-18T22:22:45.152Z,5.043,1.325417160987854,3.644094944000244,-1.718549370765686
1626646841789,2021-07-18T22:22:45.167Z,5.083,1.0205391645431519,0.8392168879508972,-1.0478177070617676
1626646841829,2021-07-18T22:22:45.169Z,5.123,1.7522464990615845,1.50994873046875,-2.0844030380249023
1626646841868,2021-07-18T22:22:45.172Z,5.162,1.9961488246917725,-0.8681001663208008,-2.6941590309143066
1626646841909,2021-07-18T22:22:45.183Z,5.203,1.8741977214813232,0.7782413363456726,-3.1819639205932617
1626646841949,2021-07-18T22:22:45.185Z,5.243,1.325417160987854,0.8392168879508972,-2.999037265777588
1626646841988,2021-07-18T22:22:45.196Z,5.282,0.8376123309135437,-0.014441591687500477,-2.0844030380249023
1626646842028,2021-07-18T22:22:45.198Z,5.322,1.0205391645431519,0.4123876988887787,-1.5965982675552368
1626646842067,2021-07-18T22:22:45.200Z,5.361,0.7156611084938049,-0.5022464990615845,-0.986842155456543
1626646842107,2021-07-18T22:22:45.211Z,5.401,0.22785623371601105,0.22946085035800934,-0.4380616247653961
1626646842148,2021-07-18T22:22:45.214Z,5.442,-0.381899893283844,-0.6241977214813232,0.23267009854316711
1626646842187,2021-07-18T22:22:45.216Z,5.481,0.4717586636543274,0.7172656655311584,-0.1331835687160492
1626646842227,2021-07-18T22:22:45.227Z,5.521,0.410783052444458,-1.0510269403457642,-0.25513479113578796
1626646842267,2021-07-18T22:22:45.229Z,5.561,0.22785623371601105,-1.1120026111602783,0.11071887612342834
1626646842306,2021-07-18T22:22:45.232Z,5.6,-0.2599486708641052,-0.8681001663208008,0.17169448733329773
1626646842347,2021-07-18T22:22:45.272Z,5.641,-0.3209242820739746,-0.5632221102714539,0.04974326118826866
1626646842387,2021-07-18T22:22:45.275Z,5.681,-0.19897304475307465,-0.07541720569133759,0.11071887612342834
1626646842426,2021-07-18T22:22:45.286Z,5.72,0.16688062250614166,-0.6241977214813232,0.17169448733329773
1626646842466,2021-07-18T22:22:45.288Z,5.76,0.22785623371601105,-0.25834402441978455,0.3546213209629059
1626646842505,2021-07-18T22:22:45.290Z,5.799,-0.19897304475307465,-0.6241977214813232,0.23267009854316711
1626646842545,2021-07-18T22:22:45.303Z,5.839,-0.07702182233333588,-0.014441591687500477,-0.19415917992591858
1626646842586,2021-07-18T22:22:45.305Z,5.88,-0.3209242820739746,-0.13639281690120697,-0.19415917992591858
1626646842625,2021-07-18T22:22:45.307Z,5.919,-0.01604621298611164,-0.07541720569133759,0.11071887612342834
1626646842665,2021-07-18T22:22:45.333Z,5.959,-0.19897304475307465,-0.6241977214813232,0.903401792049408
1626646842705,2021-07-18T22:22:45.335Z,5.999,-0.07702182233333588,0.04653402045369148,0.6594993472099304
1626646842744,2021-07-18T22:22:45.346Z,6.038,0.044929396361112595,-0.6851733326911926,0.41559693217277527
1626646842785,2021-07-18T22:22:45.348Z,6.079,-0.19897304475307465,-0.4412708580493927,0.41559693217277527
1626646842825,2021-07-18T22:22:45.350Z,6.119,-0.6258023381233215,-0.19736842811107635,0.5375481247901917
1626646842864,2021-07-18T22:22:45.362Z,6.158,-0.4428755044937134,-0.07541720569133759,0.47657254338264465
1626646842904,2021-07-18T22:22:45.364Z,6.198,-0.2599486708641052,-0.5632221102714539,0.5375481247901917
1626646842943,2021-07-18T22:22:45.366Z,6.237,0.044929396361112595,0.5343388915061951,0.47657254338264465
1626646842984,2021-07-18T22:22:45.377Z,6.278,0.044929396361112595,-0.31931963562965393,0.5375481247901917
1626646843024,2021-07-18T22:22:45.380Z,6.318,0.10590501129627228,-0.31931963562965393,0.47657254338264465
1626646843063,2021-07-18T22:22:45.382Z,6.357,0.044929396361112595,0.2904364764690399,0.2936457097530365
1626646843103,2021-07-18T22:22:45.393Z,6.397,-0.01604621298611164,-0.014441591687500477,-0.011232349090278149
1626646843142,2021-07-18T22:22:45.395Z,6.436,-1.0526316165924072,0.2904364764690399,-0.37708601355552673
1626646843182,2021-07-18T22:22:45.406Z,6.476,-0.01604621298611164,0.961168110370636,-2.7551348209381104
1626646843223,2021-07-18T22:22:45.408Z,6.517,-1.5404365062713623,-3.185173273086548,3.5863287448883057
1626646843263,2021-07-18T22:22:45.410Z,6.557,-2.881899833679199,6.448973178863525,2.000962734222412
1626646843302,2021-07-18T22:22:45.422Z,6.596,0.16688062250614166,-0.5022464990615845,-1.2307446002960205
1626646843342,2021-07-18T22:22:45.424Z,6.636,2.3010270595550537,-3.9168806076049805,-1.718549370765686
1626646843381,2021-07-18T22:22:45.426Z,6.675,-0.4428755044937134,1.8148267269134521,0.3546213209629059
1626646843422,2021-07-18T22:22:45.437Z,6.716,-1.2355583906173706,1.692875623703003,1.0253530740737915
1626646843462,2021-07-18T22:22:45.440Z,6.756,0.8985879421234131,-1.0510269403457642,-0.4990372359752655
1626646843491,2021-07-18T22:22:45.442Z,6.785,1.4473683834075928,-1.8437098264694214,-0.986842155456543
1626646843531,2021-07-18T22:22:45.453Z,6.825,-0.07702182233333588,0.47336331009864807,-0.25513479113578796
1626646843572,2021-07-18T22:22:45.455Z,6.866,-0.9916560053825378,1.0831193923950195,0.04974326118826866
1626646843611,2021-07-18T22:22:45.457Z,6.905,-0.07702182233333588,0.10750962793827057,-0.25513479113578796
1626646843651,2021-07-18T22:22:45.468Z,6.945,0.4717586636543274,-0.746148943901062,-0.19415917992591858
1626646843690,2021-07-18T22:22:45.470Z,6.984,-0.01604621298611164,-0.014441591687500477,0.23267009854316711
1626646843730,2021-07-18T22:22:45.481Z,7.024,-0.19897304475307465,0.16848523914813995,0.17169448733329773
1626646843769,2021-07-18T22:22:45.496Z,7.063,-0.13799743354320526,-0.07541720569133759,-0.1331835687160492
1626646843810,2021-07-18T22:22:45.498Z,7.104,-0.19897304475307465,-0.07541720569133759,-0.011232349090278149
1626646843850,2021-07-18T22:22:45.500Z,7.144,-0.13799743354320526,-0.13639281690120697,0.17169448733329773
1626646843890,2021-07-18T22:22:45.512Z,7.184,0.10590501129627228,-0.4412708580493927,0.04974326118826866
1626646843929,2021-07-18T22:22:45.515Z,7.223,0.044929396361112595,0.04653402045369148,0.04974326118826866
1626646843969,2021-07-18T22:22:45.526Z,7.263,-0.07702182233333588,0.04653402045369148,0.11071887612342834
1626646844010,2021-07-18T22:22:45.528Z,7.304,-0.19897304475307465,-0.13639281690120697,0.04974326118826866
1626646844049,2021-07-18T22:22:45.530Z,7.343,-0.07702182233333588,0.16848523914813995,0.04974326118826866
1626646844089,2021-07-18T22:22:45.542Z,7.383,0.16688062250614166,-0.07541720569133759,-0.07220795750617981
1626646844128,2021-07-18T22:22:45.544Z,7.422,0.044929396361112595,-0.07541720569133759,-0.07220795750617981
1626646844168,2021-07-18T22:22:45.546Z,7.462,-0.13799743354320526,0.04653402045369148,-0.011232349090278149
1626646844207,2021-07-18T22:22:45.557Z,7.501,0.044929396361112595,0.2904364764690399,-0.07220795750617981
1626646844248,2021-07-18T22:22:45.560Z,7.542,0.10590501129627228,-0.19736842811107635,-0.07220795750617981
1626646844288,2021-07-18T22:22:45.562Z,7.582,-0.07702182233333588,-0.13639281690120697,0.17169448733329773
1626646844328,2021-07-18T22:22:45.573Z,7.622,0.044929396361112595,0.04653402045369148,0.04974326118826866
1626646844367,2021-07-18T22:22:45.575Z,7.661,0.10590501129627228,-0.25834402441978455,-0.07220795750617981
1626646844407,2021-07-18T22:22:45.586Z,7.701,-0.01604621298611164,0.04653402045369148,-0.011232349090278149
1626646844448,2021-07-18T22:22:45.588Z,7.742,-0.13799743354320526,-0.13639281690120697,-0.011232349090278149
1626646844487,2021-07-18T22:22:45.590Z,7.781,0.044929396361112595,-0.13639281690120697,-0.011232349090278149
1626646844527,2021-07-18T22:22:45.601Z,7.821,-0.13799743354320526,-0.3802952468395233,0.04974326118826866
1626646844566,2021-07-18T22:22:45.604Z,7.86,0.044929396361112595,0.22946085035800934,-0.1331835687160492
1626646844606,2021-07-18T22:22:45.633Z,7.9,-0.07702182233333588,-0.5632221102714539,0.17169448733329773
1626646844645,2021-07-18T22:22:45.635Z,7.939,-0.13799743354320526,-0.014441591687500477,0.2936457097530365
1626646844686,2021-07-18T22:22:45.646Z,7.98,-0.01604621298611164,0.10750962793827057,0.11071887612342834
1626646844726,2021-07-18T22:22:45.649Z,8.02,0.044929396361112595,-0.014441591687500477,0.04974326118826866
1626646844766,2021-07-18T22:22:45.651Z,8.06,-0.2599486708641052,0.22946085035800934,0.04974326118826866
1626646844805,2021-07-18T22:22:45.662Z,8.099,0.16688062250614166,-0.07541720569133759,-0.011232349090278149
1626646844845,2021-07-18T22:22:45.664Z,8.139,0.044929396361112595,-0.25834402441978455,-0.011232349090278149
1626646844886,2021-07-18T22:22:45.667Z,8.18,-0.01604621298611164,0.16848523914813995,0.04974326118826866
1626646844925,2021-07-18T22:22:45.678Z,8.219,-0.07702182233333588,0.4123876988887787,0.04974326118826866
1626646844965,2021-07-18T22:22:45.680Z,8.259,0.10590501129627228,-0.19736842811107635,-0.011232349090278149
1626646845004,2021-07-18T22:22:45.682Z,8.298,-0.01604621298611164,0.16848523914813995,0.04974326118826866
1626646845044,2021-07-18T22:22:45.693Z,8.338,-0.07702182233333588,-0.19736842811107635,-0.07220795750617981
1626646845085,2021-07-18T22:22:45.706Z,8.379,-0.13799743354320526,-0.19736842811107635,-0.19415917992591858
1626646845124,2021-07-18T22:22:45.708Z,8.418,-0.07702182233333588,0.10750962793827057,-0.25513479113578796
1626646845164,2021-07-18T22:22:45.723Z,8.458,0.044929396361112595,-0.25834402441978455,-0.19415917992591858
1626646845204,2021-07-18T22:22:45.725Z,8.498,0.10590501129627228,-0.13639281690120697,-0.19415917992591858
1626646845243,2021-07-18T22:22:45.736Z,8.537,0.10590501129627228,0.04653402045369148,-0.1331835687160492
1626646845283,2021-07-18T22:22:45.738Z,8.577,-0.01604621298611164,-0.3802952468395233,-0.1331835687160492
1626646845324,2021-07-18T22:22:45.741Z,8.618,-0.13799743354320526,-0.19736842811107635,0.11071887612342834
1626646845363,2021-07-18T22:22:45.752Z,8.657,-0.381899893283844,0.22946085035800934,0.23267009854316711
1626646845403,2021-07-18T22:22:45.754Z,8.697,0.044929396361112595,0.16848523914813995,0.17169448733329773
1626646845442,2021-07-18T22:22:45.756Z,8.736,0.044929396361112595,-0.19736842811107635,0.23267009854316711
1626646845482,2021-07-18T22:22:45.798Z,8.776,-0.01604621298611164,-0.014441591687500477,0.3546213209629059
1626646845521,2021-07-18T22:22:45.800Z,8.815,-0.07702182233333588,0.10750962793827057,0.17169448733329773
1626646845562,2021-07-18T22:22:45.812Z,8.856,0.10590501129627228,0.16848523914813995,0.04974326118826866
1626646845602,2021-07-18T22:22:45.814Z,8.896,-0.01604621298611164,-0.014441591687500477,0.17169448733329773
1626646845642,2021-07-18T22:22:45.816Z,8.936,-0.01604621298611164,-0.31931963562965393,0.04974326118826866
1626646845681,2021-07-18T22:22:45.827Z,8.975,-0.13799743354320526,-0.014441591687500477,0.04974326118826866
1626646845721,2021-07-18T22:22:45.830Z,9.015,0.044929396361112595,-0.014441591687500477,-0.1331835687160492
1626646845762,2021-07-18T22:22:45.832Z,9.056,-0.19897304475307465,0.04653402045369148,-0.07220795750617981
1626646845801,2021-07-18T22:22:45.843Z,9.095,-0.13799743354320526,-0.07541720569133759,0.04974326118826866
1626646845841,2021-07-18T22:22:45.845Z,9.135,0.044929396361112595,0.16848523914813995,0.11071887612342834
1626646845880,2021-07-18T22:22:45.857Z,9.174,0.044929396361112595,-0.014441591687500477,-0.1331835687160492
1626646845920,2021-07-18T22:22:45.859Z,9.214,-0.13799743354320526,-0.3802952468395233,0.04974326118826866
1626646845959,2021-07-18T22:22:45.861Z,9.253,0.044929396361112595,0.10750962793827057,0.04974326118826866
1626646846000,2021-07-18T22:22:45.887Z,9.294,0.22785623371601105,-0.07541720569133759,-0.07220795750617981
1626646846040,2021-07-18T22:22:45.890Z,9.334,-0.01604621298611164,-0.07541720569133759,0.04974326118826866
1626646846080,2021-07-18T22:22:45.892Z,9.374,-0.07702182233333588,0.10750962793827057,-0.011232349090278149
1626646846119,2021-07-18T22:22:45.903Z,9.413,0.044929396361112595,-0.07541720569133759,-0.19415917992591858
1626646846159,2021-07-18T22:22:45.905Z,9.453,0.10590501129627228,0.04653402045369148,-0.25513479113578796
1626646846200,2021-07-18T22:22:45.916Z,9.494,-0.01604621298611164,0.10750962793827057,-0.011232349090278149
1626646846239,2021-07-18T22:22:45.918Z,9.533,0.10590501129627228,0.04653402045369148,0.11071887612342834
1626646846279,2021-07-18T22:22:45.921Z,9.573,0.16688062250614166,0.04653402045369148,-0.011232349090278149
1626646846318,2021-07-18T22:22:45.931Z,9.612,0.16688062250614166,-0.25834402441978455,0.17169448733329773
1626646846358,2021-07-18T22:22:45.934Z,9.652,-0.19897304475307465,-0.014441591687500477,0.17169448733329773
1626646846399,2021-07-18T22:22:45.936Z,9.693,-0.01604621298611164,0.16848523914813995,-0.1331835687160492
1626646846438,2021-07-18T22:22:45.947Z,9.732,0.22785623371601105,0.10750962793827057,-0.31611040234565735
1626646846478,2021-07-18T22:22:45.949Z,9.772,0.044929396361112595,1.4489730596542358,-0.25513479113578796
1626646846517,2021-07-18T22:22:45.952Z,9.811,-0.19897304475307465,1.327021837234497,0.04974326118826866
1626646846557,2021-07-18T22:22:45.963Z,9.851,0.10590501129627228,0.7782413363456726,-0.19415917992591858
1626646846597,2021-07-18T22:22:45.965Z,9.891,0.10590501129627228,1.022143840789795,-0.25513479113578796
1626646846638,2021-07-18T22:22:45.967Z,9.932,-0.01604621298611164,0.7782413363456726,-0.07220795750617981
1626646846677,2021-07-18T22:22:45.978Z,9.971,-1.2355583906173706,-0.014441591687500477,0.9643774032592773
1626646846717,2021-07-18T22:22:45.980Z,10.011,-5.381899833679199,-0.13639281690120697,3.220475196838379
1626646846756,2021-07-18T22:22:45.992Z,10.05,-9.345314025878906,8.644095420837402,3.159499406814575
1626646846796,2021-07-18T22:22:45.995Z,10.09,-13.18677806854248,20.168485641479492,0.903401792049408
1626646846837,2021-07-18T22:22:45.997Z,10.131,-15.198972702026367,26.570924758911133,-1.6575738191604614
1626646846876,2021-07-18T22:22:46.008Z,10.17,-16.29653549194336,26.75385093688965,-7.389281272888184
1626646846916,2021-07-18T22:22:46.010Z,10.21,-18.06482696533203,-10.929076194763184,-7.328305721282959
1626646846955,2021-07-18T22:22:46.021Z,10.249,-17.820924758911133,-55.685176849365234,25.659500122070312
1626646846995,2021-07-18T22:22:46.023Z,10.289,-9.894095420837402,-17.57541847229004,73.4643783569336
1626646847035,2021-07-18T22:22:46.025Z,10.329,-4.711167812347412,-35.014442443847656,123.64730834960938
1626646847076,2021-07-18T22:22:46.036Z,10.37,27.24005126953125,-9.404685974121094,156.0253448486328
1626646847115,2021-07-18T22:22:46.051Z,10.409,70.59371185302734,5.351412296295166,187.48876953125
1626646847155,2021-07-18T22:22:46.053Z,10.449,102.30103302001953,20.41238784790039,193.76925659179688
1626646847194,2021-07-18T22:22:46.055Z,10.488,112.66688537597656,-28.002246856689453,192.6107177734375
1626646847234,2021-07-18T22:22:46.067Z,10.528,99.55712890625,-32.69737243652344,168.46437072753906
1626646847275,2021-07-18T22:22:46.070Z,10.569,62.91078567504883,-42.453468322753906,108.8912124633789
1626646847314,2021-07-18T22:22:46.081Z,10.608,1.6912708282470703,-30.197368621826172,38.03754806518555
1626646847354,2021-07-18T22:22:46.083Z,10.648,-37.45507049560547,-10.258344650268555,-4.4014763832092285
1626646847393,2021-07-18T22:22:46.085Z,10.687,-1.1136071681976318,-2.8802952766418457,3.7692556381225586
1626646847433,2021-07-18T22:22:46.097Z,10.727,-0.6867779493331909,-10.624197959899902,-1.2307446002960205
1626646847473,2021-07-18T22:22:46.099Z,10.767,-5.442875385284424,-31.29492950439453,-0.986842155456543
1626646847514,2021-07-18T22:22:46.101Z,10.808,-10.1379976272583,-49.892494201660156,4.805840969085693
1626646847553,2021-07-18T22:22:46.112Z,10.847,-19.406291961669922,-41.66078567504883,6.147304534912109
1626646847593,2021-07-18T22:22:46.115Z,10.887,-26.418485641479492,-50.746150970458984,10.842426300048828
1626646847632,2021-07-18T22:22:46.117Z,10.926,-24.89409637451172,-25.319320678710938,4.866816520690918
1626646847672,2021-07-18T22:22:46.128Z,10.966,-19.284339904785156,-16.112003326416016,-1.2307446002960205
1626646847713,2021-07-18T22:22:46.130Z,11.007,-20.808731079101562,-15.44127082824707,-3.120988368988037
1626646847752,2021-07-18T22:22:46.141Z,11.046,-26.29653549194336,-4.282734394073486,-9.401476860046387
1626646847792,2021-07-18T22:22:46.143Z,11.086,-24.89409637451172,-4.587612152099609,-11.352696418762207
1626646847831,2021-07-18T22:22:46.145Z,11.125,-14.955070495605469,13.948973655700684,-7.450256824493408
1626646847871,2021-07-18T22:22:46.156Z,11.165,18.33761215209961,46.692874908447266,-5.194159030914307
1626646847912,2021-07-18T22:22:46.159Z,11.206,13.703466415405273,20.046533584594727,-5.377086162567139
1626646847952,2021-07-18T22:22:46.187Z,11.246,0.22785623371601105,30.90019416809082,3.525353193283081
1626646847991,2021-07-18T22:22:46.189Z,11.285,-13.369705200195312,50.16848373413086,17.00096321105957
1626646848031,2021-07-18T22:22:46.191Z,11.325,-9.16238784790039,84.9245834350586,22.48876953125
1626646848070,2021-07-18T22:22:46.203Z,11.364,-2.455070734024048,40.90019226074219,42.06193923950195
1626646848110,2021-07-18T22:22:46.205Z,11.404,-3.1258022785186768,-4.526636600494385,50.04974365234375
1626646848151,2021-07-18T22:22:46.207Z,11.445,0.9595634937286377,-11.477856636047363,37.54974365234375
1626646848190,2021-07-18T22:22:46.218Z,11.484,-3.8575096130371094,-20.62419891357422,20.59852409362793
1626646848230,2021-07-18T22:22:46.220Z,11.524,1.1424903869628906,-5.5632219314575195,4.379011631011963
1626646848269,2021-07-18T22:22:46.231Z,11.563,10.959564208984375,-4.587612152099609,-8.303915977478027
1626646848309,2021-07-18T22:22:46.233Z,11.603,-20.808731079101562,-45.990055084228516,-19.279525756835938
1626646848350,2021-07-18T22:22:46.236Z,11.644,-22.9428768157959,-55.25834655761719,-31.169769287109375
1626646848379,2021-07-18T22:22:46.247Z,11.673,-30.869707107543945,-68.551025390625,-40.56001281738281
1626646848419,2021-07-18T22:22:46.249Z,11.713,-23.613609313964844,-19.465662002563477,-48.364891052246094
1626646848460,2021-07-18T22:22:46.263Z,11.754,-13.796534538269043,-8.6120023727417,-42.0234260559082
1626646848499,2021-07-18T22:22:46.277Z,11.793,-14.223362922668457,-4.221758842468262,-36.84049987792969
1626646848539,2021-07-18T22:22:46.280Z,11.833,-16.60141372680664,5.351412296295166,-45.98684310913086
1626646848579,2021-07-18T22:22:46.307Z,11.873,-23.857511520385742,-5.2583441734313965,-51.474647521972656
1626646848618,2021-07-18T22:22:46.309Z,11.912,-21.05263328552246,1.9367780685424805,-45.62099075317383
1626646848658,2021-07-18T22:22:46.312Z,11.952,3.764441728591919,23.76604652404785,-13.242939949035645
1626646848699,2021-07-18T22:22:46.323Z,11.993,13.093709945678711,-3.0632221698760986,12.244865417480469
1626646848738,2021-07-18T22:22:46.326Z,12.032,4.0083441734313965,-5.624197959899902,7.00096321105957
1626646848778,2021-07-18T22:22:46.336Z,12.072,9.008344650268555,-3.002246379852295,2.3058409690856934
1626646848817,2021-07-18T22:22:46.338Z,12.111,10.654685974121094,-0.6241977214813232,2.3058409690856934
1626646848857,2021-07-18T22:22:46.341Z,12.151,3.5205392837524414,-1.172978162765503,3.7692556381225586
1626646848896,2021-07-18T22:22:46.352Z,12.19,0.3498074412345886,-6.051026821136475,5.171694755554199
1626646848937,2021-07-18T22:22:46.354Z,12.231,0.6546854972839355,-5.5632219314575195,6.818036079406738
1626646848977,2021-07-18T22:22:46.356Z,12.271,-0.19897304475307465,-2.0876123905181885,10.598523139953613
1626646849017,2021-07-18T22:22:46.367Z,12.311,3.886392831802368,9.924583435058594,13.64730453491211
1626646849056,2021-07-18T22:22:46.370Z,12.35,3.4595634937286377,7.48555850982666,6.818036079406738
1626646849097,2021-07-18T22:22:46.372Z,12.391,0.10590501129627228,-2.2705392837524414,-0.07220795750617981
1626646849137,2021-07-18T22:22:46.383Z,12.431,4.313222408294678,4.9245829582214355,-2.999037265777588
1626646849176,2021-07-18T22:22:46.385Z,12.47,7.666881084442139,9.375802993774414,-3.974647045135498
1626646849216,2021-07-18T22:22:46.396Z,12.51,3.398587942123413,1.022143840789795,-2.999037265777588
1626646849255,2021-07-18T22:22:46.398Z,12.549,0.10590501129627228,-0.31931963562965393,-1.474647045135498
1626646849295,2021-07-18T22:22:46.400Z,12.589,-1.0526316165924072,0.47336331009864807,0.11071887612342834
1626646849336,2021-07-18T22:22:46.412Z,12.63,-1.7843389511108398,-0.19736842811107635,2.4887678623199463
1626646849375,2021-07-18T22:22:46.415Z,12.669,-4.467265605926514,-13.429076194763184,6.086328983306885
1626646849415,2021-07-18T22:22:46.417Z,12.709,-0.07702182233333588,-4.831514835357666,15.110718727111816
1626646849455,2021-07-18T22:22:46.443Z,12.749,11.081515312194824,12.91238784790039,24.50096321105957
1626646849494,2021-07-18T22:22:46.445Z,12.788,13.276637077331543,18.217266082763672,20.842426300048828
1626646849534,2021-07-18T22:22:46.456Z,12.828,5.654685974121094,4.497753620147705,12.183889389038086
1626646849575,2021-07-18T22:22:46.458Z,12.869,0.5327342748641968,-4.892490386962891,0.5375481247901917
1626646849614,2021-07-18T22:22:46.460Z,12.908,6.752246856689453,9.802631378173828,1.2082798480987549
1626646849654,2021-07-18T22:22:46.471Z,12.948,5.410783290863037,8.278241157531738,-2.633183479309082
1626646849693,2021-07-18T22:22:46.474Z,12.987,1.6302952766418457,-2.148587942123413,-1.6575738191604614
1626646849734,2021-07-18T22:22:46.476Z,13.028,-0.8697047829627991,-4.953465938568115,1.3912066221237183
1626646849772,2021-07-18T22:22:46.487Z,13.066,-3.1258022785186768,-3.2461488246917725,2.6107189655303955
1626646849813,2021-07-18T22:22:46.489Z,13.107,-2.6989731788635254,-5.807124614715576,7.488768100738525
1626646849853,2021-07-18T22:22:46.492Z,13.147,-1.4794608354568481,-11.172978401184082,14.500962257385254
1626646849892,2021-07-18T22:22:46.503Z,13.186,6.081515312194824,4.192875385284424,14.318036079406738
1626646849932,2021-07-18T22:22:46.504Z,13.226,6.081515312194824,9.802631378173828,4.744865417480469
1626646849972,2021-07-18T22:22:46.506Z,13.266,2.4839537143707275,1.8758022785186768,-2.8770859241485596
1626646850013,2021-07-18T22:22:46.518Z,13.307,3.276636838912964,3.7050704956054688,-1.3526958227157593
1626646850052,2021-07-18T22:22:46.520Z,13.346,2.910783052444458,4.9245829582214355,-0.6819640398025513
1626646850092,2021-07-18T22:22:46.522Z,13.386,1.2034659385681152,1.327021837234497,-0.25513479113578796
1626646850131,2021-07-18T22:22:46.533Z,13.425,1.1424903869628906,0.4123876988887787,-0.5600128769874573
1626646850171,2021-07-18T22:22:46.535Z,13.465,0.7156611084938049,1.2660462856292725,-0.4380616247653961
1626646850210,2021-07-18T22:22:46.546Z,13.504,0.8985879421234131,-0.25834402441978455,0.04974326118826866
1626646850251,2021-07-18T22:22:46.548Z,13.545,1.325417160987854,-0.6851733326911926,0.11071887612342834
1626646850291,2021-07-18T22:22:46.551Z,13.585,1.9351732730865479,0.04653402045369148,-0.07220795750617981
1626646850330,2021-07-18T22:22:46.562Z,13.624,2.118100166320801,0.4123876988887787,-0.1331835687160492
1626646850370,2021-07-18T22:22:46.564Z,13.664,1.4473683834075928,-0.07541720569133759,-0.011232349090278149
1626646850410,2021-07-18T22:22:46.566Z,13.704,0.5937098860740662,0.04653402045369148,-0.19415917992591858
1626646850451,2021-07-18T22:22:46.578Z,13.745,0.4717586636543274,0.16848523914813995,-0.07220795750617981
1626646850490,2021-07-18T22:22:46.580Z,13.784,0.4717586636543274,-0.13639281690120697,-0.1331835687160492
1626646850530,2021-07-18T22:22:46.582Z,13.824,0.7766367197036743,0.2904364764690399,-0.19415917992591858
1626646850569,2021-07-18T22:22:46.593Z,13.863,0.5327342748641968,0.3514120876789093,-0.25513479113578796
1626646850609,2021-07-18T22:22:46.608Z,13.903,0.3498074412345886,0.04653402045369148,-0.1331835687160492
1626646850650,2021-07-18T22:22:46.610Z,13.944,0.28883183002471924,-0.25834402441978455,-0.07220795750617981
1626646850689,2021-07-18T22:22:46.621Z,13.983,0.410783052444458,-0.19736842811107635,-0.011232349090278149
1626646850729,2021-07-18T22:22:46.623Z,14.023,0.5937098860740662,0.10750962793827057,0.11071887612342834
1626646850768,2021-07-18T22:22:46.626Z,14.062,0.22785623371601105,-0.014441591687500477,-0.1331835687160492
1626646850808,2021-07-18T22:22:46.638Z,14.102,0.22785623371601105,0.04653402045369148,-0.1331835687160492
1626646850848,2021-07-18T22:22:46.640Z,14.142,0.16688062250614166,-0.014441591687500477,-0.19415917992591858
1626646850889,2021-07-18T22:22:46.642Z,14.183,-0.07702182233333588,-0.014441591687500477,-0.1331835687160492
1626646850928,2021-07-18T22:22:46.653Z,14.222,-0.07702182233333588,-0.25834402441978455,-0.07220795750617981
1626646850968,2021-07-18T22:22:46.655Z,14.262,0.22785623371601105,0.2904364764690399,-0.011232349090278149
1626646851007,2021-07-18T22:22:46.666Z,14.301,0.28883183002471924,-0.07541720569133759,0.11071887612342834
1626646851047,2021-07-18T22:22:46.668Z,14.341,0.28883183002471924,-0.19736842811107635,-0.07220795750617981
1626646851088,2021-07-18T22:22:46.671Z,14.382,0.16688062250614166,-0.014441591687500477,-0.25513479113578796
1626646851127,2021-07-18T22:22:46.682Z,14.421,0.044929396361112595,-0.25834402441978455,-0.1331835687160492
1626646851167,2021-07-18T22:22:46.684Z,14.461,0.16688062250614166,-0.07541720569133759,-0.1331835687160492
1626646851206,2021-07-18T22:22:46.686Z,14.5,0.044929396361112595,-0.07541720569133759,-0.19415917992591858
1626646851246,2021-07-18T22:22:46.698Z,14.54,0.044929396361112595,-0.13639281690120697,-0.19415917992591858
1626646851287,2021-07-18T22:22:46.700Z,14.581,-0.01604621298611164,-0.19736842811107635,-0.19415917992591858
1626646851327,2021-07-18T22:22:46.702Z,14.621,-0.01604621298611164,0.10750962793827057,-0.011232349090278149
1626646851366,2021-07-18T22:22:46.713Z,14.66,0.044929396361112595,-0.13639281690120697,-0.1331835687160492
1626646851406,2021-07-18T22:22:46.742Z,14.7,0.10590501129627228,-0.014441591687500477,-0.011232349090278149
1626646851445,2021-07-18T22:22:46.744Z,14.739,0.22785623371601105,0.16848523914813995,0.11071887612342834
1626646851485,2021-07-18T22:22:46.746Z,14.779,0.16688062250614166,-0.07541720569133759,0.04974326118826866
1626646851526,2021-07-18T22:22:46.757Z,14.82,-0.01604621298611164,-0.014441591687500477,-0.1331835687160492
1626646851565,2021-07-18T22:22:46.760Z,14.859,-0.07702182233333588,-0.19736842811107635,-0.011232349090278149
1626646851605,2021-07-18T22:22:46.762Z,14.899,0.10590501129627228,-0.07541720569133759,-0.07220795750617981
1626646851644,2021-07-18T22:22:46.773Z,14.938,0.22785623371601105,0.10750962793827057,-0.19415917992591858
1626646851684,2021-07-18T22:22:46.775Z,14.978,-0.07702182233333588,-0.19736842811107635,-0.1331835687160492
1626646851725,2021-07-18T22:22:46.803Z,15.019,-0.01604621298611164,-0.19736842811107635,-0.07220795750617981
1626646851765,2021-07-18T22:22:46.816Z,15.059,-0.01604621298611164,0.04653402045369148,-0.1331835687160492
1626646851804,2021-07-18T22:22:46.831Z,15.098,0.044929396361112595,0.04653402045369148,-0.1331835687160492
1626646851844,2021-07-18T22:22:46.833Z,15.138,-0.01604621298611164,-0.13639281690120697,-0.07220795750617981
1626646851883,2021-07-18T22:22:46.835Z,15.177,0.044929396361112595,-0.07541720569133759,0.04974326118826866
1626646851924,2021-07-18T22:22:46.847Z,15.218,0.16688062250614166,0.10750962793827057,-0.011232349090278149
1626646851964,2021-07-18T22:22:46.849Z,15.258,0.044929396361112595,0.04653402045369148,-0.1331835687160492
1626646852003,2021-07-18T22:22:46.851Z,15.297,-0.01604621298611164,0.04653402045369148,-0.07220795750617981
1626646852043,2021-07-18T22:22:46.862Z,15.337,0.044929396361112595,-0.07541720569133759,-0.011232349090278149
1626646852082,2021-07-18T22:22:46.865Z,15.376,0.10590501129627228,0.10750962793827057,-0.011232349090278149
1626646852122,2021-07-18T22:22:46.867Z,15.416,0.044929396361112595,-0.014441591687500477,-0.07220795750617981
1626646852163,2021-07-18T22:22:46.878Z,15.457,-0.07702182233333588,-0.014441591687500477,0.04974326118826866
1626646852203,2021-07-18T22:22:46.880Z,15.497,-0.01604621298611164,-0.014441591687500477,-0.011232349090278149
1626646852242,2021-07-18T22:22:46.891Z,15.536,-0.07702182233333588,-0.014441591687500477,-0.1331835687160492
1626646852282,2021-07-18T22:22:46.893Z,15.576,0.044929396361112595,0.10750962793827057,-0.07220795750617981
1626646852321,2021-07-18T22:22:46.895Z,15.615,0.044929396361112595,-0.31931963562965393,-0.011232349090278149
1626646852362,2021-07-18T22:22:46.906Z,15.656,0.044929396361112595,0.10750962793827057,-0.1331835687160492
1626646852402,2021-07-18T22:22:46.909Z,15.696,-0.13799743354320526,-0.19736842811107635,-0.1331835687160492
1626646852441,2021-07-18T22:22:46.911Z,15.735,-0.19897304475307465,-0.014441591687500477,-0.07220795750617981
1626646852481,2021-07-18T22:22:46.922Z,15.775,-0.2599486708641052,-0.13639281690120697,0.04974326118826866
1626646852520,2021-07-18T22:22:46.924Z,15.814,0.044929396361112595,-0.07541720569133759,-0.07220795750617981
1626646852560,2021-07-18T22:22:46.927Z,15.854,0.044929396361112595,0.16848523914813995,-0.1331835687160492
1626646852601,2021-07-18T22:22:46.938Z,15.895,0.044929396361112595,-0.19736842811107635,-0.011232349090278149
1626646852641,2021-07-18T22:22:46.940Z,15.935,0.22785623371601105,0.16848523914813995,0.2936457097530365
1626646852680,2021-07-18T22:22:46.942Z,15.974,0.22785623371601105,-0.014441591687500477,0.11071887612342834
1626646852720,2021-07-18T22:22:46.953Z,16.014,0.22785623371601105,0.4123876988887787,-0.011232349090278149
1626646852759,2021-07-18T22:22:46.955Z,16.053,-0.01604621298611164,-0.014441591687500477,0.04974326118826866
1626646852800,2021-07-18T22:22:46.967Z,16.094,-0.01604621298611164,-0.31931963562965393,-0.07220795750617981
1626646852840,2021-07-18T22:22:46.969Z,16.134,-0.01604621298611164,-0.014441591687500477,-0.31611040234565735
1626646852879,2021-07-18T22:22:46.972Z,16.173,-0.07702182233333588,-0.31931963562965393,-0.31611040234565735
1626646852919,2021-07-18T22:22:46.998Z,16.213,-0.01604621298611164,0.04653402045369148,-0.1331835687160492
1626646852958,2021-07-18T22:22:47.000Z,16.252,-0.07702182233333588,-0.014441591687500477,-0.07220795750617981
1626646852999,2021-07-18T22:22:47.002Z,16.293,0.28883183002471924,0.22946085035800934,0.04974326118826866
1626646853039,2021-07-18T22:22:47.013Z,16.333,0.3498074412345886,-0.25834402441978455,-0.1331835687160492
1626646853079,2021-07-18T22:22:47.015Z,16.373,0.7766367197036743,-0.25834402441978455,-0.4990372359752655
1626646853118,2021-07-18T22:22:47.026Z,16.412,0.9595634937286377,-0.3802952468395233,-0.37708601355552673
1626646853158,2021-07-18T22:22:47.028Z,16.452,0.8376123309135437,-0.3802952468395233,-0.31611040234565735
1626646853197,2021-07-18T22:22:47.031Z,16.491,0.4717586636543274,0.16848523914813995,0.04974326118826866
1626646853238,2021-07-18T22:22:47.042Z,16.532,0.28883183002471924,-0.19736842811107635,0.2936457097530365
1626646853278,2021-07-18T22:22:47.044Z,16.572,0.28883183002471924,-0.19736842811107635,0.11071887612342834
1626646853317,2021-07-18T22:22:47.046Z,16.611,0.28883183002471924,-0.07541720569133759,-0.07220795750617981
1626646853357,2021-07-18T22:22:47.058Z,16.651,0.044929396361112595,-0.9290757775306702,-0.07220795750617981
1626646853396,2021-07-18T22:22:47.060Z,16.69,0.410783052444458,0.04653402045369148,0.04974326118826866
1626646853437,2021-07-18T22:22:47.062Z,16.731,1.0205391645431519,-1.2949293851852417,-0.37708601355552673
1626646853477,2021-07-18T22:22:47.073Z,16.771,1.6302952766418457,-3.9168806076049805,1.0863286256790161
1626646853506,2021-07-18T22:22:47.075Z,16.8,1.2644416093826294,-3.307124614715576,3.037548303604126
1626646853546,2021-07-18T22:22:47.077Z,16.84,3.0327343940734863,-0.5632221102714539,5.537548542022705
1626646853587,2021-07-18T22:22:47.088Z,16.881,4.374197959899902,3.7660465240478516,9.379011154174805
1626646853626,2021-07-18T22:22:47.090Z,16.92,5.105905532836914,5.900192737579346,16.025354385375977
1626646853666,2021-07-18T22:22:47.102Z,16.96,5.288832187652588,6.50994873046875,21.269256591796875
1626646853705,2021-07-18T22:22:47.104Z,16.999,3.581514835357666,7.05872917175293,19.622915267944336
1626646853747,2021-07-18T22:22:47.106Z,17.041,1.6302952766418457,2.9733633995056152,13.769255638122559
1626646853785,2021-07-18T22:22:47.118Z,17.079,-1.2965340614318848,0.9001925587654114,4.379011631011963
1626646853826,2021-07-18T22:22:47.120Z,17.12,-1.601412057876587,2.851412057876587,1.3302310705184937
1626646853865,2021-07-18T22:22:47.122Z,17.159,-1.2965340614318848,2.7294609546661377,-0.986842155456543
1626646853905,2021-07-18T22:22:47.133Z,17.199,0.4717586636543274,3.03433895111084,0.8424261808395386
1626646853944,2021-07-18T22:22:47.135Z,17.238,-0.4428755044937134,0.16848523914813995,0.23267009854316711
1626646853984,2021-07-18T22:22:47.146Z,17.278,-0.13799743354320526,-0.6241977214813232,0.3546213209629059
1626646854025,2021-07-18T22:22:47.148Z,17.319,-0.01604621298611164,0.7782413363456726,-0.5600128769874573
1626646854064,2021-07-18T22:22:47.163Z,17.358,-0.2599486708641052,-0.746148943901062,-0.25513479113578796
1626646854104,2021-07-18T22:22:47.165Z,17.398,-0.5648267269134521,-0.6241977214813232,-0.19415917992591858
1626646854143,2021-07-18T22:22:47.177Z,17.437,-0.3209242820739746,0.10750962793827057,-0.19415917992591858
1626646854183,2021-07-18T22:22:47.179Z,17.477,-0.381899893283844,-0.19736842811107635,-0.19415917992591858
1626646854224,2021-07-18T22:22:47.181Z,17.518,-0.381899893283844,0.10750962793827057,-0.37708601355552673
1626646854264,2021-07-18T22:22:47.193Z,17.558,-0.19897304475307465,0.2904364764690399,-0.19415917992591858
1626646854303,2021-07-18T22:22:47.195Z,17.597,-0.5648267269134521,-0.13639281690120697,-0.19415917992591858
1626646854343,2021-07-18T22:22:47.206Z,17.637,-0.5038511157035828,-0.13639281690120697,-0.37708601355552673
1626646854382,2021-07-18T22:22:47.208Z,17.676,-0.5648267269134521,-0.5632221102714539,-0.31611040234565735
1626646854422,2021-07-18T22:22:47.211Z,17.716,-0.5648267269134521,0.04653402045369148,-0.5600128769874573
1626646854463,2021-07-18T22:22:47.222Z,17.757,-0.8697047829627991,0.22946085035800934,-0.4990372359752655
1626646854502,2021-07-18T22:22:47.224Z,17.796,-0.6867779493331909,0.3514120876789093,0.6594993472099304
1626646854542,2021-07-18T22:22:47.226Z,17.836,-0.5038511157035828,-0.4412708580493927,0.7204749584197998
1626646854581,2021-07-18T22:22:47.238Z,17.875,0.3498074412345886,0.4123876988887787,0.04974326118826866
1626646854621,2021-07-18T22:22:47.240Z,17.915,0.28883183002471924,0.2904364764690399,-0.5600128769874573
1626646854662,2021-07-18T22:22:47.242Z,17.956,-0.13799743354320526,-0.014441591687500477,-0.5600128769874573
1626646854702,2021-07-18T22:22:47.253Z,17.996,-0.4428755044937134,0.22946085035800934,0.04974326118826866
1626646854741,2021-07-18T22:22:47.255Z,18.035,-0.19897304475307465,-0.8681001663208008,0.47657254338264465
1626646854781,2021-07-18T22:22:47.257Z,18.075,0.28883183002471924,0.4123876988887787,-0.7429397106170654
1626646854820,2021-07-18T22:22:47.268Z,18.114,0.4717586636543274,0.5343388915061951,-0.1331835687160492
1626646854860,2021-07-18T22:22:47.298Z,18.154,-0.6258023381233215,-1.5388318300247192,0.7204749584197998
1626646854901,2021-07-18T22:22:47.312Z,18.195,-0.381899893283844,-0.5632221102714539,0.2936457097530365
1626646854940,2021-07-18T22:22:47.314Z,18.234,0.28883183002471924,0.47336331009864807,-0.80391526222229
1626646854980,2021-07-18T22:22:47.317Z,18.274,-0.01604621298611164,0.10750962793827057,-0.4990372359752655
1626646855019,2021-07-18T22:22:47.328Z,18.313,-0.3209242820739746,-0.3802952468395233,0.2936457097530365
1626646855059,2021-07-18T22:22:47.330Z,18.353,-0.01604621298611164,-0.014441591687500477,0.41559693217277527
1626646855100,2021-07-18T22:22:47.332Z,18.394,0.5937098860740662,-0.014441591687500477,0.11071887612342834
1626646855140,2021-07-18T22:22:47.343Z,18.434,0.28883183002471924,-0.31931963562965393,-0.31611040234565735
1626646855179,2021-07-18T22:22:47.345Z,18.473,-0.3209242820739746,0.3514120876789093,-0.6819640398025513
1626646855219,2021-07-18T22:22:47.356Z,18.513,-1.0526316165924072,0.04653402045369148,-0.19415917992591858
1626646855258,2021-07-18T22:22:47.358Z,18.552,-0.7477535605430603,-0.31931963562965393,0.41559693217277527
1626646855299,2021-07-18T22:22:47.373Z,18.593,0.28883183002471924,0.10750962793827057,0.17169448733329773
1626646855339,2021-07-18T22:22:47.387Z,18.633,0.5937098860740662,0.3514120876789093,-0.19415917992591858
1626646855378,2021-07-18T22:22:47.389Z,18.672,-0.2599486708641052,-0.3802952468395233,-0.011232349090278149
1626646855418,2021-07-18T22:22:47.392Z,18.712,-1.174582839012146,-0.31931963562965393,-0.07220795750617981
1626646855457,2021-07-18T22:22:47.403Z,18.751,-2.2111682891845703,-0.07541720569133759,-0.19415917992591858
1626646855497,2021-07-18T22:22:47.405Z,18.791,-2.75994873046875,-0.13639281690120697,0.11071887612342834
1626646855538,2021-07-18T22:22:47.407Z,18.832,-2.2111682891845703,0.47336331009864807,0.2936457097530365
1626646855578,2021-07-18T22:22:47.418Z,18.872,-1.8453145027160645,0.16848523914813995,0.5375481247901917
1626646855617,2021-07-18T22:22:47.420Z,18.911,-1.0526316165924072,0.22946085035800934,0.2936457097530365
1626646855657,2021-07-18T22:22:47.431Z,18.951,-0.6258023381233215,0.3514120876789093,-0.19415917992591858
1626646855696,2021-07-18T22:22:47.433Z,18.99,-0.381899893283844,0.5953144431114197,-0.07220795750617981
1626646855737,2021-07-18T22:22:47.436Z,19.031,-0.3209242820739746,0.10750962793827057,0.7204749584197998
1626646855777,2021-07-18T22:22:47.447Z,19.071,-0.13799743354320526,-0.746148943901062,0.9643774032592773
1626646855816,2021-07-18T22:22:47.449Z,19.11,0.8985879421234131,-0.25834402441978455,0.11071887612342834
1626646855856,2021-07-18T22:22:47.451Z,19.15,1.2034659385681152,-0.07541720569133759,-0.6209884881973267
1626646855895,2021-07-18T22:22:47.463Z,19.189,0.8376123309135437,-0.19736842811107635,-0.6819640398025513
1626646855935,2021-07-18T22:22:47.465Z,19.229,0.28883183002471924,0.47336331009864807,-0.37708601355552673
1626646855976,2021-07-18T22:22:47.467Z,19.27,-1.0526316165924072,-0.014441591687500477,-0.011232349090278149
1626646856016,2021-07-18T22:22:47.478Z,19.31,-1.3575096130371094,-0.07541720569133759,0.11071887612342834
1626646856055,2021-07-18T22:22:47.480Z,19.349,-0.9916560053825378,0.4123876988887787,0.11071887612342834
1626646856095,2021-07-18T22:22:47.491Z,19.389,-0.6258023381233215,0.10750962793827057,0.11071887612342834
1626646856134,2021-07-18T22:22:47.493Z,19.428,-0.19897304475307465,-0.014441591687500477,-0.31611040234565735
1626646856175,2021-07-18T22:22:47.495Z,19.469,0.28883183002471924,0.04653402045369148,-0.011232349090278149
1626646856215,2021-07-18T22:22:47.507Z,19.509,0.5327342748641968,-0.25834402441978455,0.23267009854316711
1626646856254,2021-07-18T22:22:47.509Z,19.548,0.28883183002471924,-0.13639281690120697,-0.011232349090278149
1626646856294,2021-07-18T22:22:47.511Z,19.588,-0.19897304475307465,0.47336331009864807,-0.31611040234565735
1626646856333,2021-07-18T22:22:47.523Z,19.627,-0.5038511157035828,-0.25834402441978455,-0.011232349090278149
1626646856374,2021-07-18T22:22:47.525Z,19.668,-0.13799743354320526,-0.07541720569133759,0.23267009854316711
1626646856414,2021-07-18T22:22:47.551Z,19.708,0.3498074412345886,-0.07541720569133759,0.2936457097530365
1626646856454,2021-07-18T22:22:47.553Z,19.748,0.7156611084938049,-0.07541720569133759,-0.011232349090278149
1626646856493,2021-07-18T22:22:47.555Z,19.787,0.5937098860740662,0.10750962793827057,-0.19415917992591858
1626646856533,2021-07-18T22:22:47.567Z,19.827,0.044929396361112595,-0.25834402441978455,-0.25513479113578796
1626646856572,2021-07-18T22:22:47.569Z,19.866,-0.2599486708641052,-0.19736842811107635,-0.4990372359752655
1626646856613,2021-07-18T22:22:47.571Z,19.907,0.044929396361112595,-0.014441591687500477,-0.19415917992591858
1626646856653,2021-07-18T22:22:47.582Z,19.947,0.3498074412345886,-0.25834402441978455,0.17169448733329773
1626646856692,2021-07-18T22:22:47.585Z,19.986,0.9595634937286377,-0.13639281690120697,0.11071887612342834
1626646856732,2021-07-18T22:22:47.596Z,20.026,1.3863928318023682,-0.31931963562965393,-0.25513479113578796
1626646856771,2021-07-18T22:22:47.598Z,20.065,1.2034659385681152,-0.3802952468395233,-0.6209884881973267
1626646856812,2021-07-18T22:22:47.600Z,20.106,1.0205391645431519,1.7538511753082275,0.6594993472099304
1626646856852,2021-07-18T22:22:47.612Z,20.146,-0.2599486708641052,-0.6851733326911926,0.04974326118826866
1626646856892,2021-07-18T22:22:47.614Z,20.186,0.28883183002471924,0.16848523914813995,-0.011232349090278149
1626646856931,2021-07-18T22:22:47.616Z,20.225,0.5327342748641968,-0.3802952468395233,-0.011232349090278149
1626646856971,2021-07-18T22:22:47.628Z,20.265,0.7156611084938049,-0.19736842811107635,-0.07220795750617981
1626646857010,2021-07-18T22:22:47.630Z,20.304,0.8985879421234131,-0.31931963562965393,-0.011232349090278149
1626646857051,2021-07-18T22:22:47.632Z,20.345,1.4473683834075928,0.10750962793827057,0.23267009854316711
1626646857091,2021-07-18T22:22:47.643Z,20.385,0.7156611084938049,-0.3802952468395233,-0.07220795750617981
1626646857130,2021-07-18T22:22:47.646Z,20.424,0.5937098860740662,0.2904364764690399,-0.25513479113578796
1626646857170,2021-07-18T22:22:47.656Z,20.464,0.044929396361112595,-0.07541720569133759,-0.31611040234565735
1626646857209,2021-07-18T22:22:47.658Z,20.503,-0.4428755044937134,-0.07541720569133759,-0.4380616247653961
1626646857250,2021-07-18T22:22:47.660Z,20.544,-0.19897304475307465,0.16848523914813995,-0.25513479113578796
1626646857290,2021-07-18T22:22:47.672Z,20.584,-0.13799743354320526,-0.25834402441978455,-0.1331835687160492
1626646857330,2021-07-18T22:22:47.674Z,20.624,0.10590501129627228,0.4123876988887787,-0.07220795750617981
1626646857369,2021-07-18T22:22:47.676Z,20.663,0.3498074412345886,-0.3802952468395233,0.47657254338264465
1626646857409,2021-07-18T22:22:47.687Z,20.703,0.410783052444458,0.10750962793827057,0.04974326118826866
1626646857450,2021-07-18T22:22:47.690Z,20.744,0.5327342748641968,-0.014441591687500477,-0.19415917992591858
1626646857489,2021-07-18T22:22:47.692Z,20.783,0.410783052444458,-0.8681001663208008,-0.25513479113578796
1626646857529,2021-07-18T22:22:47.703Z,20.823,0.16688062250614166,0.5343388915061951,-0.37708601355552673
1626646857568,2021-07-18T22:22:47.717Z,20.862,-0.381899893283844,0.3514120876789093,0.23267009854316711
1626646857608,2021-07-18T22:22:47.720Z,20.902,-0.4428755044937134,-0.19736842811107635,0.7204749584197998
1626646857647,2021-07-18T22:22:47.731Z,20.941,0.3498074412345886,0.04653402045369148,0.17169448733329773
1626646857688,2021-07-18T22:22:47.733Z,20.982,0.5937098860740662,0.04653402045369148,-0.4380616247653961
1626646857728,2021-07-18T22:22:47.735Z,21.022,0.044929396361112595,-0.19736842811107635,-0.7429397106170654
1626646857767,2021-07-18T22:22:47.748Z,21.061,-0.381899893283844,-0.31931963562965393,-0.37708601355552673
1626646857807,2021-07-18T22:22:47.750Z,21.101,-0.07702182233333588,-0.13639281690120697,0.11071887612342834
1626646857847,2021-07-18T22:22:47.752Z,21.141,0.4717586636543274,0.2904364764690399,0.11071887612342834
1626646857888,2021-07-18T22:22:47.763Z,21.182,0.5327342748641968,0.10750962793827057,0.17169448733329773
1626646857927,2021-07-18T22:22:47.765Z,21.221,0.5327342748641968,-0.31931963562965393,0.23267009854316711
1626646857967,2021-07-18T22:22:47.776Z,21.261,0.5937098860740662,0.16848523914813995,0.41559693217277527
1626646858006,2021-07-18T22:22:47.809Z,21.3,0.10590501129627228,-0.014441591687500477,0.04974326118826866
1626646858046,2021-07-18T22:22:47.811Z,21.34,-0.4428755044937134,0.5953144431114197,-0.80391526222229
1626646858087,2021-07-18T22:22:47.822Z,21.381,-0.8697047829627991,-0.4412708580493927,-0.6819640398025513
1626646858126,2021-07-18T22:22:47.824Z,21.42,-0.6258023381233215,-0.4412708580493927,-0.31611040234565735
1626646858166,2021-07-18T22:22:47.851Z,21.46,0.28883183002471924,0.9001925587654114,0.11071887612342834
1626646858205,2021-07-18T22:22:47.853Z,21.499,0.410783052444458,-0.31931963562965393,0.6594993472099304
1626646858245,2021-07-18T22:22:47.855Z,21.539,0.6546854972839355,0.16848523914813995,0.598523736000061
1626646858285,2021-07-18T22:22:47.866Z,21.579,0.7766367197036743,0.04653402045369148,0.3546213209629059
1626646858326,2021-07-18T22:22:47.869Z,21.62,0.7156611084938049,-0.07541720569133759,-0.07220795750617981
1626646858365,2021-07-18T22:22:47.871Z,21.659,0.16688062250614166,0.2904364764690399,-0.6209884881973267
1626646858405,2021-07-18T22:22:47.882Z,21.699,-0.3209242820739746,-0.31931963562965393,-0.25513479113578796
1626646858444,2021-07-18T22:22:47.885Z,21.738,-0.5038511157035828,0.10750962793827057,-0.07220795750617981
1626646858484,2021-07-18T22:22:47.887Z,21.778,-0.2599486708641052,0.10750962793827057,-0.19415917992591858
1626646858525,2021-07-18T22:22:47.898Z,21.819,-0.5038511157035828,0.16848523914813995,-0.4990372359752655
1626646858554,2021-07-18T22:22:47.900Z,21.848,-0.7477535605430603,0.22946085035800934,-0.4380616247653961
1626646858594,2021-07-18T22:22:47.902Z,21.888,-0.6867779493331909,-0.13639281690120697,0.23267009854316711
1626646858633,2021-07-18T22:22:47.913Z,21.927,-0.5648267269134521,0.5343388915061951,0.903401792049408
1626646858674,2021-07-18T22:22:47.927Z,21.968,-0.07702182233333588,-0.6851733326911926,0.8424261808395386
1626646858714,2021-07-18T22:22:47.941Z,22.008,0.4717586636543274,0.47336331009864807,-0.25513479113578796
1626646858753,2021-07-18T22:22:47.943Z,22.047,0.6546854972839355,-0.13639281690120697,-0.25513479113578796
1626646858793,2021-07-18T22:22:47.946Z,22.087,0.044929396361112595,-0.31931963562965393,-0.1331835687160492
1626646858832,2021-07-18T22:22:47.957Z,22.126,-0.5038511157035828,0.16848523914813995,-0.25513479113578796
1626646858872,2021-07-18T22:22:47.959Z,22.166,-0.6867779493331909,-0.3802952468395233,-0.07220795750617981
1626646858913,2021-07-18T22:22:47.962Z,22.207,-0.5038511157035828,0.4123876988887787,-0.19415917992591858
1626646858953,2021-07-18T22:22:47.973Z,22.247,-0.381899893283844,0.22946085035800934,-0.07220795750617981
1626646858992,2021-07-18T22:22:47.975Z,22.286,-0.19897304475307465,-0.13639281690120697,0.11071887612342834
1626646859032,2021-07-18T22:22:47.977Z,22.326,0.044929396361112595,0.16848523914813995,0.11071887612342834
1626646859071,2021-07-18T22:22:47.988Z,22.365,0.16688062250614166,-0.13639281690120697,0.11071887612342834
1626646859112,2021-07-18T22:22:47.990Z,22.406,0.10590501129627228,0.16848523914813995,-0.25513479113578796
1626646859152,2021-07-18T22:22:48.001Z,22.446,-0.19897304475307465,0.16848523914813995,-0.25513479113578796
1626646859191,2021-07-18T22:22:48.003Z,22.485,-0.381899893283844,-0.13639281690120697,-0.1331835687160492
1626646859231,2021-07-18T22:22:48.006Z,22.525,-0.5038511157035828,0.3514120876789093,-0.07220795750617981
1626646859270,2021-07-18T22:22:48.017Z,22.564,-0.2599486708641052,0.22946085035800934,0.11071887612342834
1626646859310,2021-07-18T22:22:48.019Z,22.604,-0.19897304475307465,-0.014441591687500477,0.17169448733329773
1626646859351,2021-07-18T22:22:48.021Z,22.645,-0.07702182233333588,0.2904364764690399,0.11071887612342834
1626646859391,2021-07-18T22:22:48.033Z,22.685,-0.07702182233333588,-0.014441591687500477,0.04974326118826866
1626646859430,2021-07-18T22:22:48.035Z,22.724,-0.01604621298611164,-0.014441591687500477,0.04974326118826866
1626646859470,2021-07-18T22:22:48.037Z,22.764,-0.01604621298611164,0.04653402045369148,-0.011232349090278149
1626646859509,2021-07-18T22:22:48.048Z,22.803,0.10590501129627228,-0.07541720569133759,-0.1331835687160492
1626646859550,2021-07-18T22:22:48.050Z,22.844,-0.13799743354320526,-0.25834402441978455,-0.07220795750617981
1626646859590,2021-07-18T22:22:48.061Z,22.884,-0.01604621298611164,-0.07541720569133759,-0.07220795750617981
1626646859629,2021-07-18T22:22:48.063Z,22.923,-0.07702182233333588,-0.19736842811107635,0.04974326118826866
1626646859669,2021-07-18T22:22:48.065Z,22.963,-0.01604621298611164,0.04653402045369148,-0.07220795750617981
1626646859710,2021-07-18T22:22:48.077Z,23.004,-0.13799743354320526,-0.014441591687500477,-0.07220795750617981
1626646859748,2021-07-18T22:22:48.079Z,23.042,-0.13799743354320526,-0.014441591687500477,-0.011232349090278149
1626646859789,2021-07-18T22:22:48.081Z,23.083,-0.19897304475307465,0.16848523914813995,-0.07220795750617981
1626646859829,2021-07-18T22:22:48.107Z,23.123,0.044929396361112595,-0.13639281690120697,-0.011232349090278149
1626646859868,2021-07-18T22:22:48.110Z,23.162,0.22785623371601105,-0.014441591687500477,-0.011232349090278149
1626646859908,2021-07-18T22:22:48.112Z,23.202,0.10590501129627228,0.16848523914813995,-0.011232349090278149
1626646859947,2021-07-18T22:22:48.123Z,23.241,-0.01604621298611164,-0.07541720569133759,-0.011232349090278149
1626646859988,2021-07-18T22:22:48.125Z,23.282,-0.01604621298611164,0.04653402045369148,-0.19415917992591858
1626646860028,2021-07-18T22:22:48.136Z,23.322,-0.01604621298611164,-0.13639281690120697,-0.1331835687160492
1626646860067,2021-07-18T22:22:48.138Z,23.361,-0.07702182233333588,-0.19736842811107635,-0.25513479113578796
1626646860107,2021-07-18T22:22:48.140Z,23.401,0.044929396361112595,-0.014441591687500477,-0.31611040234565735
1626646860146,2021-07-18T22:22:48.151Z,23.44,-0.01604621298611164,-0.31931963562965393,-0.25513479113578796
1626646860187,2021-07-18T22:22:48.154Z,23.481,0.10590501129627228,-0.014441591687500477,-0.07220795750617981
1626646860227,2021-07-18T22:22:48.156Z,23.521,0.044929396361112595,-0.25834402441978455,0.23267009854316711
1626646860267,2021-07-18T22:22:48.167Z,23.561,0.22785623371601105,0.16848523914813995,0.23267009854316711
1626646860306,2021-07-18T22:22:48.169Z,23.6,0.10590501129627228,-0.014441591687500477,0.17169448733329773
1626646860346,2021-07-18T22:22:48.172Z,23.64,-0.07702182233333588,-0.07541720569133759,-0.19415917992591858
1626646860385,2021-07-18T22:22:48.183Z,23.679,-0.13799743354320526,0.22946085035800934,-0.25513479113578796
1626646860426,2021-07-18T22:22:48.185Z,23.72,-0.2599486708641052,-0.31931963562965393,-0.1331835687160492
1626646860466,2021-07-18T22:22:48.196Z,23.76,-0.01604621298611164,0.04653402045369148,-0.19415917992591858
1626646860505,2021-07-18T22:22:48.198Z,23.799,-0.13799743354320526,-0.014441591687500477,-0.011232349090278149
1626646860545,2021-07-18T22:22:48.200Z,23.839,-0.2599486708641052,0.2904364764690399,0.17169448733329773
1626646860584,2021-07-18T22:22:48.211Z,23.878,-0.381899893283844,0.47336331009864807,0.3546213209629059
1626646860625,2021-07-18T22:22:48.214Z,23.919,-0.5648267269134521,0.04653402045369148,0.2936457097530365
1626646860665,2021-07-18T22:22:48.216Z,23.959,-0.07702182233333588,0.04653402045369148,0.11071887612342834
1626646860705,2021-07-18T22:22:48.227Z,23.999,0.16688062250614166,0.10750962793827057,-0.19415917992591858
1626646860744,2021-07-18T22:22:48.229Z,24.038,0.3498074412345886,-0.13639281690120697,-0.19415917992591858
1626646860784,2021-07-18T22:22:48.232Z,24.078,0.10590501129627228,-0.3802952468395233,-0.011232349090278149
1626646860823,2021-07-18T22:22:48.243Z,24.117,0.044929396361112595,-0.014441591687500477,0.17169448733329773
1626646860864,2021-07-18T22:22:48.245Z,24.158,-0.07702182233333588,0.3514120876789093,0.23267009854316711
1626646860904,2021-07-18T22:22:48.247Z,24.198,-0.07702182233333588,-0.07541720569133759,0.11071887612342834
1626646860943,2021-07-18T22:22:48.258Z,24.237,0.044929396361112595,-0.014441591687500477,-0.07220795750617981
1626646860983,2021-07-18T22:22:48.273Z,24.277,-0.01604621298611164,-0.014441591687500477,-0.19415917992591858
1626646861022,2021-07-18T22:22:48.275Z,24.316,-0.01604621298611164,-0.07541720569133759,-0.07220795750617981
1626646861063,2021-07-18T22:22:48.286Z,24.357,-0.01604621298611164,-0.19736842811107635,0.11071887612342834
1626646861103,2021-07-18T22:22:48.317Z,24.397,0.044929396361112595,0.04653402045369148,0.04974326118826866
1626646861142,2021-07-18T22:22:48.319Z,24.436,0.16688062250614166,0.10750962793827057,0.04974326118826866
1626646861182,2021-07-18T22:22:48.322Z,24.476,-0.01604621298611164,-0.13639281690120697,0.04974326118826866
1626646861222,2021-07-18T22:22:48.333Z,24.516,0.044929396361112595,-0.07541720569133759,-0.07220795750617981
1626646861261,2021-07-18T22:22:48.335Z,24.555,0.044929396361112595,0.04653402045369148,-0.07220795750617981
1626646861302,2021-07-18T22:22:48.337Z,24.596,0.10590501129627228,-0.07541720569133759,-0.07220795750617981
1626646861342,2021-07-18T22:22:48.348Z,24.636,-0.19897304475307465,0.22946085035800934,-0.19415917992591858
1626646861381,2021-07-18T22:22:48.350Z,24.675,-0.2599486708641052,-0.19736842811107635,-0.011232349090278149
1626646861421,2021-07-18T22:22:48.361Z,24.715,-0.01604621298611164,0.10750962793827057,-0.011232349090278149
1626646861460,2021-07-18T22:22:48.363Z,24.754,0.16688062250614166,-0.014441591687500477,0.04974326118826866
1626646861501,2021-07-18T22:22:48.366Z,24.795,0.22785623371601105,-0.13639281690120697,0.11071887612342834
1626646861541,2021-07-18T22:22:48.377Z,24.835,0.22785623371601105,0.16848523914813995,0.04974326118826866
1626646861580,2021-07-18T22:22:48.379Z,24.874,-0.07702182233333588,-0.07541720569133759,-0.011232349090278149
1626646861620,2021-07-18T22:22:48.382Z,24.914,-0.13799743354320526,-0.014441591687500477,-0.011232349090278149
1626646861660,2021-07-18T22:22:48.408Z,24.954,-0.13799743354320526,0.04653402045369148,0.04974326118826866
1626646861699,2021-07-18T22:22:48.423Z,24.993,-0.01604621298611164,-0.014441591687500477,-0.011232349090278149
1626646861740,2021-07-18T22:22:48.425Z,25.034,-0.01604621298611164,-0.13639281690120697,-0.07220795750617981
1626646861780,2021-07-18T22:22:48.427Z,25.074,0.044929396361112595,-0.014441591687500477,-0.1331835687160492
1626646861819,2021-07-18T22:22:48.438Z,25.113,0.10590501129627228,0.10750962793827057,-0.07220795750617981
1626646861859,2021-07-18T22:22:48.440Z,25.153,0.10590501129627228,-0.19736842811107635,-0.011232349090278149
1626646861900,2021-07-18T22:22:48.451Z,25.194,0.16688062250614166,0.10750962793827057,-0.011232349090278149
1626646861939,2021-07-18T22:22:48.454Z,25.233,0.044929396361112595,-0.014441591687500477,0.04974326118826866
1626646861979,2021-07-18T22:22:48.456Z,25.273,-0.19897304475307465,-0.014441591687500477,0.04974326118826866
1626646862018,2021-07-18T22:22:48.467Z,25.312,-0.13799743354320526,-0.014441591687500477,-0.011232349090278149
1626646862058,2021-07-18T22:22:48.469Z,25.352,-0.01604621298611164,-0.13639281690120697,0.04974326118826866
1626646862098,2021-07-18T22:22:48.483Z,25.392,0.10590501129627228,-0.07541720569133759,-0.011232349090278149
1626646862139,2021-07-18T22:22:48.498Z,25.433,0.16688062250614166,0.10750962793827057,-0.011232349090278149
1626646862178,2021-07-18T22:22:48.500Z,25.472,0.10590501129627228,-0.25834402441978455,0.04974326118826866
1626646862218,2021-07-18T22:22:48.502Z,25.512,-0.01604621298611164,0.04653402045369148,-0.19415917992591858
1626646862257,2021-07-18T22:22:48.513Z,25.551,-0.01604621298611164,-0.13639281690120697,-0.07220795750617981
1626646862297,2021-07-18T22:22:48.515Z,25.591,-0.07702182233333588,-0.07541720569133759,-0.07220795750617981
1626646862336,2021-07-18T22:22:48.526Z,25.63,0.10590501129627228,0.16848523914813995,-0.07220795750617981
1626646862377,2021-07-18T22:22:48.528Z,25.671,-0.01604621298611164,-0.07541720569133759,-0.07220795750617981
1626646862417,2021-07-18T22:22:48.531Z,25.711,0.044929396361112595,0.22946085035800934,-0.1331835687160492
1626646862456,2021-07-18T22:22:48.542Z,25.75,-0.07702182233333588,-0.13639281690120697,-0.011232349090278149
1626646862496,2021-07-18T22:22:48.544Z,25.79,0.044929396361112595,0.04653402045369148,0.11071887612342834
1626646862536,2021-07-18T22:22:48.546Z,25.83,0.10590501129627228,0.16848523914813995,-0.011232349090278149
1626646862577,2021-07-18T22:22:48.558Z,25.871,0.10590501129627228,-0.13639281690120697,-0.011232349090278149
1626646862616,2021-07-18T22:22:48.560Z,25.91,-0.01604621298611164,0.10750962793827057,-0.011232349090278149
1626646862656,2021-07-18T22:22:48.562Z,25.95,-0.13799743354320526,-0.014441591687500477,-0.07220795750617981
1626646862695,2021-07-18T22:22:48.573Z,25.989,-0.07702182233333588,-0.07541720569133759,-0.011232349090278149
1626646862735,2021-07-18T22:22:48.575Z,26.029,0.044929396361112595,0.04653402045369148,-0.011232349090278149
1626646862774,2021-07-18T22:22:48.586Z,26.068,0.10590501129627228,-0.014441591687500477,0.04974326118826866
1626646862815,2021-07-18T22:22:48.588Z,26.109,0.044929396361112595,-0.014441591687500477,-0.011232349090278149
1626646862855,2021-07-18T22:22:48.590Z,26.149,0.044929396361112595,0.10750962793827057,-0.011232349090278149
1626646862894,2021-07-18T22:22:48.602Z,26.188,-0.01604621298611164,-0.13639281690120697,-0.011232349090278149
1626646862934,2021-07-18T22:22:48.604Z,26.228,-0.07702182233333588,0.04653402045369148,-0.011232349090278149
1626646862974,2021-07-18T22:22:48.606Z,26.268,-0.07702182233333588,-0.07541720569133759,-0.011232349090278149
1626646863015,2021-07-18T22:22:48.617Z,26.309,-0.07702182233333588,0.04653402045369148,-0.011232349090278149
1626646863054,2021-07-18T22:22:48.620Z,26.348,0.16688062250614166,-0.07541720569133759,-0.011232349090278149
1626646863094,2021-07-18T22:22:48.631Z,26.388,0.16688062250614166,-0.014441591687500477,0.11071887612342834
1626646863133,2021-07-18T22:22:48.633Z,26.427,0.044929396361112595,0.04653402045369148,-0.07220795750617981
1626646863173,2021-07-18T22:22:48.635Z,26.467,0.044929396361112595,-0.014441591687500477,-0.011232349090278149
1626646863214,2021-07-18T22:22:48.662Z,26.508,0.044929396361112595,0.04653402045369148,-0.011232349090278149
1626646863253,2021-07-18T22:22:48.664Z,26.547,0.044929396361112595,0.10750962793827057,0.04974326118826866
1626646863293,2021-07-18T22:22:48.666Z,26.587,-0.01604621298611164,-0.014441591687500477,-0.1331835687160492
1626646863332,2021-07-18T22:22:48.677Z,26.626,-0.01604621298611164,-0.07541720569133759,-0.07220795750617981
1626646863372,2021-07-18T22:22:48.680Z,26.666,0.10590501129627228,-0.07541720569133759,-0.011232349090278149
1626646863412,2021-07-18T22:22:48.682Z,26.706,0.044929396361112595,-0.014441591687500477,-0.011232349090278149
1626646863453,2021-07-18T22:22:48.693Z,26.747,0.044929396361112595,-0.014441591687500477,-0.011232349090278149
1626646863492,2021-07-18T22:22:48.695Z,26.786,-0.01604621298611164,-0.25834402441978455,0.11071887612342834
1626646863532,2021-07-18T22:22:48.706Z,26.826,0.10590501129627228,0.16848523914813995,-0.07220795750617981
1626646863571,2021-07-18T22:22:48.708Z,26.865,-0.01604621298611164,-0.014441591687500477,-0.07220795750617981
1626646863611,2021-07-18T22:22:48.710Z,26.905,0.10590501129627228,-0.13639281690120697,-0.011232349090278149
1626646863652,2021-07-18T22:22:48.722Z,26.946,0.044929396361112595,0.16848523914813995,-0.011232349090278149
1626646863691,2021-07-18T22:22:48.724Z,26.985,-0.19897304475307465,-0.07541720569133759,0.04974326118826866
1626646863731,2021-07-18T22:22:48.726Z,27.025,-0.07702182233333588,0.10750962793827057,-0.07220795750617981
1626646863770,2021-07-18T22:22:48.737Z,27.064,-0.07702182233333588,0.04653402045369148,-0.011232349090278149
1626646863810,2021-07-18T22:22:48.740Z,27.104,-0.13799743354320526,-0.014441591687500477,0.04974326118826866
1626646863850,2021-07-18T22:22:48.742Z,27.144,0.044929396361112595,0.04653402045369148,0.04974326118826866
1626646863891,2021-07-18T22:22:48.753Z,27.185,0.10590501129627228,-0.07541720569133759,0.11071887612342834
1626646863930,2021-07-18T22:22:48.755Z,27.224,0.16688062250614166,0.04653402045369148,-0.07220795750617981
1626646863970,2021-07-18T22:22:48.766Z,27.264,0.044929396361112595,0.04653402045369148,-0.011232349090278149
1626646864009,2021-07-18T22:22:48.769Z,27.303,-0.07702182233333588,-0.13639281690120697,-0.011232349090278149
1626646864049,2021-07-18T22:22:48.771Z,27.343,-0.07702182233333588,0.16848523914813995,-0.19415917992591858
1626646864090,2021-07-18T22:22:48.782Z,27.384,-0.07702182233333588,-0.19736842811107635,0.04974326118826866
1626646864129,2021-07-18T22:22:48.785Z,27.423,0.044929396361112595,0.04653402045369148,-0.011232349090278149
1626646864169,2021-07-18T22:22:48.787Z,27.463,0.10590501129627228,-0.19736842811107635,-0.011232349090278149
1626646864208,2021-07-18T22:22:48.798Z,27.502,0.10590501129627228,0.10750962793827057,0.04974326118826866
1626646864248,2021-07-18T22:22:48.828Z,27.542,0.044929396361112595,-0.07541720569133759,0.11071887612342834
1626646864288,2021-07-18T22:22:48.830Z,27.582,-0.01604621298611164,0.04653402045369148,-0.011232349090278149
1626646864329,2021-07-18T22:22:48.842Z,27.623,-0.01604621298611164,-0.014441591687500477,0.04974326118826866
1626646864368,2021-07-18T22:22:48.845Z,27.662,0.044929396361112595,0.04653402045369148,-0.011232349090278149
1626646864408,2021-07-18T22:22:48.856Z,27.702,0.044929396361112595,-0.07541720569133759,-0.07220795750617981
1626646864447,2021-07-18T22:22:48.858Z,27.741,0.044929396361112595,0.04653402045369148,-0.07220795750617981
1626646864487,2021-07-18T22:22:48.860Z,27.781,-0.01604621298611164,-0.07541720569133759,-0.011232349090278149
1626646864528,2021-07-18T22:22:48.872Z,27.822,0.044929396361112595,0.04653402045369148,-0.011232349090278149
1626646864567,2021-07-18T22:22:48.874Z,27.861,0.044929396361112595,-0.07541720569133759,-0.011232349090278149
1626646864607,2021-07-18T22:22:48.876Z,27.901,-0.01604621298611164,0.10750962793827057,-0.1331835687160492
1626646864646,2021-07-18T22:22:48.887Z,27.94,-0.07702182233333588,-0.07541720569133759,0.04974326118826866
1626646864686,2021-07-18T22:22:48.890Z,27.98,-0.01604621298611164,-0.07541720569133759,-0.07220795750617981
1626646864727,2021-07-18T22:22:48.892Z,28.021,0.044929396361112595,0.04653402045369148,0.04974326118826866
1626646864767,2021-07-18T22:22:48.903Z,28.061,0.10590501129627228,-0.014441591687500477,-0.011232349090278149
1626646864806,2021-07-18T22:22:48.905Z,28.1,0.10590501129627228,0.10750962793827057,-0.07220795750617981
1626646864846,2021-07-18T22:22:48.916Z,28.14,-0.13799743354320526,-0.19736842811107635,0.04974326118826866
1626646864885,2021-07-18T22:22:48.918Z,28.179,-0.07702182233333588,0.22946085035800934,-0.1331835687160492
1626646864925,2021-07-18T22:22:48.920Z,28.219,0.044929396361112595,0.04653402045369148,-0.011232349090278149
1626646864966,2021-07-18T22:22:48.931Z,28.26,0.044929396361112595,-0.25834402441978455,0.11071887612342834
1626646865005,2021-07-18T22:22:48.934Z,28.299,0.044929396361112595,0.04653402045369148,-0.07220795750617981
1626646865045,2021-07-18T22:22:48.963Z,28.339,0.044929396361112595,-0.07541720569133759,0.04974326118826866
1626646865084,2021-07-18T22:22:48.965Z,28.378,-0.07702182233333588,-0.25834402441978455,0.04974326118826866
1626646865124,2021-07-18T22:22:48.976Z,28.418,-0.01604621298611164,0.10750962793827057,-0.1331835687160492
1626646865165,2021-07-18T22:22:48.978Z,28.459,-0.13799743354320526,-0.014441591687500477,-0.011232349090278149
1626646865205,2021-07-18T22:22:48.980Z,28.499,-0.07702182233333588,-0.014441591687500477,-0.011232349090278149
1626646865244,2021-07-18T22:22:48.991Z,28.538,-0.01604621298611164,0.04653402045369148,0.04974326118826866
1626646865284,2021-07-18T22:22:48.994Z,28.578,0.10590501129627228,-0.014441591687500477,-0.1331835687160492
1626646865323,2021-07-18T22:22:48.996Z,28.617,-0.01604621298611164,-0.014441591687500477,-0.07220795750617981
1626646865363,2021-07-18T22:22:49.007Z,28.657,-0.07702182233333588,-0.07541720569133759,-0.011232349090278149
1626646865404,2021-07-18T22:22:49.009Z,28.698,-0.01604621298611164,0.04653402045369148,0.04974326118826866
1626646865443,2021-07-18T22:22:49.012Z,28.737,-0.07702182233333588,0.10750962793827057,-0.011232349090278149
1626646865483,2021-07-18T22:22:49.023Z,28.777,-0.01604621298611164,0.04653402045369148,-0.011232349090278149
1626646865522,2021-07-18T22:22:49.036Z,28.816,-0.01604621298611164,-0.07541720569133759,0.04974326118826866
1626646865562,2021-07-18T22:22:49.038Z,28.856,-0.01604621298611164,-0.07541720569133759,-0.011232349090278149
1626646865603,2021-07-18T22:22:49.053Z,28.897,-0.01604621298611164,-0.014441591687500477,-0.1331835687160492
1626646865642,2021-07-18T22:22:49.055Z,28.936,-0.13799743354320526,-0.07541720569133759,-0.1331835687160492
1626646865682,2021-07-18T22:22:49.066Z,28.976,-0.13799743354320526,0.04653402045369148,-0.07220795750617981
1626646865722,2021-07-18T22:22:49.068Z,29.016,-0.07702182233333588,-0.13639281690120697,0.04974326118826866
1626646865761,2021-07-18T22:22:49.071Z,29.055,0.10590501129627228,0.04653402045369148,0.04974326118826866
1626646865801,2021-07-18T22:22:49.082Z,29.095,0.044929396361112595,-0.014441591687500477,-0.07220795750617981
1626646865842,2021-07-18T22:22:49.084Z,29.136,-0.01604621298611164,-0.014441591687500477,-0.011232349090278149
1626646865881,2021-07-18T22:22:49.086Z,29.175,-0.19897304475307465,-0.19736842811107635,-0.07220795750617981
1626646865921,2021-07-18T22:22:49.098Z,29.215,-0.07702182233333588,0.16848523914813995,-0.31611040234565735
1626646865960,2021-07-18T22:22:49.100Z,29.254,-0.2599486708641052,-0.31931963562965393,-0.5600128769874573
1626646866000,2021-07-18T22:22:49.102Z,29.294,-0.01604621298611164,-0.13639281690120697,-0.7429397106170654
1626646866041,2021-07-18T22:22:49.113Z,29.335,-0.01604621298611164,-0.19736842811107635,-0.7429397106170654
1626646866080,2021-07-18T22:22:49.115Z,29.374,-0.13799743354320526,-0.19736842811107635,-0.31611040234565735
1626646866120,2021-07-18T22:22:49.126Z,29.414,0.10590501129627228,-0.13639281690120697,0.04974326118826866
1626646866160,2021-07-18T22:22:49.128Z,29.454,0.10590501129627228,0.16848523914813995,-0.011232349090278149
1626646866199,2021-07-18T22:22:49.130Z,29.493,0.044929396361112595,-0.014441591687500477,0.04974326118826866
1626646866240,2021-07-18T22:22:49.142Z,29.534,-0.07702182233333588,-0.07541720569133759,-0.011232349090278149
1626646866280,2021-07-18T22:22:49.143Z,29.574,-0.07702182233333588,-0.25834402441978455,-0.011232349090278149
1626646866319,2021-07-18T22:22:49.145Z,29.613,0.16688062250614166,-0.07541720569133759,0.04974326118826866
1626646866359,2021-07-18T22:22:49.156Z,29.653,0.16688062250614166,-0.014441591687500477,-0.07220795750617981
1626646866398,2021-07-18T22:22:49.159Z,29.692,-0.13799743354320526,-0.07541720569133759,-0.07220795750617981
1626646866438,2021-07-18T22:22:49.161Z,29.732,-0.19897304475307465,0.16848523914813995,-0.011232349090278149
1626646866479,2021-07-18T22:22:49.172Z,29.773,-0.07702182233333588,-0.13639281690120697,-0.011232349090278149
1626646866518,2021-07-18T22:22:49.174Z,29.812,0.10590501129627228,0.04653402045369148,-0.1331835687160492
1626646866558,2021-07-18T22:22:49.186Z,29.852,0.22785623371601105,0.10750962793827057,-0.07220795750617981
1626646866598,2021-07-18T22:22:49.188Z,29.892,-0.07702182233333588,-0.19736842811107635,0.04974326118826866
1626646866637,2021-07-18T22:22:49.190Z,29.931,-0.01604621298611164,-0.07541720569133759,0.04974326118826866
1626646866678,2021-07-18T22:22:49.218Z,29.972,0.044929396361112595,-0.014441591687500477,-0.1331835687160492
1626646866718,2021-07-18T22:22:49.220Z,30.012,-0.01604621298611164,-0.07541720569133759,-0.07220795750617981
1626646866757,2021-07-18T22:22:49.222Z,30.051,-0.01604621298611164,-0.014441591687500477,0.04974326118826866
1626646866797,2021-07-18T22:22:49.233Z,30.091,0.10590501129627228,0.04653402045369148,0.17169448733329773
1626646866836,2021-07-18T22:22:49.235Z,30.13,0.28883183002471924,0.22946085035800934,0.47657254338264465
1626646866876,2021-07-18T22:22:49.246Z,30.17,-0.07702182233333588,0.10750962793827057,0.6594993472099304
1626646866917,2021-07-18T22:22:49.248Z,30.211,0.5327342748641968,0.7782413363456726,1.1473042964935303
1626646866956,2021-07-18T22:22:49.250Z,30.25,-0.13799743354320526,0.2904364764690399,0.23267009854316711
1626646866996,2021-07-18T22:22:49.262Z,30.29,-0.6258023381233215,4.55872917175293,-0.8648909330368042
1626646867036,2021-07-18T22:22:49.264Z,30.33,-0.07702182233333588,-0.07541720569133759,-0.37708601355552673
1626646867075,2021-07-18T22:22:49.266Z,30.369,-0.19897304475307465,-0.5022464990615845,-0.07220795750617981
1626646867116,2021-07-18T22:22:49.277Z,30.41,-0.13799743354320526,-0.5022464990615845,0.11071887612342834
1626646867156,2021-07-18T22:22:49.280Z,30.45,0.16688062250614166,0.2904364764690399,-0.011232349090278149
1626646867195,2021-07-18T22:22:49.282Z,30.489,-0.01604621298611164,0.4123876988887787,0.04974326118826866
1626646867235,2021-07-18T22:22:49.293Z,30.529,-0.13799743354320526,0.04653402045369148,-0.011232349090278149
1626646867274,2021-07-18T22:22:49.295Z,30.568,-0.13799743354320526,-0.014441591687500477,-0.07220795750617981
1626646867315,2021-07-18T22:22:49.306Z,30.609,-0.19897304475307465,-0.3802952468395233,0.04974326118826866
1626646867355,2021-07-18T22:22:49.308Z,30.649,0.044929396361112595,-0.014441591687500477,-0.07220795750617981
1626646867394,2021-07-18T22:22:49.339Z,30.688,0.10590501129627228,0.10750962793827057,-0.07220795750617981
1626646867434,2021-07-18T22:22:49.341Z,30.728,0.10590501129627228,-0.014441591687500477,-0.07220795750617981
1626646867474,2021-07-18T22:22:49.352Z,30.768,0.10590501129627228,-0.25834402441978455,0.04974326118826866
1626646867513,2021-07-18T22:22:49.354Z,30.807,-0.01604621298611164,0.04653402045369148,-0.1331835687160492
1626646867554,2021-07-18T22:22:49.357Z,30.848,-0.13799743354320526,-0.13639281690120697,-0.1331835687160492
1626646867594,2021-07-18T22:22:49.368Z,30.888,0.10590501129627228,0.04653402045369148,-0.1331835687160492
1626646867633,2021-07-18T22:22:49.382Z,30.927,0.044929396361112595,0.10750962793827057,-0.011232349090278149
1626646867673,2021-07-18T22:22:49.384Z,30.967,-0.01604621298611164,-0.13639281690120697,0.11071887612342834
1626646867712,2021-07-18T22:22:49.396Z,31.006,0.10590501129627228,-0.07541720569133759,0.04974326118826866
1626646867753,2021-07-18T22:22:49.398Z,31.047,0.044929396361112595,-0.014441591687500477,-0.011232349090278149
1626646867793,2021-07-18T22:22:49.400Z,31.087,-0.01604621298611164,0.10750962793827057,-0.07220795750617981
1626646867832,2021-07-18T22:22:49.412Z,31.126,0.044929396361112595,0.04653402045369148,0.04974326118826866
1626646867872,2021-07-18T22:22:49.415Z,31.166,-0.13799743354320526,-0.07541720569133759,0.11071887612342834
1626646867912,2021-07-18T22:22:49.417Z,31.206,-0.01604621298611164,0.10750962793827057,-0.011232349090278149
1626646867951,2021-07-18T22:22:49.428Z,31.245,0.16688062250614166,0.04653402045369148,-0.011232349090278149
1626646867992,2021-07-18T22:22:49.430Z,31.286,0.044929396361112595,0.04653402045369148,0.04974326118826866
1626646868032,2021-07-18T22:22:49.441Z,31.326,0.10590501129627228,-0.014441591687500477,0.04974326118826866
1626646868071,2021-07-18T22:22:49.443Z,31.365,0.10590501129627228,0.04653402045369148,-0.011232349090278149
1626646868111,2021-07-18T22:22:49.445Z,31.405,-0.01604621298611164,-0.014441591687500477,-0.07220795750617981
1626646868150,2021-07-18T22:22:49.457Z,31.444,-0.07702182233333588,-0.014441591687500477,-0.07220795750617981
1626646868191,2021-07-18T22:22:49.459Z,31.485,0.044929396361112595,-0.19736842811107635,0.04974326118826866
1626646868231,2021-07-18T22:22:49.461Z,31.525,0.044929396361112595,0.22946085035800934,-0.011232349090278149
1626646868270,2021-07-18T22:22:49.472Z,31.564,0.044929396361112595,-0.07541720569133759,0.11071887612342834
1626646868310,2021-07-18T22:22:49.475Z,31.604,0.044929396361112595,-0.19736842811107635,0.11071887612342834
1626646868350,2021-07-18T22:22:49.477Z,31.644,0.16688062250614166,-0.014441591687500477,-0.011232349090278149
1626646868391,2021-07-18T22:22:49.488Z,31.685,-0.01604621298611164,-0.014441591687500477,-0.011232349090278149
1626646868430,2021-07-18T22:22:49.490Z,31.724,-0.01604621298611164,-0.19736842811107635,-0.011232349090278149
1626646868470,2021-07-18T22:22:49.503Z,31.764,0.10590501129627228,-0.014441591687500477,-0.011232349090278149
1626646868509,2021-07-18T22:22:49.505Z,31.803,0.044929396361112595,0.10750962793827057,-0.011232349090278149
1626646868549,2021-07-18T22:22:49.507Z,31.843,0.10590501129627228,-0.07541720569133759,0.04974326118826866
1626646868590,2021-07-18T22:22:49.518Z,31.884,0.044929396361112595,-0.014441591687500477,0.04974326118826866
1626646868629,2021-07-18T22:22:49.520Z,31.923,0.044929396361112595,-0.014441591687500477,-0.07220795750617981
1626646868669,2021-07-18T22:22:49.531Z,31.963,0.044929396361112595,-0.014441591687500477,-0.011232349090278149
1626646868708,2021-07-18T22:22:49.533Z,32.002,0.044929396361112595,-0.07541720569133759,0.04974326118826866
1626646868748,2021-07-18T22:22:49.535Z,32.042,-0.01604621298611164,0.10750962793827057,-0.011232349090278149
1626646868788,2021-07-18T22:22:49.547Z,32.082,-0.01604621298611164,0.04653402045369148,-0.011232349090278149
1626646868829,2021-07-18T22:22:49.549Z,32.123,0.044929396361112595,0.04653402045369148,0.04974326118826866
1626646868868,2021-07-18T22:22:49.551Z,32.162,0.10590501129627228,-0.014441591687500477,0.11071887612342834
1626646868908,2021-07-18T22:22:49.562Z,32.202,-0.13799743354320526,-0.13639281690120697,-0.1331835687160492
1626646868947,2021-07-18T22:22:49.565Z,32.241,0.10590501129627228,-0.07541720569133759,-0.37708601355552673
1626646868987,2021-07-18T22:22:49.567Z,32.281,0.16688062250614166,-0.13639281690120697,-0.6209884881973267
1626646869026,2021-07-18T22:22:49.578Z,32.32,0.4717586636543274,-0.13639281690120697,-0.4990372359752655
1626646869067,2021-07-18T22:22:49.591Z,32.361,0.5327342748641968,-0.25834402441978455,-0.4380616247653961
1626646869107,2021-07-18T22:22:49.606Z,32.401,0.28883183002471924,-0.13639281690120697,-0.19415917992591858
1626646869146,2021-07-18T22:22:49.608Z,32.44,0.22785623371601105,-0.19736842811107635,-0.011232349090278149
1626646869186,2021-07-18T22:22:49.610Z,32.48,-0.01604621298611164,-0.07541720569133759,0.04974326118826866
1626646869226,2021-07-18T22:22:49.621Z,32.52,-0.13799743354320526,-0.13639281690120697,-0.07220795750617981
1626646869267,2021-07-18T22:22:49.624Z,32.561,0.044929396361112595,-0.014441591687500477,-0.011232349090278149
1626646869306,2021-07-18T22:22:49.626Z,32.6,0.22785623371601105,-0.014441591687500477,-0.011232349090278149
1626646869346,2021-07-18T22:22:49.637Z,32.64,0.16688062250614166,-0.07541720569133759,0.11071887612342834
1626646869385,2021-07-18T22:22:49.639Z,32.679,0.10590501129627228,0.10750962793827057,-0.1331835687160492
1626646869425,2021-07-18T22:22:49.642Z,32.719,-0.19897304475307465,0.10750962793827057,-0.07220795750617981
1626646869466,2021-07-18T22:22:49.653Z,32.76,-0.19897304475307465,-0.07541720569133759,-0.011232349090278149
1626646869505,2021-07-18T22:22:49.655Z,32.799,-0.19897304475307465,0.04653402045369148,0.11071887612342834
1626646869545,2021-07-18T22:22:49.657Z,32.839,-0.01604621298611164,0.04653402045369148,0.04974326118826866
1626646869584,2021-07-18T22:22:49.668Z,32.878,-0.01604621298611164,0.16848523914813995,0.11071887612342834
1626646869624,2021-07-18T22:22:49.670Z,32.918,-0.01604621298611164,0.04653402045369148,-0.07220795750617981
1626646869663,2021-07-18T22:22:49.681Z,32.957,-0.01604621298611164,0.04653402045369148,-0.19415917992591858
1626646869705,2021-07-18T22:22:49.684Z,32.999,0.044929396361112595,-0.13639281690120697,-0.19415917992591858
1626646869744,2021-07-18T22:22:49.686Z,33.038,0.10590501129627228,-0.014441591687500477,-0.011232349090278149
1626646869784,2021-07-18T22:22:49.697Z,33.078,0.10590501129627228,-0.19736842811107635,0.04974326118826866
1626646869823,2021-07-18T22:22:49.699Z,33.117,0.10590501129627228,-0.07541720569133759,0.17169448733329773
1626646869863,2021-07-18T22:22:49.702Z,33.157,0.16688062250614166,0.2904364764690399,0.04974326118826866
1626646869904,2021-07-18T22:22:49.713Z,33.198,-0.19897304475307465,-0.07541720569133759,0.11071887612342834
1626646869943,2021-07-18T22:22:49.715Z,33.237,-0.2599486708641052,0.10750962793827057,0.5375481247901917
1626646869983,2021-07-18T22:22:49.717Z,33.277,-0.2599486708641052,0.10750962793827057,0.7814505696296692
1626646870022,2021-07-18T22:22:49.728Z,33.316,-0.07702182233333588,0.7172656655311584,0.903401792049408
1626646870062,2021-07-18T22:22:49.730Z,33.356,-0.19897304475307465,0.22946085035800934,0.23267009854316711
1626646870103,2021-07-18T22:22:49.742Z,33.397,-0.19897304475307465,-0.014441591687500477,-0.07220795750617981
1626646870142,2021-07-18T22:22:49.744Z,33.436,0.10590501129627228,-0.07541720569133759,-0.07220795750617981
1626646870182,2021-07-18T22:22:49.747Z,33.476,0.044929396361112595,-0.07541720569133759,-0.011232349090278149
1626646870222,2021-07-18T22:22:49.773Z,33.516,-0.19897304475307465,-0.13639281690120697,-0.011232349090278149
1626646870261,2021-07-18T22:22:49.775Z,33.555,-0.2599486708641052,0.04653402045369148,0.04974326118826866
1626646870301,2021-07-18T22:22:49.777Z,33.595,-0.19897304475307465,0.16848523914813995,0.04974326118826866
1626646870342,2021-07-18T22:22:49.788Z,33.636,-0.07702182233333588,-0.07541720569133759,0.04974326118826866
1626646870381,2021-07-18T22:22:49.790Z,33.675,0.16688062250614166,-0.07541720569133759,0.04974326118826866
1626646870421,2021-07-18T22:22:49.801Z,33.715,0.22785623371601105,-0.014441591687500477,-0.1331835687160492
1626646870460,2021-07-18T22:22:49.803Z,33.754,0.044929396361112595,-0.25834402441978455,0.04974326118826866
1626646870500,2021-07-18T22:22:49.832Z,33.794,0.044929396361112595,0.04653402045369148,0.04974326118826866
1626646870541,2021-07-18T22:22:49.834Z,33.835,-0.07702182233333588,-0.07541720569133759,0.11071887612342834
1626646870580,2021-07-18T22:22:49.846Z,33.874,0.10590501129627228,0.04653402045369148,0.11071887612342834
1626646870620,2021-07-18T22:22:49.848Z,33.914,0.044929396361112595,-0.014441591687500477,-0.011232349090278149
1626646870660,2021-07-18T22:22:49.850Z,33.954,0.10590501129627228,-0.014441591687500477,-0.07220795750617981
1626646870699,2021-07-18T22:22:49.861Z,33.993,-0.01604621298611164,-0.07541720569133759,-0.011232349090278149
1626646870739,2021-07-18T22:22:49.864Z,34.033,0.044929396361112595,0.04653402045369148,-0.011232349090278149
1626646870780,2021-07-18T22:22:49.866Z,34.074,-0.01604621298611164,0.22946085035800934,-0.07220795750617981
1626646870819,2021-07-18T22:22:49.877Z,34.113,-0.07702182233333588,-0.19736842811107635,0.04974326118826866
1626646870859,2021-07-18T22:22:49.879Z,34.153,-0.07702182233333588,-0.014441591687500477,-0.011232349090278149
1626646870898,2021-07-18T22:22:49.882Z,34.192,0.044929396361112595,0.22946085035800934,-0.011232349090278149
1626646870938,2021-07-18T22:22:49.893Z,34.232,-0.07702182233333588,-0.014441591687500477,0.04974326118826866
1626646870979,2021-07-18T22:22:49.895Z,34.273,-0.13799743354320526,0.04653402045369148,-0.011232349090278149
1626646871018,2021-07-18T22:22:49.897Z,34.312,0.10590501129627228,-0.014441591687500477,0.04974326118826866
1626646871058,2021-07-18T22:22:49.908Z,34.352,-0.01604621298611164,0.04653402045369148,-0.011232349090278149
1626646871098,2021-07-18T22:22:49.910Z,34.392,0.044929396361112595,-0.014441591687500477,0.11071887612342834
1626646871137,2021-07-18T22:22:49.921Z,34.431,-0.01604621298611164,-0.19736842811107635,-0.07220795750617981
1626646871178,2021-07-18T22:22:49.923Z,34.472,-0.07702182233333588,0.22946085035800934,-0.1331835687160492
1626646871218,2021-07-18T22:22:49.938Z,34.512,-0.07702182233333588,-0.13639281690120697,0.04974326118826866
1626646871257,2021-07-18T22:22:49.940Z,34.551,0.044929396361112595,-0.07541720569133759,0.11071887612342834
1626646871297,2021-07-18T22:22:49.952Z,34.591,0.16688062250614166,0.04653402045369148,0.04974326118826866
1626646871336,2021-07-18T22:22:49.955Z,34.63,-0.01604621298611164,-0.014441591687500477,0.11071887612342834
1626646871376,2021-07-18T22:22:49.966Z,34.67,-0.13799743354320526,-0.13639281690120697,0.11071887612342834
1626646871417,2021-07-18T22:22:49.968Z,34.711,-0.01604621298611164,-0.014441591687500477,-0.07220795750617981
1626646871456,2021-07-18T22:22:49.970Z,34.75,-0.07702182233333588,-0.014441591687500477,-0.011232349090278149
1626646871496,2021-07-18T22:22:49.982Z,34.79,-0.01604621298611164,-0.07541720569133759,-0.011232349090278149
1626646871536,2021-07-18T22:22:49.984Z,34.83,-0.07702182233333588,0.04653402045369148,-0.07220795750617981
1626646871575,2021-07-18T22:22:49.986Z,34.869,0.044929396361112595,0.04653402045369148,0.04974326118826866
1626646871616,2021-07-18T22:22:49.997Z,34.91,0.10590501129627228,-0.13639281690120697,0.04974326118826866
1626646871656,2021-07-18T22:22:50.000Z,34.95,-0.07702182233333588,-0.014441591687500477,-0.011232349090278149
1626646871695,2021-07-18T22:22:50.011Z,34.989,-0.01604621298611164,-0.13639281690120697,-0.07220795750617981
1626646871735,2021-07-18T22:22:50.013Z,35.029,-0.01604621298611164,-0.014441591687500477,-0.011232349090278149
1626646871774,2021-07-18T22:22:50.015Z,35.068,0.10590501129627228,-0.014441591687500477,-0.011232349090278149
1626646871815,2021-07-18T22:22:50.027Z,35.109,-0.01604621298611164,-0.014441591687500477,-0.011232349090278149
1626646871855,2021-07-18T22:22:50.029Z,35.149,-0.01604621298611164,0.04653402045369148,-0.07220795750617981
1626646871894,2021-07-18T22:22:50.031Z,35.188,-0.07702182233333588,0.04653402045369148,-0.1331835687160492
1626646871934,2021-07-18T22:22:50.042Z,35.228,-0.07702182233333588,-0.07541720569133759,-0.011232349090278149
1626646871974,2021-07-18T22:22:50.071Z,35.268,0.10590501129627228,0.10750962793827057,0.04974326118826866
1626646872013,2021-07-18T22:22:50.073Z,35.307,0.044929396361112595,0.04653402045369148,0.11071887612342834
1626646872054,2021-07-18T22:22:50.075Z,35.348,0.22785623371601105,0.04653402045369148,0.17169448733329773
1626646872094,2021-07-18T22:22:50.086Z,35.388,-0.07702182233333588,0.16848523914813995,-0.07220795750617981
1626646872133,2021-07-18T22:22:50.089Z,35.427,0.22785623371601105,0.04653402045369148,-0.25513479113578796
1626646872173,2021-07-18T22:22:50.091Z,35.467,-0.4428755044937134,-0.25834402441978455,-0.4380616247653961
1626646872212,2021-07-18T22:22:50.102Z,35.506,-0.2599486708641052,-0.014441591687500477,-0.31611040234565735
1626646872253,2021-07-18T22:22:50.104Z,35.547,0.10590501129627228,-0.014441591687500477,-0.011232349090278149
1626646872293,2021-07-18T22:22:50.107Z,35.587,0.10590501129627228,0.04653402045369148,-0.07220795750617981
1626646872332,2021-07-18T22:22:50.118Z,35.626,-0.01604621298611164,-0.13639281690120697,-0.07220795750617981
1626646872372,2021-07-18T22:22:50.120Z,35.666,0.044929396361112595,-0.014441591687500477,-0.1331835687160492
1626646872412,2021-07-18T22:22:50.122Z,35.706,0.044929396361112595,-0.19736842811107635,-0.19415917992591858
1626646872453,2021-07-18T22:22:50.133Z,35.747,-0.07702182233333588,-0.07541720569133759,-0.07220795750617981
1626646872492,2021-07-18T22:22:50.147Z,35.786,0.16688062250614166,-0.13639281690120697,-0.1331835687160492
1626646872532,2021-07-18T22:22:50.161Z,35.826,0.10590501129627228,-0.07541720569133759,-0.011232349090278149
1626646872571,2021-07-18T22:22:50.163Z,35.865,0.10590501129627228,0.04653402045369148,-0.011232349090278149
1626646872611,2021-07-18T22:22:50.166Z,35.905,-0.01604621298611164,-0.07541720569133759,-0.19415917992591858
1626646872650,2021-07-18T22:22:50.177Z,35.944,-0.01604621298611164,0.10750962793827057,-0.1331835687160492
1626646872691,2021-07-18T22:22:50.179Z,35.985,-0.07702182233333588,-0.19736842811107635,-0.07220795750617981
1626646872731,2021-07-18T22:22:50.181Z,36.025,-0.01604621298611164,0.16848523914813995,0.04974326118826866
1626646872770,2021-07-18T22:22:50.193Z,36.064,0.10590501129627228,0.22946085035800934,0.04974326118826866
1626646872810,2021-07-18T22:22:50.195Z,36.104,0.16688062250614166,0.10750962793827057,0.04974326118826866
1626646872850,2021-07-18T22:22:50.197Z,36.144,0.044929396361112595,-0.014441591687500477,-0.07220795750617981
1626646872891,2021-07-18T22:22:50.208Z,36.185,-0.01604621298611164,-0.13639281690120697,-0.011232349090278149
1626646872930,2021-07-18T22:22:50.210Z,36.224,-0.07702182233333588,0.10750962793827057,-0.19415917992591858
1626646872970,2021-07-18T22:22:50.212Z,36.264,-0.07702182233333588,-0.31931963562965393,-0.011232349090278149
1626646873009,2021-07-18T22:22:50.223Z,36.303,-0.01604621298611164,-0.014441591687500477,0.04974326118826866
1626646873049,2021-07-18T22:22:50.226Z,36.343,0.10590501129627228,-0.07541720569133759,0.04974326118826866
1626646873090,2021-07-18T22:22:50.236Z,36.384,0.10590501129627228,-0.014441591687500477,-0.011232349090278149
1626646873129,2021-07-18T22:22:50.238Z,36.423,0.044929396361112595,-0.07541720569133759,0.04974326118826866
1626646873169,2021-07-18T22:22:50.240Z,36.463,0.044929396361112595,-0.014441591687500477,0.04974326118826866
1626646873208,2021-07-18T22:22:50.252Z,36.502,0.22785623371601105,-0.07541720569133759,-0.011232349090278149
1626646873248,2021-07-18T22:22:50.254Z,36.542,0.22785623371601105,0.04653402045369148,0.04974326118826866
1626646873288,2021-07-18T22:22:50.256Z,36.582,0.22785623371601105,0.04653402045369148,0.11071887612342834
1626646873329,2021-07-18T22:22:50.267Z,36.623,0.10590501129627228,-0.13639281690120697,0.2936457097530365
1626646873368,2021-07-18T22:22:50.270Z,36.662,0.28883183002471924,0.22946085035800934,0.3546213209629059
1626646873408,2021-07-18T22:22:50.272Z,36.702,0.3498074412345886,0.16848523914813995,0.23267009854316711
1626646873447,2021-07-18T22:22:50.283Z,36.741,0.10590501129627228,0.10750962793827057,0.23267009854316711
1626646873487,2021-07-18T22:22:50.285Z,36.781,0.044929396361112595,-0.07541720569133759,0.04974326118826866
1626646873526,2021-07-18T22:22:50.297Z,36.82,0.16688062250614166,-0.07541720569133759,0.11071887612342834
1626646873567,2021-07-18T22:22:50.299Z,36.861,0.044929396361112595,-0.014441591687500477,0.04974326118826866
1626646873607,2021-07-18T22:22:50.301Z,36.901,-0.01604621298611164,0.16848523914813995,-0.07220795750617981
1626646873646,2021-07-18T22:22:50.358Z,36.94,-0.3209242820739746,-0.19736842811107635,-0.07220795750617981
1626646873686,2021-07-18T22:22:50.360Z,36.98,-0.13799743354320526,-0.014441591687500477,-0.25513479113578796
1626646873726,2021-07-18T22:22:50.371Z,37.02,-0.19897304475307465,0.16848523914813995,-0.1331835687160492
1626646873767,2021-07-18T22:22:50.374Z,37.061,-0.2599486708641052,-0.31931963562965393,-0.011232349090278149
1626646873806,2021-07-18T22:22:50.376Z,37.1,-0.01604621298611164,0.4123876988887787,-0.011232349090278149
1626646873846,2021-07-18T22:22:50.387Z,37.14,0.28883183002471924,-0.31931963562965393,0.2936457097530365
1626646873885,2021-07-18T22:22:50.389Z,37.179,0.4717586636543274,0.10750962793827057,0.3546213209629059
1626646873925,2021-07-18T22:22:50.392Z,37.219,0.3498074412345886,0.04653402045369148,0.23267009854316711
1626646873966,2021-07-18T22:22:50.403Z,37.26,0.044929396361112595,-0.19736842811107635,-0.011232349090278149
1626646874005,2021-07-18T22:22:50.405Z,37.299,-0.01604621298611164,0.16848523914813995,-0.1331835687160492
1626646874045,2021-07-18T22:22:50.407Z,37.339,-0.19897304475307465,0.04653402045369148,-0.19415917992591858
1626646874084,2021-07-18T22:22:50.418Z,37.378,-0.2599486708641052,0.10750962793827057,-0.31611040234565735
1626646874125,2021-07-18T22:22:50.420Z,37.419,-0.13799743354320526,-0.25834402441978455,-0.1331835687160492
1626646874163,2021-07-18T22:22:50.431Z,37.457,0.10590501129627228,0.10750962793827057,-0.011232349090278149
1626646874205,2021-07-18T22:22:50.433Z,37.499,0.22785623371601105,-0.19736842811107635,0.04974326118826866
1626646874244,2021-07-18T22:22:50.436Z,37.538,0.28883183002471924,-0.19736842811107635,-0.011232349090278149
1626646874284,2021-07-18T22:22:50.447Z,37.578,-0.01604621298611164,0.16848523914813995,-0.19415917992591858
1626646874323,2021-07-18T22:22:50.449Z,37.617,-0.2599486708641052,-0.19736842811107635,0.04974326118826866
1626646874363,2021-07-18T22:22:50.452Z,37.657,0.10590501129627228,-0.13639281690120697,0.23267009854316711
1626646874404,2021-07-18T22:22:50.463Z,37.698,0.28883183002471924,0.2904364764690399,0.17169448733329773
1626646874443,2021-07-18T22:22:50.465Z,37.737,0.16688062250614166,-0.014441591687500477,0.17169448733329773
1626646874483,2021-07-18T22:22:50.467Z,37.777,-0.13799743354320526,-0.25834402441978455,-0.07220795750617981
1626646874522,2021-07-18T22:22:50.478Z,37.816,-0.13799743354320526,0.2904364764690399,-0.37708601355552673
1626646874562,2021-07-18T22:22:50.493Z,37.856,-0.13799743354320526,-0.13639281690120697,-0.31611040234565735
1626646874601,2021-07-18T22:22:50.495Z,37.895,-0.13799743354320526,-0.25834402441978455,-0.1331835687160492
1626646874642,2021-07-18T22:22:50.506Z,37.936,0.22785623371601105,0.10750962793827057,0.11071887612342834
1626646874682,2021-07-18T22:22:50.509Z,37.976,0.22785623371601105,-0.31931963562965393,0.2936457097530365
1626646874722,2021-07-18T22:22:50.511Z,38.016,0.3498074412345886,0.3514120876789093,0.23267009854316711
1626646874761,2021-07-18T22:22:50.523Z,38.055,0.16688062250614166,-0.19736842811107635,0.2936457097530365
1626646874801,2021-07-18T22:22:50.525Z,38.095,0.10590501129627228,0.10750962793827057,-0.1331835687160492
1626646874842,2021-07-18T22:22:50.536Z,38.136,-0.3209242820739746,0.16848523914813995,-0.25513479113578796
1626646874881,2021-07-18T22:22:50.538Z,38.175,-0.381899893283844,-0.19736842811107635,-0.1331835687160492
1626646874921,2021-07-18T22:22:50.540Z,38.215,0.16688062250614166,-0.25834402441978455,-0.07220795750617981
1626646874960,2021-07-18T22:22:50.551Z,38.254,0.410783052444458,0.3514120876789093,-0.25513479113578796
1626646875000,2021-07-18T22:22:50.554Z,38.294,0.044929396361112595,-0.25834402441978455,0.04974326118826866
1626646875041,2021-07-18T22:22:50.556Z,38.335,0.044929396361112595,-0.19736842811107635,0.04974326118826866
1626646875080,2021-07-18T22:22:50.567Z,38.374,-0.01604621298611164,0.16848523914813995,-0.011232349090278149
1626646875120,2021-07-18T22:22:50.569Z,38.414,-0.01604621298611164,-0.07541720569133759,0.17169448733329773
1626646875160,2021-07-18T22:22:50.572Z,38.454,0.10590501129627228,-0.014441591687500477,-0.011232349090278149
1626646875199,2021-07-18T22:22:50.583Z,38.493,-0.07702182233333588,-0.07541720569133759,-0.07220795750617981
1626646875239,2021-07-18T22:22:50.585Z,38.533,-0.07702182233333588,-0.13639281690120697,-0.1331835687160492
1626646875280,2021-07-18T22:22:50.587Z,38.574,-0.13799743354320526,0.16848523914813995,-0.1331835687160492
1626646875319,2021-07-18T22:22:50.598Z,38.613,-0.19897304475307465,-0.19736842811107635,-0.011232349090278149
1626646875359,2021-07-18T22:22:50.601Z,38.653,-0.01604621298611164,0.04653402045369148,0.04974326118826866
1626646875398,2021-07-18T22:22:50.627Z,38.692,0.16688062250614166,-0.13639281690120697,-0.011232349090278149
1626646875438,2021-07-18T22:22:50.629Z,38.732,0.044929396361112595,-0.31931963562965393,-0.011232349090278149
1626646875479,2021-07-18T22:22:50.632Z,38.773,0.044929396361112595,0.22946085035800934,-0.1331835687160492
1626646875518,2021-07-18T22:22:50.643Z,38.812,-0.07702182233333588,-0.07541720569133759,-0.011232349090278149
1626646875558,2021-07-18T22:22:50.645Z,38.852,-0.13799743354320526,-0.07541720569133759,0.11071887612342834
1626646875598,2021-07-18T22:22:50.647Z,38.892,0.044929396361112595,0.2904364764690399,0.04974326118826866
1626646875637,2021-07-18T22:22:50.658Z,38.931,-0.01604621298611164,-0.07541720569133759,0.11071887612342834
1626646875677,2021-07-18T22:22:50.660Z,38.971,0.10590501129627228,0.04653402045369148,0.04974326118826866
1626646875718,2021-07-18T22:22:50.671Z,39.012,-0.01604621298611164,0.04653402045369148,-0.011232349090278149
1626646875757,2021-07-18T22:22:50.673Z,39.051,-0.07702182233333588,-0.014441591687500477,0.04974326118826866
1626646875797,2021-07-18T22:22:50.676Z,39.091,-0.01604621298611164,0.10750962793827057,-0.011232349090278149
1626646875836,2021-07-18T22:22:50.687Z,39.13,0.044929396361112595,-0.13639281690120697,-0.011232349090278149
1626646875876,2021-07-18T22:22:50.689Z,39.17,-0.07702182233333588,0.04653402045369148,-0.07220795750617981
1626646875917,2021-07-18T22:22:50.703Z,39.211,-0.01604621298611164,-0.07541720569133759,-0.1331835687160492
1626646875956,2021-07-18T22:22:50.718Z,39.25,-0.01604621298611164,0.10750962793827057,-0.1331835687160492
1626646875996,2021-07-18T22:22:50.720Z,39.29,-0.01604621298611164,-0.014441591687500477,0.11071887612342834
1626646876036,2021-07-18T22:22:50.722Z,39.33,-0.01604621298611164,0.04653402045369148,0.11071887612342834
1626646876075,2021-07-18T22:22:50.733Z,39.369,0.10590501129627228,-0.014441591687500477,0.11071887612342834
1626646876116,2021-07-18T22:22:50.735Z,39.41,0.044929396361112595,-0.014441591687500477,-0.1331835687160492
1626646876156,2021-07-18T22:22:50.746Z,39.45,-0.07702182233333588,0.04653402045369148,-0.1331835687160492
1626646876195,2021-07-18T22:22:50.748Z,39.489,-0.07702182233333588,-0.07541720569133759,-0.07220795750617981
1626646876235,2021-07-18T22:22:50.751Z,39.529,0.10590501129627228,-0.13639281690120697,-0.07220795750617981
1626646876274,2021-07-18T22:22:50.762Z,39.568,0.16688062250614166,0.04653402045369148,-0.011232349090278149
1626646876315,2021-07-18T22:22:50.764Z,39.609,0.044929396361112595,-0.07541720569133759,0.11071887612342834
1626646876355,2021-07-18T22:22:50.766Z,39.649,-0.01604621298611164,-0.07541720569133759,0.11071887612342834
1626646876394,2021-07-18T22:22:50.778Z,39.688,0.044929396361112595,0.10750962793827057,-0.07220795750617981
1626646876434,2021-07-18T22:22:50.780Z,39.728,-0.01604621298611164,-0.07541720569133759,-0.011232349090278149
1626646876474,2021-07-18T22:22:50.782Z,39.768,-0.13799743354320526,-0.19736842811107635,-0.011232349090278149
1626646876513,2021-07-18T22:22:50.793Z,39.807,0.10590501129627228,0.04653402045369148,-0.1331835687160492
1626646876554,2021-07-18T22:22:50.795Z,39.848,-0.01604621298611164,-0.014441591687500477,-0.011232349090278149
1626646876594,2021-07-18T22:22:50.806Z,39.888,0.10590501129627228,-0.014441591687500477,0.04974326118826866
1626646876633,2021-07-18T22:22:50.809Z,39.927,-0.07702182233333588,-0.07541720569133759,-0.011232349090278149
1626646876673,2021-07-18T22:22:50.811Z,39.967,-0.01604621298611164,-0.014441591687500477,-0.07220795750617981
1626646876712,2021-07-18T22:22:50.823Z,40.006,-0.01604621298611164,-0.014441591687500477,-0.011232349090278149
1626646876752,2021-07-18T22:22:50.852Z,40.046,-0.07702182233333588,-0.07541720569133759,0.04974326118826866
1626646876793,2021-07-18T22:22:50.854Z,40.087,-0.07702182233333588,-0.014441591687500477,-0.07220795750617981
1626646876832,2021-07-18T22:22:50.857Z,40.126,-0.07702182233333588,0.04653402045369148,-0.07220795750617981
1626646876872,2021-07-18T22:22:50.883Z,40.166,-0.07702182233333588,0.10750962793827057,-0.19415917992591858
1626646876912,2021-07-18T22:22:50.885Z,40.206,0.044929396361112595,-0.13639281690120697,0.11071887612342834
1626646876951,2021-07-18T22:22:50.896Z,40.245,0.10590501129627228,-0.014441591687500477,0.11071887612342834
1626646876992,2021-07-18T22:22:50.898Z,40.286,0.22785623371601105,0.04653402045369148,0.17169448733329773
1626646877032,2021-07-18T22:22:50.900Z,40.326,0.16688062250614166,0.04653402045369148,-0.011232349090278149
1626646877071,2021-07-18T22:22:50.911Z,40.365,-0.13799743354320526,0.04653402045369148,0.04974326118826866
1626646877111,2021-07-18T22:22:50.914Z,40.405,-0.07702182233333588,-0.014441591687500477,-0.07220795750617981
1626646877150,2021-07-18T22:22:50.916Z,40.444,-0.01604621298611164,-0.014441591687500477,-0.1331835687160492
1626646877190,2021-07-18T22:22:50.927Z,40.484,0.044929396361112595,-0.13639281690120697,-0.07220795750617981
1626646877231,2021-07-18T22:22:50.929Z,40.525,0.044929396361112595,-0.014441591687500477,-0.011232349090278149
1626646877270,2021-07-18T22:22:50.932Z,40.564,-0.01604621298611164,-0.07541720569133759,0.04974326118826866
1626646877310,2021-07-18T22:22:50.943Z,40.604,0.16688062250614166,0.10750962793827057,-0.011232349090278149
1626646877350,2021-07-18T22:22:50.945Z,40.644,0.10590501129627228,-0.014441591687500477,0.04974326118826866
1626646877389,2021-07-18T22:22:50.947Z,40.683,-0.13799743354320526,-0.014441591687500477,-0.011232349090278149
1626646877430,2021-07-18T22:22:50.958Z,40.724,-0.07702182233333588,-0.014441591687500477,-0.07220795750617981
1626646877470,2021-07-18T22:22:50.961Z,40.764,0.044929396361112595,-0.07541720569133759,-0.011232349090278149
1626646877509,2021-07-18T22:22:50.971Z,40.803,0.10590501129627228,-0.014441591687500477,-0.011232349090278149
1626646877549,2021-07-18T22:22:50.974Z,40.843,0.044929396361112595,-0.014441591687500477,-0.011232349090278149
1626646877588,2021-07-18T22:22:50.976Z,40.882,0.044929396361112595,-0.07541720569133759,-0.011232349090278149
1626646877628,2021-07-18T22:22:50.987Z,40.922,0.10590501129627228,-0.13639281690120697,0.04974326118826866
1626646877669,2021-07-18T22:22:50.989Z,40.963,0.044929396361112595,-0.07541720569133759,0.04974326118826866
1626646877708,2021-07-18T22:22:50.992Z,41.002,0.044929396361112595,-0.014441591687500477,-0.011232349090278149
1626646877748,2021-07-18T22:22:51.003Z,41.042,-0.01604621298611164,-0.014441591687500477,0.04974326118826866
1626646877788,2021-07-18T22:22:51.005Z,41.082,0.044929396361112595,-0.07541720569133759,-0.011232349090278149
1626646877827,2021-07-18T22:22:51.007Z,41.121,-0.01604621298611164,0.04653402045369148,-0.07220795750617981
1626646877868,2021-07-18T22:22:51.018Z,41.162,-0.19897304475307465,-0.07541720569133759,-0.011232349090278149
1626646877908,2021-07-18T22:22:51.021Z,41.202,0.10590501129627228,-0.014441591687500477,-0.011232349090278149
1626646877947,2021-07-18T22:22:51.031Z,41.241,0.22785623371601105,0.10750962793827057,-0.011232349090278149
1626646877987,2021-07-18T22:22:51.033Z,41.281,0.10590501129627228,-0.014441591687500477,-0.011232349090278149
1626646878026,2021-07-18T22:22:51.048Z,41.32,0.044929396361112595,-0.014441591687500477,0.04974326118826866
1626646878067,2021-07-18T22:22:51.050Z,41.361,-0.01604621298611164,0.16848523914813995,-0.1331835687160492
1626646878107,2021-07-18T22:22:51.062Z,41.401,-0.13799743354320526,0.04653402045369148,0.04974326118826866
1626646878146,2021-07-18T22:22:51.064Z,41.44,-0.07702182233333588,-0.19736842811107635,0.04974326118826866
1626646878186,2021-07-18T22:22:51.076Z,41.48,-0.01604621298611164,-0.014441591687500477,-0.011232349090278149
1626646878226,2021-07-18T22:22:51.078Z,41.52,0.10590501129627228,0.10750962793827057,-0.07220795750617981
1626646878265,2021-07-18T22:22:51.080Z,41.559,-0.07702182233333588,0.16848523914813995,-0.07220795750617981
1626646878306,2021-07-18T22:22:51.091Z,41.6,-0.01604621298611164,0.04653402045369148,0.04974326118826866
1626646878346,2021-07-18T22:22:51.094Z,41.64,0.10590501129627228,0.04653402045369148,-0.07220795750617981
1626646878385,2021-07-18T22:22:51.096Z,41.679,0.10590501129627228,0.16848523914813995,-0.011232349090278149
1626646878425,2021-07-18T22:22:51.107Z,41.719,-0.01604621298611164,-0.014441591687500477,0.11071887612342834
1626646878464,2021-07-18T22:22:51.109Z,41.758,-0.07702182233333588,-0.07541720569133759,-0.011232349090278149
1626646878505,2021-07-18T22:22:51.112Z,41.799,0.10590501129627228,0.10750962793827057,-0.011232349090278149
1626646878545,2021-07-18T22:22:51.123Z,41.839,-0.01604621298611164,0.04653402045369148,-0.011232349090278149
1626646878584,2021-07-18T22:22:51.125Z,41.878,-0.07702182233333588,-0.13639281690120697,-0.011232349090278149
1626646878624,2021-07-18T22:22:51.127Z,41.918,-0.07702182233333588,0.04653402045369148,-0.1331835687160492
1626646878663,2021-07-18T22:22:51.138Z,41.957,0.044929396361112595,-0.07541720569133759,-0.07220795750617981
1626646878703,2021-07-18T22:22:51.140Z,41.997,-0.01604621298611164,0.04653402045369148,-0.011232349090278149
1626646878744,2021-07-18T22:22:51.151Z,42.038,0.044929396361112595,-0.13639281690120697,0.04974326118826866
1626646878784,2021-07-18T22:22:51.153Z,42.078,0.10590501129627228,-0.07541720569133759,-0.07220795750617981
1626646878823,2021-07-18T22:22:51.156Z,42.117,-0.13799743354320526,0.04653402045369148,-0.011232349090278149
1626646878863,2021-07-18T22:22:51.168Z,42.157,-0.01604621298611164,-0.07541720569133759,-0.011232349090278149
1626646878902,2021-07-18T22:22:51.170Z,42.196,-0.01604621298611164,-0.014441591687500477,-0.07220795750617981
1626646878943,2021-07-18T22:22:51.172Z,42.237,-0.07702182233333588,-0.014441591687500477,-0.1331835687160492
1626646878983,2021-07-18T22:22:51.183Z,42.277,-0.13799743354320526,-0.014441591687500477,-0.011232349090278149
1626646879022,2021-07-18T22:22:51.185Z,42.316,-0.01604621298611164,-0.014441591687500477,-0.011232349090278149
1626646879062,2021-07-18T22:22:51.196Z,42.356,-0.01604621298611164,-0.13639281690120697,-0.011232349090278149
1626646879101,2021-07-18T22:22:51.199Z,42.395,0.16688062250614166,0.16848523914813995,-0.011232349090278149
1626646879142,2021-07-18T22:22:51.201Z,42.436,0.10590501129627228,-0.13639281690120697,0.04974326118826866
1626646879182,2021-07-18T22:22:51.212Z,42.476,-0.01604621298611164,-0.014441591687500477,-0.011232349090278149
1626646879222,2021-07-18T22:22:51.214Z,42.516,-0.07702182233333588,0.04653402045369148,0.04974326118826866
1626646879261,2021-07-18T22:22:51.217Z,42.555,-0.01604621298611164,-0.19736842811107635,-0.011232349090278149
1626646879301,2021-07-18T22:22:51.228Z,42.595,0.22785623371601105,-0.014441591687500477,-0.07220795750617981
1626646879340,2021-07-18T22:22:51.230Z,42.634,0.10590501129627228,-0.07541720569133759,-0.07220795750617981
1626646879381,2021-07-18T22:22:51.232Z,42.675,0.10590501129627228,-0.13639281690120697,-0.011232349090278149
1626646879421,2021-07-18T22:22:51.243Z,42.715,-0.01604621298611164,0.04653402045369148,-0.07220795750617981
1626646879460,2021-07-18T22:22:51.257Z,42.754,0.10590501129627228,-0.014441591687500477,-0.011232349090278149
1626646879500,2021-07-18T22:22:51.258Z,42.794,0.044929396361112595,-0.07541720569133759,0.11071887612342834
1626646879539,2021-07-18T22:22:51.273Z,42.833,-0.13799743354320526,0.16848523914813995,-0.011232349090278149
1626646879580,2021-07-18T22:22:51.275Z,42.874,-0.13799743354320526,-0.014441591687500477,-0.011232349090278149
1626646879620,2021-07-18T22:22:51.286Z,42.914,-0.01604621298611164,-0.014441591687500477,0.04974326118826866
1626646879660,2021-07-18T22:22:51.288Z,42.954,0.044929396361112595,-0.014441591687500477,-0.011232349090278149
1626646879699,2021-07-18T22:22:51.290Z,42.993,0.044929396361112595,0.04653402045369148,-0.07220795750617981
1626646879739,2021-07-18T22:22:51.302Z,43.033,-0.13799743354320526,-0.13639281690120697,0.11071887612342834
1626646879778,2021-07-18T22:22:51.304Z,43.072,0.044929396361112595,-0.014441591687500477,0.04974326118826866
1626646879819,2021-07-18T22:22:51.306Z,43.113,0.22785623371601105,0.16848523914813995,-0.011232349090278149
1626646879859,2021-07-18T22:22:51.317Z,43.153,0.044929396361112595,-0.19736842811107635,0.04974326118826866
1626646879898,2021-07-18T22:22:51.347Z,43.192,0.044929396361112595,-0.07541720569133759,-0.011232349090278149
1626646879938,2021-07-18T22:22:51.349Z,43.232,0.044929396361112595,0.10750962793827057,-0.07220795750617981
1626646879977,2021-07-18T22:22:51.361Z,43.271,-0.01604621298611164,-0.19736842811107635,-0.07220795750617981
1626646880018,2021-07-18T22:22:51.363Z,43.312,0.10590501129627228,-0.07541720569133759,-0.011232349090278149
1626646880058,2021-07-18T22:22:51.365Z,43.352,0.044929396361112595,0.10750962793827057,-0.011232349090278149
1626646880098,2021-07-18T22:22:51.376Z,43.392,-0.01604621298611164,-0.13639281690120697,0.11071887612342834
1626646880137,2021-07-18T22:22:51.379Z,43.431,0.044929396361112595,-0.07541720569133759,-0.011232349090278149
1626646880177,2021-07-18T22:22:51.381Z,43.471,-0.01604621298611164,-0.014441591687500477,0.04974326118826866
1626646880216,2021-07-18T22:22:51.392Z,43.51,-0.13799743354320526,-0.014441591687500477,0.04974326118826866
1626646880257,2021-07-18T22:22:51.394Z,43.551,-0.07702182233333588,-0.014441591687500477,-0.011232349090278149
1626646880297,2021-07-18T22:22:51.406Z,43.591,-0.07702182233333588,-0.07541720569133759,0.04974326118826866
1626646880336,2021-07-18T22:22:51.408Z,43.63,0.044929396361112595,-0.014441591687500477,-0.1331835687160492
1626646880376,2021-07-18T22:22:51.410Z,43.67,-0.01604621298611164,-0.014441591687500477,-0.011232349090278149
1626646880415,2021-07-18T22:22:51.436Z,43.709,-0.13799743354320526,0.04653402045369148,-0.07220795750617981
1626646880456,2021-07-18T22:22:51.439Z,43.75,0.10590501129627228,-0.014441591687500477,-0.1331835687160492
1626646880496,2021-07-18T22:22:51.441Z,43.79,0.10590501129627228,-0.07541720569133759,0.04974326118826866
1626646880536,2021-07-18T22:22:51.452Z,43.83,-0.07702182233333588,0.04653402045369148,-0.011232349090278149
1626646880575,2021-07-18T22:22:51.454Z,43.869,-0.13799743354320526,-0.13639281690120697,0.11071887612342834
1626646880615,2021-07-18T22:22:51.457Z,43.909,-0.01604621298611164,-0.19736842811107635,0.04974326118826866
1626646880654,2021-07-18T22:22:51.468Z,43.948,0.10590501129627228,0.16848523914813995,-0.1331835687160492
1626646880695,2021-07-18T22:22:51.470Z,43.989,-0.01604621298611164,-0.07541720569133759,0.04974326118826866
1626646880735,2021-07-18T22:22:51.481Z,44.029,0.044929396361112595,-0.07541720569133759,-0.011232349090278149
1626646880774,2021-07-18T22:22:51.483Z,44.068,0.10590501129627228,0.10750962793827057,0.04974326118826866
1626646880814,2021-07-18T22:22:51.485Z,44.108,0.044929396361112595,-0.19736842811107635,0.11071887612342834
1626646880853,2021-07-18T22:22:51.496Z,44.147,0.044929396361112595,-0.014441591687500477,-0.011232349090278149
1626646880894,2021-07-18T22:22:51.499Z,44.188,-0.07702182233333588,-0.014441591687500477,-0.07220795750617981
1626646880934,2021-07-18T22:22:51.501Z,44.228,0.044929396361112595,0.10750962793827057,-0.07220795750617981
1626646880974,2021-07-18T22:22:51.512Z,44.268,-0.13799743354320526,-0.014441591687500477,0.04974326118826866
1626646881013,2021-07-18T22:22:51.514Z,44.307,-0.07702182233333588,-0.014441591687500477,0.04974326118826866
1626646881053,2021-07-18T22:22:51.517Z,44.347,0.044929396361112595,-0.014441591687500477,-0.1331835687160492
1626646881094,2021-07-18T22:22:51.528Z,44.388,0.10590501129627228,0.04653402045369148,0.04974326118826866
1626646881133,2021-07-18T22:22:51.530Z,44.427,-0.07702182233333588,-0.19736842811107635,-0.011232349090278149
1626646881173,2021-07-18T22:22:51.532Z,44.467,0.10590501129627228,0.22946085035800934,-0.1331835687160492
1626646881212,2021-07-18T22:22:51.543Z,44.506,-0.07702182233333588,-0.07541720569133759,-0.07220795750617981
1626646881252,2021-07-18T22:22:51.545Z,44.546,0.044929396361112595,-0.07541720569133759,-0.011232349090278149
1626646881291,2021-07-18T22:22:51.556Z,44.585,0.10590501129627228,0.04653402045369148,0.04974326118826866
1626646881332,2021-07-18T22:22:51.558Z,44.626,0.044929396361112595,-0.13639281690120697,0.11071887612342834
1626646881372,2021-07-18T22:22:51.561Z,44.666,0.044929396361112595,-0.07541720569133759,0.04974326118826866
1626646881412,2021-07-18T22:22:51.572Z,44.706,-0.07702182233333588,-0.19736842811107635,0.04974326118826866
1626646881451,2021-07-18T22:22:51.574Z,44.745,-0.01604621298611164,-0.07541720569133759,-0.011232349090278149
1626646881491,2021-07-18T22:22:51.576Z,44.785,-0.01604621298611164,-0.014441591687500477,-0.07220795750617981
1626646881532,2021-07-18T22:22:51.588Z,44.826,0.10590501129627228,-0.07541720569133759,0.11071887612342834
1626646881571,2021-07-18T22:22:51.602Z,44.865,-0.01604621298611164,-0.014441591687500477,0.11071887612342834
1626646881611,2021-07-18T22:22:51.604Z,44.905,0.10590501129627228,-0.07541720569133759,0.04974326118826866
1626646881650,2021-07-18T22:22:51.616Z,44.944,0.10590501129627228,-0.014441591687500477,-0.07220795750617981
1626646881690,2021-07-18T22:22:51.619Z,44.984,0.044929396361112595,0.04653402045369148,-0.1331835687160492
1626646881729,2021-07-18T22:22:51.621Z,45.023,-0.01604621298611164,-0.07541720569133759,-0.1331835687160492
1626646881770,2021-07-18T22:22:51.633Z,45.064,-0.07702182233333588,0.04653402045369148,-0.011232349090278149
1626646881810,2021-07-18T22:22:51.635Z,45.104,0.044929396361112595,-0.13639281690120697,0.04974326118826866
1626646881850,2021-07-18T22:22:51.646Z,45.144,0.044929396361112595,-0.014441591687500477,0.11071887612342834
1626646881889,2021-07-18T22:22:51.648Z,45.183,0.044929396361112595,-0.07541720569133759,-0.011232349090278149
1626646881929,2021-07-18T22:22:51.650Z,45.223,0.044929396361112595,0.16848523914813995,-0.19415917992591858
1626646881970,2021-07-18T22:22:51.661Z,45.264,-0.07702182233333588,-0.13639281690120697,-0.011232349090278149
1626646882009,2021-07-18T22:22:51.664Z,45.303,-0.07702182233333588,-0.07541720569133759,0.04974326118826866
1626646882049,2021-07-18T22:22:51.666Z,45.343,0.044929396361112595,0.04653402045369148,-0.07220795750617981
1626646882088,2021-07-18T22:22:51.677Z,45.382,-0.2599486708641052,-0.07541720569133759,-0.011232349090278149
1626646882128,2021-07-18T22:22:51.679Z,45.422,-0.07702182233333588,0.16848523914813995,-0.25513479113578796
1626646882167,2021-07-18T22:22:51.682Z,45.461,-0.13799743354320526,0.16848523914813995,-0.011232349090278149
1626646882208,2021-07-18T22:22:51.693Z,45.502,0.22785623371601105,-0.5022464990615845,0.47657254338264465
1626646882248,2021-07-18T22:22:51.695Z,45.542,0.6546854972839355,0.16848523914813995,0.2936457097530365
1626646882288,2021-07-18T22:22:51.706Z,45.582,0.5327342748641968,0.22946085035800934,-0.07220795750617981
1626646882327,2021-07-18T22:22:51.708Z,45.621,-0.3209242820739746,-0.19736842811107635,-0.25513479113578796
1626646882367,2021-07-18T22:22:51.711Z,45.661,-0.4428755044937134,0.04653402045369148,-0.25513479113578796
1626646882408,2021-07-18T22:22:51.737Z,45.702,-0.2599486708641052,-0.07541720569133759,-0.1331835687160492
1626646882447,2021-07-18T22:22:51.740Z,45.741,0.10590501129627228,0.16848523914813995,-0.011232349090278149
1626646882487,2021-07-18T22:22:51.742Z,45.781,0.16688062250614166,-0.13639281690120697,0.23267009854316711
1626646882526,2021-07-18T22:22:51.753Z,45.82,0.10590501129627228,-0.19736842811107635,0.23267009854316711
1626646882566,2021-07-18T22:22:51.755Z,45.86,-0.01604621298611164,0.22946085035800934,-0.07220795750617981
1626646882607,2021-07-18T22:22:51.766Z,45.901,-0.2599486708641052,-0.13639281690120697,-0.07220795750617981
1626646882646,2021-07-18T22:22:51.768Z,45.94,-0.19897304475307465,0.16848523914813995,-0.1331835687160492
1626646882686,2021-07-18T22:22:51.770Z,45.98,-0.13799743354320526,-0.13639281690120697,-0.011232349090278149
1626646882726,2021-07-18T22:22:51.781Z,46.02,0.22785623371601105,-0.014441591687500477,-0.011232349090278149
1626646882765,2021-07-18T22:22:51.784Z,46.059,0.28883183002471924,-0.25834402441978455,-0.07220795750617981
1626646882805,2021-07-18T22:22:51.786Z,46.099,0.10590501129627228,0.04653402045369148,-0.1331835687160492
1626646882846,2021-07-18T22:22:51.797Z,46.14,-0.13799743354320526,-0.19736842811107635,-0.011232349090278149
1626646882885,2021-07-18T22:22:51.799Z,46.179,0.10590501129627228,-0.07541720569133759,0.04974326118826866
1626646882925,2021-07-18T22:22:51.813Z,46.219,0.16688062250614166,0.16848523914813995,-0.07220795750617981
1626646882964,2021-07-18T22:22:51.828Z,46.258,0.044929396361112595,0.04653402045369148,-0.011232349090278149
1626646883005,2021-07-18T22:22:51.857Z,46.299,-0.19897304475307465,-0.07541720569133759,-0.011232349090278149
1626646883045,2021-07-18T22:22:51.859Z,46.339,-0.07702182233333588,0.04653402045369148,0.11071887612342834
1626646883084,2021-07-18T22:22:51.861Z,46.378,0.10590501129627228,-0.014441591687500477,0.04974326118826866
1626646883124,2021-07-18T22:22:51.872Z,46.418,0.10590501129627228,0.04653402045369148,-0.011232349090278149
1626646883163,2021-07-18T22:22:51.875Z,46.457,0.044929396361112595,-0.13639281690120697,0.04974326118826866
1626646883203,2021-07-18T22:22:51.877Z,46.497,0.22785623371601105,-0.07541720569133759,-0.011232349090278149
1626646883243,2021-07-18T22:22:51.888Z,46.537,-0.01604621298611164,-0.014441591687500477,-0.1331835687160492
1626646883284,2021-07-18T22:22:51.890Z,46.578,-0.13799743354320526,0.10750962793827057,-0.011232349090278149
1626646883323,2021-07-18T22:22:51.901Z,46.617,-0.3209242820739746,-0.19736842811107635,0.04974326118826866
1626646883363,2021-07-18T22:22:51.903Z,46.657,0.16688062250614166,0.16848523914813995,0.04974326118826866
1626646883402,2021-07-18T22:22:51.905Z,46.696,0.22785623371601105,0.10750962793827057,0.11071887612342834
1626646883442,2021-07-18T22:22:51.916Z,46.736,0.22785623371601105,-0.07541720569133759,0.17169448733329773
1626646883483,2021-07-18T22:22:51.919Z,46.777,-0.07702182233333588,-0.31931963562965393,0.04974326118826866
1626646883522,2021-07-18T22:22:51.921Z,46.816,-0.2599486708641052,0.4123876988887787,-0.37708601355552673
1626646883562,2021-07-18T22:22:51.932Z,46.856,-0.4428755044937134,-0.014441591687500477,-0.1331835687160492
1626646883601,2021-07-18T22:22:51.934Z,46.895,-0.19897304475307465,-0.014441591687500477,0.04974326118826866
1626646883641,2021-07-18T22:22:51.937Z,46.935,0.22785623371601105,0.04653402045369148,0.2936457097530365
1626646883682,2021-07-18T22:22:51.948Z,46.976,0.22785623371601105,0.16848523914813995,0.11071887612342834
1626646883722,2021-07-18T22:22:51.950Z,47.016,0.10590501129627228,-0.07541720569133759,-0.07220795750617981
1626646883761,2021-07-18T22:22:51.962Z,47.055,0.044929396361112595,-0.25834402441978455,-0.011232349090278149
1626646883801,2021-07-18T22:22:51.964Z,47.095,0.28883183002471924,-0.014441591687500477,-0.1331835687160492
1626646883840,2021-07-18T22:22:51.966Z,47.134,0.16688062250614166,0.04653402045369148,-0.07220795750617981
1626646883880,2021-07-18T22:22:51.993Z,47.174,-0.19897304475307465,0.04653402045369148,-0.011232349090278149
1626646883921,2021-07-18T22:22:51.995Z,47.215,-0.2599486708641052,-0.07541720569133759,0.04974326118826866
1626646883960,2021-07-18T22:22:52.006Z,47.254,-0.01604621298611164,0.04653402045369148,0.11071887612342834
1626646884000,2021-07-18T22:22:52.008Z,47.294,0.044929396361112595,-0.014441591687500477,-0.1331835687160492
1626646884039,2021-07-18T22:22:52.010Z,47.333,-0.01604621298611164,-0.014441591687500477,-0.19415917992591858
1626646884070,2021-07-18T22:22:52.021Z,47.364,-0.01604621298611164,-0.3802952468395233,-0.1331835687160492
1626646884110,2021-07-18T22:22:52.024Z,47.404,-0.01604621298611164,0.04653402045369148,-0.1331835687160492
1626646884149,2021-07-18T22:22:52.026Z,47.443,-0.01604621298611164,-0.07541720569133759,0.17169448733329773
1626646884189,2021-07-18T22:22:52.037Z,47.483,-0.01604621298611164,0.10750962793827057,0.2936457097530365
1626646884228,2021-07-18T22:22:52.040Z,47.522,-0.07702182233333588,0.10750962793827057,0.11071887612342834
1626646884269,2021-07-18T22:22:52.042Z,47.563,-0.13799743354320526,0.10750962793827057,-0.1331835687160492
1626646884309,2021-07-18T22:22:52.053Z,47.603,-0.13799743354320526,-0.13639281690120697,-0.19415917992591858
1626646884349,2021-07-18T22:22:52.054Z,47.643,0.410783052444458,-0.07541720569133759,-0.07220795750617981
1626646884388,2021-07-18T22:22:52.057Z,47.682,0.3498074412345886,-0.31931963562965393,0.04974326118826866
1626646884428,2021-07-18T22:22:52.068Z,47.722,-0.19897304475307465,0.3514120876789093,-0.25513479113578796
1626646884467,2021-07-18T22:22:52.070Z,47.761,-0.6258023381233215,-0.07541720569133759,0.2936457097530365
1626646884508,2021-07-18T22:22:52.072Z,47.802,-0.4428755044937134,-0.13639281690120697,0.903401792049408
1626646884548,2021-07-18T22:22:52.083Z,47.842,-0.01604621298611164,0.4123876988887787,0.5375481247901917
1626646884587,2021-07-18T22:22:52.086Z,47.881,0.4717586636543274,0.3514120876789093,-0.1331835687160492
1626646884627,2021-07-18T22:22:52.096Z,47.921,0.28883183002471924,-0.31931963562965393,-0.31611040234565735
1626646884666,2021-07-18T22:22:52.098Z,47.96,-0.13799743354320526,0.04653402045369148,-0.4380616247653961
1626646884707,2021-07-18T22:22:52.101Z,48.001,-0.2599486708641052,0.22946085035800934,-0.1331835687160492
1626646884747,2021-07-18T22:22:52.112Z,48.041,-0.2599486708641052,-0.4412708580493927,0.17169448733329773
1626646884787,2021-07-18T22:22:52.114Z,48.081,-0.07702182233333588,0.4123876988887787,0.11071887612342834
1626646884826,2021-07-18T22:22:52.116Z,48.12,-0.07702182233333588,0.10750962793827057,0.2936457097530365
1626646884866,2021-07-18T22:22:52.128Z,48.16,0.10590501129627228,-0.19736842811107635,0.04974326118826866
1626646884907,2021-07-18T22:22:52.130Z,48.201,0.28883183002471924,0.22946085035800934,-0.31611040234565735
1626646884946,2021-07-18T22:22:52.132Z,48.24,0.10590501129627228,-0.25834402441978455,-0.07220795750617981
1626646884986,2021-07-18T22:22:52.143Z,48.28,-0.07702182233333588,-0.07541720569133759,-0.011232349090278149
1626646885025,2021-07-18T22:22:52.158Z,48.319,-0.07702182233333588,-0.07541720569133759,0.04974326118826866
1626646885065,2021-07-18T22:22:52.160Z,48.359,-0.07702182233333588,0.10750962793827057,-0.011232349090278149
1626646885106,2021-07-18T22:22:52.171Z,48.4,-0.07702182233333588,-0.014441591687500477,-0.07220795750617981
1626646885145,2021-07-18T22:22:52.173Z,48.439,0.16688062250614166,-0.07541720569133759,0.11071887612342834
1626646885185,2021-07-18T22:22:52.176Z,48.479,0.3498074412345886,-0.07541720569133759,0.17169448733329773
1626646885225,2021-07-18T22:22:52.188Z,48.519,0.22785623371601105,0.16848523914813995,-0.011232349090278149
1626646885264,2021-07-18T22:22:52.190Z,48.558,0.10590501129627228,-0.014441591687500477,-0.07220795750617981
1626646885304,2021-07-18T22:22:52.192Z,48.598,-0.01604621298611164,-0.25834402441978455,-0.011232349090278149
1626646885345,2021-07-18T22:22:52.203Z,48.639,-0.01604621298611164,0.16848523914813995,-0.1331835687160492
1626646885384,2021-07-18T22:22:52.205Z,48.678,0.044929396361112595,-0.07541720569133759,-0.19415917992591858
1626646885424,2021-07-18T22:22:52.216Z,48.718,0.044929396361112595,0.04653402045369148,-0.011232349090278149
1626646885463,2021-07-18T22:22:52.218Z,48.757,0.10590501129627228,0.10750962793827057,0.11071887612342834
1626646885503,2021-07-18T22:22:52.221Z,48.797,0.10590501129627228,0.04653402045369148,0.11071887612342834
1626646885544,2021-07-18T22:22:52.232Z,48.838,0.10590501129627228,0.04653402045369148,0.04974326118826866
1626646885583,2021-07-18T22:22:52.234Z,48.877,-0.07702182233333588,-0.014441591687500477,-0.07220795750617981
1626646885623,2021-07-18T22:22:52.236Z,48.917,-0.13799743354320526,0.10750962793827057,-0.19415917992591858
1626646885663,2021-07-18T22:22:52.248Z,48.957,-0.19897304475307465,-0.19736842811107635,0.04974326118826866
1626646885702,2021-07-18T22:22:52.250Z,48.996,-0.07702182233333588,0.10750962793827057,-0.011232349090278149
1626646885742,2021-07-18T22:22:52.252Z,49.036,0.22785623371601105,0.16848523914813995,0.11071887612342834
1626646885783,2021-07-18T22:22:52.263Z,49.077,0.16688062250614166,-0.19736842811107635,0.11071887612342834
1626646885822,2021-07-18T22:22:52.265Z,49.116,0.10590501129627228,0.04653402045369148,-0.1331835687160492
1626646885862,2021-07-18T22:22:52.291Z,49.156,-0.4428755044937134,0.4123876988887787,-0.5600128769874573
1626646885901,2021-07-18T22:22:52.293Z,49.195,-0.19897304475307465,-0.13639281690120697,-0.07220795750617981
1626646885941,2021-07-18T22:22:52.296Z,49.235,0.044929396361112595,-0.19736842811107635,0.2936457097530365
1626646885982,2021-07-18T22:22:52.307Z,49.276,0.5327342748641968,0.22946085035800934,0.47657254338264465
1626646886021,2021-07-18T22:22:52.309Z,49.315,0.044929396361112595,-0.07541720569133759,0.17169448733329773
1626646886061,2021-07-18T22:22:52.311Z,49.355,-0.381899893283844,-0.014441591687500477,-0.31611040234565735
1626646886101,2021-07-18T22:22:52.323Z,49.395,-0.6258023381233215,-0.13639281690120697,-0.4380616247653961
1626646886140,2021-07-18T22:22:52.352Z,49.434,-0.3209242820739746,0.10750962793827057,-0.4380616247653961
1626646886181,2021-07-18T22:22:52.366Z,49.475,0.16688062250614166,-0.014441591687500477,0.17169448733329773
1626646886221,2021-07-18T22:22:52.368Z,49.515,0.5327342748641968,-0.3802952468395233,0.41559693217277527
1626646886260,2021-07-18T22:22:52.383Z,49.554,0.5937098860740662,0.22946085035800934,0.23267009854316711
1626646886300,2021-07-18T22:22:52.385Z,49.594,-0.01604621298611164,-0.07541720569133759,-0.07220795750617981
1626646886339,2021-07-18T22:22:52.396Z,49.633,-0.19897304475307465,-0.13639281690120697,0.04974326118826866
1626646886380,2021-07-18T22:22:52.398Z,49.674,-0.381899893283844,-0.07541720569133759,-0.25513479113578796
1626646886420,2021-07-18T22:22:52.400Z,49.714,-0.19897304475307465,0.4123876988887787,-0.07220795750617981
1626646886459,2021-07-18T22:22:52.411Z,49.753,-0.19897304475307465,-0.5022464990615845,0.2936457097530365
1626646886499,2021-07-18T22:22:52.414Z,49.793,0.16688062250614166,0.2904364764690399,-0.011232349090278149
1626646886538,2021-07-18T22:22:52.416Z,49.832,0.10590501129627228,0.10750962793827057,0.04974326118826866
1626646886578,2021-07-18T22:22:52.428Z,49.872,0.044929396361112595,-0.31931963562965393,-0.07220795750617981
1626646886619,2021-07-18T22:22:52.430Z,49.913,0.044929396361112595,0.22946085035800934,-0.4380616247653961
1626646886659,2021-07-18T22:22:52.441Z,49.953,0.10590501129627228,-0.19736842811107635,-0.31611040234565735
1626646886698,2021-07-18T22:22:52.443Z,49.992,0.10590501129627228,-0.3802952468395233,0.04974326118826866
1626646886738,2021-07-18T22:22:52.445Z,50.032,0.22785623371601105,-0.07541720569133759,0.23267009854316711
1626646886777,2021-07-18T22:22:52.456Z,50.071,-0.2599486708641052,0.10750962793827057,0.3546213209629059
1626646886817,2021-07-18T22:22:52.459Z,50.111,-0.6258023381233215,0.3514120876789093,0.11071887612342834
1626646886858,2021-07-18T22:22:52.461Z,50.152,-0.381899893283844,-0.014441591687500477,0.04974326118826866
1626646886897,2021-07-18T22:22:52.472Z,50.191,-0.01604621298611164,-0.07541720569133759,-0.19415917992591858
1626646886937,2021-07-18T22:22:52.474Z,50.231,0.22785623371601105,0.2904364764690399,-0.31611040234565735
1626646886976,2021-07-18T22:22:52.477Z,50.27,0.410783052444458,-0.3802952468395233,-0.07220795750617981
1626646887016,2021-07-18T22:22:52.488Z,50.31,0.28883183002471924,0.04653402045369148,-0.19415917992591858
1626646887057,2021-07-18T22:22:52.490Z,50.351,0.22785623371601105,0.16848523914813995,-0.1331835687160492
1626646887097,2021-07-18T22:22:52.492Z,50.391,0.10590501129627228,-0.25834402441978455,0.3546213209629059
1626646887136,2021-07-18T22:22:52.503Z,50.43,0.16688062250614166,0.10750962793827057,0.3546213209629059
1626646887176,2021-07-18T22:22:52.505Z,50.47,-0.01604621298611164,0.16848523914813995,0.17169448733329773
1626646887215,2021-07-18T22:22:52.517Z,50.509,-0.381899893283844,-0.07541720569133759,0.11071887612342834
1626646887255,2021-07-18T22:22:52.520Z,50.549,-0.3209242820739746,0.10750962793827057,-0.011232349090278149
1626646887296,2021-07-18T22:22:52.522Z,50.59,-0.19897304475307465,-0.07541720569133759,-0.07220795750617981
1626646887335,2021-07-18T22:22:52.548Z,50.629,0.22785623371601105,-0.014441591687500477,-0.19415917992591858
1626646887375,2021-07-18T22:22:52.550Z,50.669,0.28883183002471924,-0.014441591687500477,-0.07220795750617981
1626646887414,2021-07-18T22:22:52.561Z,50.708,0.10590501129627228,-0.25834402441978455,-0.07220795750617981
1626646887454,2021-07-18T22:22:52.563Z,50.748,0.10590501129627228,0.04653402045369148,0.04974326118826866
1626646887495,2021-07-18T22:22:52.565Z,50.789,0.28883183002471924,0.04653402045369148,0.23267009854316711
1626646887535,2021-07-18T22:22:52.576Z,50.829,0.16688062250614166,-0.13639281690120697,0.17169448733329773
1626646887574,2021-07-18T22:22:52.579Z,50.868,0.044929396361112595,0.04653402045369148,0.04974326118826866
1626646887614,2021-07-18T22:22:52.581Z,50.908,-0.07702182233333588,-0.19736842811107635,-0.011232349090278149
1626646887653,2021-07-18T22:22:52.592Z,50.947,0.044929396361112595,0.04653402045369148,-0.19415917992591858
1626646887694,2021-07-18T22:22:52.594Z,50.988,-0.01604621298611164,0.04653402045369148,-0.19415917992591858
1626646887734,2021-07-18T22:22:52.597Z,51.028,-0.13799743354320526,-0.07541720569133759,-0.07220795750617981
1626646887773,2021-07-18T22:22:52.608Z,51.067,-0.07702182233333588,0.16848523914813995,-0.011232349090278149
1626646887803,2021-07-18T22:22:52.610Z,51.097,-0.01604621298611164,0.04653402045369148,-0.011232349090278149
1626646887844,2021-07-18T22:22:52.612Z,51.138,-0.07702182233333588,0.04653402045369148,-0.011232349090278149
1626646887883,2021-07-18T22:22:52.623Z,51.177,0.10590501129627228,0.10750962793827057,-0.07220795750617981
1626646887923,2021-07-18T22:22:52.625Z,51.217,-0.01604621298611164,-0.13639281690120697,0.04974326118826866
1626646887962,2021-07-18T22:22:52.636Z,51.256,-0.01604621298611164,0.04653402045369148,-0.011232349090278149
1626646888002,2021-07-18T22:22:52.638Z,51.296,0.10590501129627228,0.04653402045369148,-0.011232349090278149
1626646888041,2021-07-18T22:22:52.641Z,51.335,-0.19897304475307465,-0.07541720569133759,0.11071887612342834
1626646888082,2021-07-18T22:22:52.652Z,51.376,-0.07702182233333588,0.10750962793827057,0.11071887612342834
1626646888122,2021-07-18T22:22:52.654Z,51.416,-0.01604621298611164,-0.014441591687500477,-0.011232349090278149
1626646888162,2021-07-18T22:22:52.656Z,51.456,-0.01604621298611164,-0.014441591687500477,0.04974326118826866
1626646888201,2021-07-18T22:22:52.668Z,51.495,-0.07702182233333588,0.10750962793827057,0.04974326118826866
1626646888241,2021-07-18T22:22:52.670Z,51.535,0.10590501129627228,0.04653402045369148,0.04974326118826866
1626646888282,2021-07-18T22:22:52.672Z,51.576,0.044929396361112595,-0.07541720569133759,-0.07220795750617981
1626646888321,2021-07-18T22:22:52.683Z,51.615,-0.07702182233333588,0.04653402045369148,-0.1331835687160492
1626646888361,2021-07-18T22:22:52.685Z,51.655,-0.07702182233333588,-0.014441591687500477,-0.011232349090278149
1626646888400,2021-07-18T22:22:52.696Z,51.694,0.044929396361112595,-0.13639281690120697,0.04974326118826866
1626646888440,2021-07-18T22:22:52.698Z,51.734,0.044929396361112595,-0.014441591687500477,-0.011232349090278149
1626646888481,2021-07-18T22:22:52.713Z,51.775,-0.13799743354320526,-0.07541720569133759,-0.1331835687160492
1626646888520,2021-07-18T22:22:52.715Z,51.814,-0.07702182233333588,-0.07541720569133759,-0.07220795750617981
1626646888560,2021-07-18T22:22:52.727Z,51.854,-0.07702182233333588,-0.13639281690120697,-0.07220795750617981
1626646888600,2021-07-18T22:22:52.729Z,51.894,0.044929396361112595,0.10750962793827057,-0.19415917992591858
1626646888639,2021-07-18T22:22:52.731Z,51.933,-0.07702182233333588,-0.07541720569133759,-0.1331835687160492
1626646888679,2021-07-18T22:22:52.743Z,51.973,0.10590501129627228,0.10750962793827057,0.11071887612342834
1626646888720,2021-07-18T22:22:52.745Z,52.014,0.10590501129627228,-0.014441591687500477,0.11071887612342834
1626646888759,2021-07-18T22:22:52.756Z,52.053,0.044929396361112595,-0.014441591687500477,-0.07220795750617981
1626646888799,2021-07-18T22:22:52.758Z,52.093,-0.07702182233333588,0.10750962793827057,-0.011232349090278149
1626646888838,2021-07-18T22:22:52.761Z,52.132,0.044929396361112595,-0.19736842811107635,0.17169448733329773
1626646888878,2021-07-18T22:22:52.772Z,52.172,0.16688062250614166,-0.014441591687500477,-0.011232349090278149
1626646888919,2021-07-18T22:22:52.774Z,52.213,-0.01604621298611164,0.04653402045369148,-0.19415917992591858
1626646888958,2021-07-18T22:22:52.776Z,52.252,-0.13799743354320526,-0.13639281690120697,-0.19415917992591858
1626646888998,2021-07-18T22:22:52.788Z,52.292,-0.3209242820739746,-0.13639281690120697,-0.19415917992591858
1626646889038,2021-07-18T22:22:52.790Z,52.332,-0.19897304475307465,0.2904364764690399,-0.07220795750617981
1626646889077,2021-07-18T22:22:52.792Z,52.371,0.10590501129627228,-0.25834402441978455,0.3546213209629059
1626646889117,2021-07-18T22:22:52.803Z,52.411,0.3498074412345886,0.10750962793827057,0.23267009854316711
1626646889158,2021-07-18T22:22:52.805Z,52.452,0.044929396361112595,0.16848523914813995,-0.1331835687160492
1626646889197,2021-07-18T22:22:52.816Z,52.491,-0.4428755044937134,-0.13639281690120697,-0.07220795750617981
1626646889237,2021-07-18T22:22:52.818Z,52.531,-0.4428755044937134,0.10750962793827057,-0.011232349090278149
1626646889276,2021-07-18T22:22:52.848Z,52.57,0.10590501129627228,-0.014441591687500477,-0.1331835687160492
1626646889316,2021-07-18T22:22:52.862Z,52.61,0.28883183002471924,0.22946085035800934,-0.1331835687160492
1626646889357,2021-07-18T22:22:52.865Z,52.651,-0.07702182233333588,-0.31931963562965393,0.04974326118826866
1626646889396,2021-07-18T22:22:52.867Z,52.69,-0.07702182233333588,0.10750962793827057,0.11071887612342834
1626646889436,2021-07-18T22:22:52.878Z,52.73,0.10590501129627228,-0.13639281690120697,0.17169448733329773
1626646889476,2021-07-18T22:22:52.880Z,52.77,0.22785623371601105,-0.014441591687500477,0.04974326118826866
1626646889515,2021-07-18T22:22:52.891Z,52.809,-0.01604621298611164,0.10750962793827057,-0.1331835687160492
1626646889555,2021-07-18T22:22:52.893Z,52.849,-0.2599486708641052,-0.31931963562965393,0.04974326118826866
1626646889596,2021-07-18T22:22:52.895Z,52.89,-0.13799743354320526,0.16848523914813995,-0.011232349090278149
1626646889635,2021-07-18T22:22:52.906Z,52.929,-0.07702182233333588,-0.014441591687500477,0.04974326118826866
1626646889675,2021-07-18T22:22:52.909Z,52.969,0.28883183002471924,-0.014441591687500477,-0.011232349090278149
1626646889714,2021-07-18T22:22:52.923Z,53.008,0.22785623371601105,-0.014441591687500477,-0.07220795750617981
1626646889754,2021-07-18T22:22:52.937Z,53.048,0.044929396361112595,-0.13639281690120697,-0.07220795750617981
1626646889795,2021-07-18T22:22:52.939Z,53.089,0.10590501129627228,0.10750962793827057,0.04974326118826866
1626646889834,2021-07-18T22:22:52.942Z,53.128,0.28883183002471924,-0.13639281690120697,-0.011232349090278149
1626646889874,2021-07-18T22:22:52.953Z,53.168,0.16688062250614166,0.16848523914813995,-0.19415917992591858
1626646889913,2021-07-18T22:22:52.955Z,53.207,-0.19897304475307465,-0.19736842811107635,-0.19415917992591858
1626646889953,2021-07-18T22:22:52.957Z,53.247,-0.381899893283844,-0.13639281690120697,-0.25513479113578796
1626646889994,2021-07-18T22:22:52.968Z,53.288,-0.2599486708641052,-0.07541720569133759,-0.1331835687160492
1626646890034,2021-07-18T22:22:52.970Z,53.328,0.10590501129627228,-0.07541720569133759,0.23267009854316711
1626646890073,2021-07-18T22:22:52.981Z,53.367,0.410783052444458,0.04653402045369148,0.3546213209629059
1626646890113,2021-07-18T22:22:52.983Z,53.407,0.28883183002471924,0.10750962793827057,0.04974326118826866
1626646890152,2021-07-18T22:22:52.986Z,53.446,-0.19897304475307465,0.22946085035800934,-0.19415917992591858
1626646890192,2021-07-18T22:22:52.997Z,53.486,-0.5038511157035828,-0.25834402441978455,-0.31611040234565735
1626646890233,2021-07-18T22:22:52.999Z,53.527,-0.2599486708641052,-0.07541720569133759,0.17169448733329773
1626646890272,2021-07-18T22:22:53.001Z,53.566,0.22785623371601105,-0.31931963562965393,0.23267009854316711
1626646890312,2021-07-18T22:22:53.013Z,53.606,0.28883183002471924,0.2904364764690399,0.11071887612342834
1626646890351,2021-07-18T22:22:53.015Z,53.645,-0.13799743354320526,0.04653402045369148,0.04974326118826866
1626646890391,2021-07-18T22:22:53.017Z,53.685,0.10590501129627228,0.22946085035800934,0.11071887612342834
1626646890432,2021-07-18T22:22:53.028Z,53.726,0.3498074412345886,-0.13639281690120697,0.47657254338264465
1626646890472,2021-07-18T22:22:53.030Z,53.766,0.5327342748641968,-0.5022464990615845,0.11071887612342834
1626646890511,2021-07-18T22:22:53.041Z,53.805,0.10590501129627228,0.04653402045369148,-0.7429397106170654
1626646890551,2021-07-18T22:22:53.043Z,53.845,-0.6258023381233215,0.04653402045369148,-0.80391526222229
1626646890590,2021-07-18T22:22:53.046Z,53.884,-0.6258023381233215,-0.25834402441978455,-0.19415917992591858
1626646890630,2021-07-18T22:22:53.057Z,53.924,0.410783052444458,0.04653402045369148,0.23267009854316711
1626646890671,2021-07-18T22:22:53.059Z,53.965,0.9595634937286377,0.22946085035800934,0.47657254338264465
1626646890710,2021-07-18T22:22:53.061Z,54.004,0.7156611084938049,-0.3802952468395233,0.3546213209629059
1626646890750,2021-07-18T22:22:53.073Z,54.044,0.044929396361112595,-0.014441591687500477,-0.011232349090278149
1626646890789,2021-07-18T22:22:53.075Z,54.083,-0.13799743354320526,0.22946085035800934,-0.25513479113578796
1626646890829,2021-07-18T22:22:53.101Z,54.123,-0.07702182233333588,-0.13639281690120697,-0.011232349090278149
1626646890870,2021-07-18T22:22:53.103Z,54.164,-0.07702182233333588,0.16848523914813995,-0.1331835687160492
1626646890910,2021-07-18T22:22:53.106Z,54.204,0.044929396361112595,-0.13639281690120697,-0.07220795750617981
1626646890949,2021-07-18T22:22:53.117Z,54.243,0.10590501129627228,0.04653402045369148,-0.19415917992591858
1626646890989,2021-07-18T22:22:53.119Z,54.283,0.044929396361112595,0.04653402045369148,-0.1331835687160492
1626646891028,2021-07-18T22:22:53.121Z,54.322,-0.13799743354320526,-0.19736842811107635,0.04974326118826866
1626646891069,2021-07-18T22:22:53.133Z,54.363,-0.07702182233333588,0.10750962793827057,0.04974326118826866
1626646891109,2021-07-18T22:22:53.135Z,54.403,0.044929396361112595,-0.19736842811107635,0.11071887612342834
1626646891148,2021-07-18T22:22:53.137Z,54.442,0.22785623371601105,0.22946085035800934,-0.1331835687160492
1626646891188,2021-07-18T22:22:53.148Z,54.482,-0.13799743354320526,-0.19736842811107635,-0.011232349090278149
1626646891227,2021-07-18T22:22:53.150Z,54.521,-0.01604621298611164,-0.31931963562965393,0.04974326118826866
1626646891267,2021-07-18T22:22:53.161Z,54.561,0.10590501129627228,0.16848523914813995,0.04974326118826866
1626646891308,2021-07-18T22:22:53.163Z,54.602,0.044929396361112595,-0.25834402441978455,0.11071887612342834
1626646891348,2021-07-18T22:22:53.165Z,54.642,0.16688062250614166,0.16848523914813995,0.04974326118826866
1626646891387,2021-07-18T22:22:53.177Z,54.681,0.044929396361112595,-0.014441591687500477,0.04974326118826866
1626646891427,2021-07-18T22:22:53.179Z,54.721,0.044929396361112595,-0.13639281690120697,-0.07220795750617981
1626646891466,2021-07-18T22:22:53.181Z,54.76,0.044929396361112595,0.10750962793827057,-0.011232349090278149
1626646891507,2021-07-18T22:22:53.192Z,54.801,-0.01604621298611164,-0.19736842811107635,-0.011232349090278149
1626646891547,2021-07-18T22:22:53.195Z,54.841,-0.07702182233333588,-0.014441591687500477,-0.07220795750617981
1626646891586,2021-07-18T22:22:53.206Z,54.88,0.044929396361112595,-0.07541720569133759,-0.011232349090278149
1626646891626,2021-07-18T22:22:53.208Z,54.92,-0.01604621298611164,-0.07541720569133759,0.04974326118826866
1626646891665,2021-07-18T22:22:53.210Z,54.959,-0.01604621298611164,0.04653402045369148,-0.011232349090278149
1626646891705,2021-07-18T22:22:53.222Z,54.999,-0.07702182233333588,-0.014441591687500477,-0.1331835687160492
1626646891746,2021-07-18T22:22:53.224Z,55.04,0.044929396361112595,0.10750962793827057,-0.011232349090278149
1626646891786,2021-07-18T22:22:53.226Z,55.08,-0.01604621298611164,-0.014441591687500477,-0.011232349090278149
1626646891825,2021-07-18T22:22:53.237Z,55.119,0.044929396361112595,0.10750962793827057,0.11071887612342834
1626646891865,2021-07-18T22:22:53.240Z,55.159,0.10590501129627228,-0.07541720569133759,0.11071887612342834
1626646891904,2021-07-18T22:22:53.242Z,55.198,0.10590501129627228,0.04653402045369148,-0.011232349090278149
1626646891945,2021-07-18T22:22:53.253Z,55.239,0.044929396361112595,-0.014441591687500477,0.04974326118826866
1626646891985,2021-07-18T22:22:53.267Z,55.279,0.16688062250614166,-0.014441591687500477,-0.07220795750617981
1626646892024,2021-07-18T22:22:53.270Z,55.318,0.044929396361112595,-0.07541720569133759,-0.011232349090278149
1626646892064,2021-07-18T22:22:53.281Z,55.358,-0.01604621298611164,-0.13639281690120697,-0.07220795750617981
1626646892103,2021-07-18T22:22:53.283Z,55.397,-0.19897304475307465,0.04653402045369148,-0.1331835687160492
1626646892144,2021-07-18T22:22:53.285Z,55.438,-0.19897304475307465,-0.014441591687500477,-0.011232349090278149
1626646892184,2021-07-18T22:22:53.298Z,55.478,-0.01604621298611164,0.04653402045369148,0.04974326118826866
1626646892224,2021-07-18T22:22:53.300Z,55.518,0.10590501129627228,-0.014441591687500477,-0.011232349090278149
1626646892263,2021-07-18T22:22:53.302Z,55.557,0.044929396361112595,-0.19736842811107635,0.11071887612342834
1626646892303,2021-07-18T22:22:53.313Z,55.597,0.044929396361112595,-0.13639281690120697,0.04974326118826866
1626646892342,2021-07-18T22:22:53.315Z,55.636,-0.01604621298611164,0.04653402045369148,-0.1331835687160492
1626646892383,2021-07-18T22:22:53.357Z,55.677,-0.01604621298611164,-0.07541720569133759,-0.07220795750617981
1626646892423,2021-07-18T22:22:53.359Z,55.717,0.10590501129627228,-0.014441591687500477,-0.07220795750617981
1626646892462,2021-07-18T22:22:53.361Z,55.756,0.044929396361112595,0.04653402045369148,-0.1331835687160492
1626646892502,2021-07-18T22:22:53.372Z,55.796,-0.01604621298611164,-0.014441591687500477,0.04974326118826866
1626646892541,2021-07-18T22:22:53.401Z,55.835,0.044929396361112595,-0.07541720569133759,0.11071887612342834
1626646892582,2021-07-18T22:22:53.403Z,55.876,0.16688062250614166,-0.014441591687500477,-0.011232349090278149
1626646892622,2021-07-18T22:22:53.405Z,55.916,0.044929396361112595,0.04653402045369148,-0.011232349090278149
1626646892662,2021-07-18T22:22:53.416Z,55.956,0.10590501129627228,-0.014441591687500477,0.11071887612342834
1626646892701,2021-07-18T22:22:53.419Z,55.995,-0.07702182233333588,-0.014441591687500477,0.04974326118826866
1626646892741,2021-07-18T22:22:53.421Z,56.035,-0.07702182233333588,0.04653402045369148,-0.07220795750617981
1626646892782,2021-07-18T22:22:53.432Z,56.076,0.044929396361112595,-0.014441591687500477,-0.1331835687160492
1626646892821,2021-07-18T22:22:53.434Z,56.115,0.044929396361112595,0.10750962793827057,-0.07220795750617981
1626646892861,2021-07-18T22:22:53.437Z,56.155,0.10590501129627228,-0.07541720569133759,-0.011232349090278149
1626646892900,2021-07-18T22:22:53.448Z,56.194,0.044929396361112595,0.04653402045369148,0.04974326118826866
1626646892940,2021-07-18T22:22:53.450Z,56.234,-0.07702182233333588,-0.014441591687500477,-0.011232349090278149
1626646892981,2021-07-18T22:22:53.452Z,56.275,-0.07702182233333588,-0.014441591687500477,0.04974326118826866
1626646893020,2021-07-18T22:22:53.463Z,56.314,-0.13799743354320526,-0.07541720569133759,0.11071887612342834
1626646893060,2021-07-18T22:22:53.477Z,56.354,0.044929396361112595,0.04653402045369148,0.23267009854316711
1626646893100,2021-07-18T22:22:53.491Z,56.394,0.044929396361112595,0.10750962793827057,-0.07220795750617981
1626646893139,2021-07-18T22:22:53.493Z,56.433,-0.13799743354320526,0.04653402045369148,0.04974326118826866
1626646893179,2021-07-18T22:22:53.496Z,56.473,-0.19897304475307465,-0.07541720569133759,0.11071887612342834
1626646893220,2021-07-18T22:22:53.507Z,56.514,-0.13799743354320526,0.04653402045369148,0.04974326118826866
1626646893259,2021-07-18T22:22:53.509Z,56.553,-0.07702182233333588,-0.07541720569133759,0.04974326118826866
1626646893299,2021-07-18T22:22:53.511Z,56.593,-0.01604621298611164,-0.13639281690120697,0.04974326118826866
1626646893338,2021-07-18T22:22:53.523Z,56.632,-0.01604621298611164,-0.07541720569133759,0.04974326118826866
1626646893378,2021-07-18T22:22:53.525Z,56.672,-0.01604621298611164,0.04653402045369148,0.11071887612342834
1626646893417,2021-07-18T22:22:53.527Z,56.711,-0.13799743354320526,-0.014441591687500477,0.11071887612342834
1626646893458,2021-07-18T22:22:53.538Z,56.752,0.10590501129627228,0.10750962793827057,0.04974326118826866
1626646893498,2021-07-18T22:22:53.540Z,56.792,-0.01604621298611164,0.04653402045369148,-0.011232349090278149
1626646893538,2021-07-18T22:22:53.551Z,56.832,-0.07702182233333588,0.10750962793827057,-0.07220795750617981
1626646893577,2021-07-18T22:22:53.553Z,56.871,-0.01604621298611164,-0.13639281690120697,-0.011232349090278149
1626646893617,2021-07-18T22:22:53.555Z,56.911,-0.07702182233333588,-0.014441591687500477,-0.1331835687160492
1626646893658,2021-07-18T22:22:53.567Z,56.952,0.044929396361112595,-0.014441591687500477,-0.1331835687160492
1626646893697,2021-07-18T22:22:53.569Z,56.991,-0.01604621298611164,-0.07541720569133759,0.04974326118826866
1626646893737,2021-07-18T22:22:53.571Z,57.031,-0.13799743354320526,-0.07541720569133759,-0.07220795750617981
1626646893776,2021-07-18T22:22:53.582Z,57.07,0.10590501129627228,0.10750962793827057,-0.1331835687160492
1626646893816,2021-07-18T22:22:53.585Z,57.11,0.10590501129627228,-0.19736842811107635,0.04974326118826866
1626646893855,2021-07-18T22:22:53.587Z,57.149,-0.01604621298611164,0.04653402045369148,-0.011232349090278149
1626646893896,2021-07-18T22:22:53.598Z,57.19,0.16688062250614166,-0.19736842811107635,0.04974326118826866
1626646893936,2021-07-18T22:22:53.601Z,57.23,0.044929396361112595,0.04653402045369148,0.04974326118826866
1626646893976,2021-07-18T22:22:53.611Z,57.27,-0.13799743354320526,-0.07541720569133759,-0.07220795750617981
1626646894015,2021-07-18T22:22:53.613Z,57.309,-0.07702182233333588,-0.13639281690120697,-0.1331835687160492
1626646894055,2021-07-18T22:22:53.615Z,57.349,-0.07702182233333588,0.04653402045369148,-0.07220795750617981
1626646894096,2021-07-18T22:22:53.628Z,57.39,-0.07702182233333588,-0.014441591687500477,-0.011232349090278149
1626646894135,2021-07-18T22:22:53.630Z,57.429,-0.13799743354320526,0.10750962793827057,0.04974326118826866
1626646894175,2021-07-18T22:22:53.632Z,57.469,-0.19897304475307465,-0.13639281690120697,0.04974326118826866
1626646894214,2021-07-18T22:22:53.658Z,57.508,-0.01604621298611164,0.04653402045369148,-0.011232349090278149
1626646894254,2021-07-18T22:22:53.660Z,57.548,-0.07702182233333588,-0.13639281690120697,0.11071887612342834
1626646894295,2021-07-18T22:22:53.671Z,57.589,0.044929396361112595,-0.014441591687500477,-0.011232349090278149
1626646894334,2021-07-18T22:22:53.673Z,57.628,0.22785623371601105,-0.07541720569133759,-0.07220795750617981
1626646894374,2021-07-18T22:22:53.675Z,57.668,0.044929396361112595,-0.07541720569133759,0.04974326118826866
1626646894413,2021-07-18T22:22:53.687Z,57.707,0.044929396361112595,-0.014441591687500477,0.23267009854316711
1626646894453,2021-07-18T22:22:53.689Z,57.747,0.10590501129627228,-0.07541720569133759,-0.011232349090278149
1626646894494,2021-07-18T22:22:53.691Z,57.788,0.044929396361112595,0.10750962793827057,-0.19415917992591858
1626646894534,2021-07-18T22:22:53.702Z,57.828,-0.01604621298611164,-0.25834402441978455,-0.19415917992591858
1626646894573,2021-07-18T22:22:53.705Z,57.867,0.044929396361112595,-0.07541720569133759,-0.1331835687160492
1626646894613,2021-07-18T22:22:53.707Z,57.907,0.044929396361112595,0.10750962793827057,-0.011232349090278149
1626646894652,2021-07-18T22:22:53.718Z,57.946,0.22785623371601105,-0.13639281690120697,0.17169448733329773
1626646894692,2021-07-18T22:22:53.720Z,57.986,0.16688062250614166,0.04653402045369148,0.04974326118826866
1626646894733,2021-07-18T22:22:53.731Z,58.027,0.044929396361112595,0.04653402045369148,0.04974326118826866
1626646894772,2021-07-18T22:22:53.733Z,58.066,-0.01604621298611164,-0.014441591687500477,-0.011232349090278149
1626646894812,2021-07-18T22:22:53.735Z,58.106,-0.01604621298611164,-0.19736842811107635,-0.07220795750617981
1626646894851,2021-07-18T22:22:53.746Z,58.145,-0.01604621298611164,-0.13639281690120697,0.04974326118826866
1626646894891,2021-07-18T22:22:53.749Z,58.185,0.10590501129627228,0.04653402045369148,-0.011232349090278149
1626646894932,2021-07-18T22:22:53.751Z,58.226,0.044929396361112595,-0.07541720569133759,0.04974326118826866
1626646894972,2021-07-18T22:22:53.763Z,58.266,0.10590501129627228,0.04653402045369148,0.04974326118826866
1626646895011,2021-07-18T22:22:53.765Z,58.305,-0.01604621298611164,-0.014441591687500477,-0.07220795750617981
1626646895051,2021-07-18T22:22:53.776Z,58.345,-0.13799743354320526,-0.07541720569133759,-0.011232349090278149
1626646895090,2021-07-18T22:22:53.778Z,58.384,0.044929396361112595,-0.07541720569133759,-0.011232349090278149
1626646895130,2021-07-18T22:22:53.780Z,58.424,-0.07702182233333588,-0.014441591687500477,0.11071887612342834
1626646895171,2021-07-18T22:22:53.791Z,58.465,0.044929396361112595,-0.19736842811107635,0.11071887612342834
1626646895210,2021-07-18T22:22:53.794Z,58.504,-0.01604621298611164,0.10750962793827057,-0.1331835687160492
1626646895250,2021-07-18T22:22:53.796Z,58.544,-0.07702182233333588,-0.014441591687500477,-0.07220795750617981
1626646895289,2021-07-18T22:22:53.807Z,58.583,-0.07702182233333588,-0.07541720569133759,-0.011232349090278149
1626646895329,2021-07-18T22:22:53.821Z,58.623,-0.13799743354320526,0.04653402045369148,0.04974326118826866
1626646895369,2021-07-18T22:22:53.824Z,58.663,0.044929396361112595,-0.014441591687500477,0.04974326118826866
1626646895410,2021-07-18T22:22:53.826Z,58.704,0.10590501129627228,-0.014441591687500477,0.04974326118826866
1626646895449,2021-07-18T22:22:53.838Z,58.743,-0.07702182233333588,-0.25834402441978455,-0.011232349090278149
1626646895489,2021-07-18T22:22:53.840Z,58.783,0.044929396361112595,0.10750962793827057,-0.07220795750617981
1626646895528,2021-07-18T22:22:53.868Z,58.822,0.10590501129627228,-0.13639281690120697,-0.011232349090278149
1626646895568,2021-07-18T22:22:53.870Z,58.862,0.044929396361112595,0.10750962793827057,-0.07220795750617981
1626646895609,2021-07-18T22:22:53.881Z,58.903,-0.01604621298611164,-0.13639281690120697,0.04974326118826866
1626646895648,2021-07-18T22:22:53.883Z,58.942,-0.01604621298611164,-0.07541720569133759,0.11071887612342834
1626646895688,2021-07-18T22:22:53.885Z,58.982,-0.07702182233333588,-0.014441591687500477,-0.011232349090278149
1626646895727,2021-07-18T22:22:53.897Z,59.021,-0.07702182233333588,0.04653402045369148,-0.07220795750617981
1626646895767,2021-07-18T22:22:53.899Z,59.061,-0.07702182233333588,-0.014441591687500477,-0.07220795750617981
1626646895808,2021-07-18T22:22:53.900Z,59.102,0.044929396361112595,0.04653402045369148,-0.011232349090278149
1626646895848,2021-07-18T22:22:53.911Z,59.142,0.10590501129627228,0.10750962793827057,-0.07220795750617981
1626646895887,2021-07-18T22:22:53.914Z,59.181,-0.07702182233333588,-0.19736842811107635,-0.011232349090278149
1626646895927,2021-07-18T22:22:53.916Z,59.221,0.044929396361112595,0.04653402045369148,-0.07220795750617981
1626646895966,2021-07-18T22:22:53.927Z,59.26,-0.01604621298611164,0.04653402045369148,-0.1331835687160492
1626646896006,2021-07-18T22:22:53.929Z,59.3,-0.07702182233333588,-0.07541720569133759,-0.011232349090278149
1626646896047,2021-07-18T22:22:53.932Z,59.341,0.10590501129627228,0.10750962793827057,0.11071887612342834
1626646896086,2021-07-18T22:22:53.943Z,59.38,-0.01604621298611164,-0.014441591687500477,0.04974326118826866
1626646896126,2021-07-18T22:22:53.945Z,59.42,0.16688062250614166,-0.014441591687500477,0.04974326118826866
1626646896165,2021-07-18T22:22:53.947Z,59.459,0.10590501129627228,0.04653402045369148,-0.07220795750617981
1626646896205,2021-07-18T22:22:53.958Z,59.499,-0.01604621298611164,-0.014441591687500477,0.04974326118826866
1626646896246,2021-07-18T22:22:53.960Z,59.54,-0.07702182233333588,-0.014441591687500477,-0.07220795750617981
1626646896286,2021-07-18T22:22:53.971Z,59.58,0.044929396361112595,0.04653402045369148,-0.07220795750617981
1626646896325,2021-07-18T22:22:53.973Z,59.619,-0.01604621298611164,-0.014441591687500477,-0.07220795750617981
1626646896365,2021-07-18T22:22:53.976Z,59.659,-0.07702182233333588,0.10750962793827057,0.11071887612342834
1626646896404,2021-07-18T22:22:53.987Z,59.698,-0.01604621298611164,-0.07541720569133759,-0.011232349090278149
1626646896444,2021-07-18T22:22:53.989Z,59.738,0.044929396361112595,0.16848523914813995,-0.07220795750617981
1626646896485,2021-07-18T22:22:53.991Z,59.779,-0.07702182233333588,-0.014441591687500477,-0.011232349090278149
1626646896524,2021-07-18T22:22:54.003Z,59.818,-0.07702182233333588,-0.07541720569133759,0.04974326118826866
1626646896564,2021-07-18T22:22:54.005Z,59.858,0.10590501129627228,-0.014441591687500477,0.04974326118826866
1626646896603,2021-07-18T22:22:54.016Z,59.897,0.22785623371601105,-0.014441591687500477,-0.1331835687160492
1626646896643,2021-07-18T22:22:54.018Z,59.937,0.16688062250614166,-0.07541720569133759,-0.1331835687160492
1626646896684,2021-07-18T22:22:54.033Z,59.978,-0.01604621298611164,0.10750962793827057,-0.1331835687160492
1626646896724,2021-07-18T22:22:54.047Z,60.018,-0.01604621298611164,-0.19736842811107635,-0.011232349090278149
1626646896763,2021-07-18T22:22:54.049Z,60.057,0.044929396361112595,0.04653402045369148,0.04974326118826866
1626646896803,2021-07-18T22:22:54.051Z,60.097,-0.01604621298611164,0.04653402045369148,-0.011232349090278149
1626646896842,2021-07-18T22:22:54.063Z,60.136,-0.07702182233333588,0.10750962793827057,0.04974326118826866
1626646896882,2021-07-18T22:22:54.065Z,60.176,-0.07702182233333588,-0.07541720569133759,-0.011232349090278149
1626646896923,2021-07-18T22:22:54.067Z,60.217,0.044929396361112595,0.16848523914813995,-0.1331835687160492
1626646896962,2021-07-18T22:22:54.078Z,60.256,0.044929396361112595,-0.07541720569133759,-0.011232349090278149
1626646897002,2021-07-18T22:22:54.080Z,60.296,-0.01604621298611164,-0.07541720569133759,0.04974326118826866
1626646897041,2021-07-18T22:22:54.091Z,60.335,0.044929396361112595,0.10750962793827057,-0.07220795750617981
1626646897081,2021-07-18T22:22:54.093Z,60.375,0.044929396361112595,-0.014441591687500477,-0.011232349090278149
1626646897121,2021-07-18T22:22:54.096Z,60.415,-0.01604621298611164,0.04653402045369148,-0.011232349090278149
1626646897162,2021-07-18T22:22:54.107Z,60.456,-0.07702182233333588,-0.07541720569133759,-0.011232349090278149
1626646897201,2021-07-18T22:22:54.109Z,60.495,-0.01604621298611164,-0.07541720569133759,-0.011232349090278149
1626646897241,2021-07-18T22:22:54.111Z,60.535,-0.07702182233333588,-0.014441591687500477,-0.07220795750617981
1626646897280,2021-07-18T22:22:54.123Z,60.574,0.044929396361112595,-0.07541720569133759,0.04974326118826866
1626646897320,2021-07-18T22:22:54.125Z,60.614,0.10590501129627228,-0.014441591687500477,-0.011232349090278149
1626646897361,2021-07-18T22:22:54.127Z,60.655,0.10590501129627228,-0.07541720569133759,-0.07220795750617981
1626646897400,2021-07-18T22:22:54.138Z,60.694,-0.01604621298611164,0.10750962793827057,-0.25513479113578796
1626646897440,2021-07-18T22:22:54.140Z,60.734,0.044929396361112595,0.04653402045369148,-0.25513479113578796
1626646897479,2021-07-18T22:22:54.151Z,60.773,-0.13799743354320526,-0.19736842811107635,0.11071887612342834
1626646897519,2021-07-18T22:22:54.153Z,60.813,0.16688062250614166,-0.07541720569133759,-0.07220795750617981
1626646897560,2021-07-18T22:22:54.155Z,60.854,0.16688062250614166,-0.07541720569133759,0.04974326118826866
1626646897600,2021-07-18T22:22:54.167Z,60.894,0.044929396361112595,-0.07541720569133759,0.17169448733329773
1626646897639,2021-07-18T22:22:54.169Z,60.933,0.044929396361112595,-0.07541720569133759,0.04974326118826866
1626646897679,2021-07-18T22:22:54.171Z,60.973,-0.07702182233333588,-0.014441591687500477,-0.011232349090278149
1626646897718,2021-07-18T22:22:54.183Z,61.012,-0.07702182233333588,-0.014441591687500477,-0.07220795750617981
1626646897758,2021-07-18T22:22:54.185Z,61.052,-0.19897304475307465,-0.014441591687500477,0.04974326118826866
1626646897799,2021-07-18T22:22:54.211Z,61.093,-0.01604621298611164,0.04653402045369148,0.04974326118826866
1626646897838,2021-07-18T22:22:54.213Z,61.132,-0.01604621298611164,0.04653402045369148,-0.011232349090278149
1626646897878,2021-07-18T22:22:54.215Z,61.172,-0.01604621298611164,-0.014441591687500477,-0.07220795750617981
1626646897917,2021-07-18T22:22:54.227Z,61.211,0.044929396361112595,-0.07541720569133759,-0.011232349090278149
1626646897957,2021-07-18T22:22:54.229Z,61.251,0.10590501129627228,-0.19736842811107635,0.04974326118826866
1626646897998,2021-07-18T22:22:54.231Z,61.292,0.10590501129627228,-0.07541720569133759,-0.011232349090278149
1626646898038,2021-07-18T22:22:54.242Z,61.332,0.044929396361112595,-0.07541720569133759,-0.1331835687160492
1626646898077,2021-07-18T22:22:54.245Z,61.371,-0.07702182233333588,-0.13639281690120697,-0.011232349090278149
1626646898117,2021-07-18T22:22:54.247Z,61.411,-0.07702182233333588,-0.014441591687500477,-0.011232349090278149
1626646898156,2021-07-18T22:22:54.258Z,61.45,-0.07702182233333588,0.04653402045369148,-0.07220795750617981
1626646898196,2021-07-18T22:22:54.260Z,61.49,-0.13799743354320526,-0.014441591687500477,-0.011232349090278149
1626646898237,2021-07-18T22:22:54.271Z,61.531,0.22785623371601105,-0.07541720569133759,0.04974326118826866
1626646898276,2021-07-18T22:22:54.273Z,61.57,0.22785623371601105,0.04653402045369148,-0.011232349090278149
1626646898316,2021-07-18T22:22:54.275Z,61.61,0.22785623371601105,-0.014441591687500477,0.04974326118826866
1626646898355,2021-07-18T22:22:54.286Z,61.649,-0.01604621298611164,-0.13639281690120697,0.11071887612342834
1626646898395,2021-07-18T22:22:54.289Z,61.689,-0.19897304475307465,0.04653402045369148,-0.011232349090278149
1626646898436,2021-07-18T22:22:54.291Z,61.73,-0.13799743354320526,-0.014441591687500477,-0.07220795750617981
1626646898476,2021-07-18T22:22:54.302Z,61.77,-0.13799743354320526,0.04653402045369148,-0.011232349090278149
1626646898515,2021-07-18T22:22:54.305Z,61.809,-0.01604621298611164,0.04653402045369148,-0.07220795750617981
1626646898555,2021-07-18T22:22:54.307Z,61.849,-0.01604621298611164,0.04653402045369148,-0.1331835687160492
1626646898594,2021-07-18T22:22:54.318Z,61.888,0.044929396361112595,-0.07541720569133759,0.04974326118826866
1626646898634,2021-07-18T22:22:54.320Z,61.928,0.28883183002471924,0.04653402045369148,0.04974326118826866
1626646898675,2021-07-18T22:22:54.348Z,61.969,0.28883183002471924,-0.014441591687500477,0.04974326118826866
1626646898714,2021-07-18T22:22:54.350Z,62.008,0.16688062250614166,-0.014441591687500477,0.04974326118826866
1626646898754,2021-07-18T22:22:54.362Z,62.048,-0.07702182233333588,0.04653402045369148,-0.07220795750617981
1626646898793,2021-07-18T22:22:54.376Z,62.087,-0.13799743354320526,-0.014441591687500477,-0.1331835687160492
1626646898833,2021-07-18T22:22:54.378Z,62.127,-0.381899893283844,0.04653402045369148,-0.19415917992591858
1626646898874,2021-07-18T22:22:54.380Z,62.168,-0.2599486708641052,0.04653402045369148,-0.1331835687160492
1626646898913,2021-07-18T22:22:54.393Z,62.207,-0.07702182233333588,0.04653402045369148,-0.011232349090278149
1626646898953,2021-07-18T22:22:54.395Z,62.247,0.10590501129627228,-0.014441591687500477,0.11071887612342834
1626646898993,2021-07-18T22:22:54.406Z,62.287,0.22785623371601105,0.10750962793827057,-0.011232349090278149
1626646899032,2021-07-18T22:22:54.408Z,62.326,0.16688062250614166,-0.13639281690120697,0.04974326118826866
1626646899072,2021-07-18T22:22:54.411Z,62.366,0.044929396361112595,-0.014441591687500477,0.04974326118826866
1626646899113,2021-07-18T22:22:54.422Z,62.407,-0.07702182233333588,0.04653402045369148,-0.1331835687160492
1626646899152,2021-07-18T22:22:54.424Z,62.446,-0.19897304475307465,0.04653402045369148,-0.1331835687160492
1626646899192,2021-07-18T22:22:54.426Z,62.486,-0.13799743354320526,-0.07541720569133759,-0.011232349090278149
1626646899231,2021-07-18T22:22:54.438Z,62.525,0.044929396361112595,-0.014441591687500477,-0.011232349090278149
1626646899271,2021-07-18T22:22:54.440Z,62.565,0.10590501129627228,0.10750962793827057,-0.011232349090278149
1626646899312,2021-07-18T22:22:54.442Z,62.606,0.10590501129627228,-0.13639281690120697,-0.011232349090278149
1626646899351,2021-07-18T22:22:54.453Z,62.645,-0.01604621298611164,-0.014441591687500477,0.04974326118826866
1626646899391,2021-07-18T22:22:54.455Z,62.685,-0.13799743354320526,-0.014441591687500477,-0.011232349090278149
1626646899431,2021-07-18T22:22:54.466Z,62.725,-0.07702182233333588,-0.07541720569133759,0.04974326118826866
1626646899470,2021-07-18T22:22:54.468Z,62.764,-0.07702182233333588,0.04653402045369148,-0.011232349090278149
1626646899510,2021-07-18T22:22:54.470Z,62.804,-0.07702182233333588,-0.07541720569133759,-0.011232349090278149
1626646899551,2021-07-18T22:22:54.482Z,62.845,-0.01604621298611164,0.10750962793827057,-0.07220795750617981
1626646899590,2021-07-18T22:22:54.484Z,62.884,-0.07702182233333588,-0.07541720569133759,-0.011232349090278149
1626646899630,2021-07-18T22:22:54.486Z,62.924,0.044929396361112595,-0.07541720569133759,-0.011232349090278149
1626646899669,2021-07-18T22:22:54.512Z,62.963,0.10590501129627228,0.16848523914813995,0.11071887612342834
1626646899709,2021-07-18T22:22:54.515Z,63.003,0.044929396361112595,-0.07541720569133759,0.04974326118826866
1626646899750,2021-07-18T22:22:54.517Z,63.044,0.10590501129627228,-0.014441591687500477,0.04974326118826866
1626646899789,2021-07-18T22:22:54.528Z,63.083,0.044929396361112595,-0.07541720569133759,-0.011232349090278149
1626646899829,2021-07-18T22:22:54.530Z,63.123,-0.19897304475307465,0.10750962793827057,-0.19415917992591858
1626646899869,2021-07-18T22:22:54.541Z,63.163,-0.19897304475307465,0.04653402045369148,0.11071887612342834
1626646899908,2021-07-18T22:22:54.543Z,63.202,-0.2599486708641052,-0.13639281690120697,0.17169448733329773
1626646899948,2021-07-18T22:22:54.546Z,63.242,-0.19897304475307465,0.16848523914813995,-0.011232349090278149
1626646899989,2021-07-18T22:22:54.556Z,63.283,-0.19897304475307465,-0.25834402441978455,0.04974326118826866
1626646900028,2021-07-18T22:22:54.559Z,63.322,-0.3209242820739746,0.16848523914813995,0.04974326118826866
1626646900068,2021-07-18T22:22:54.561Z,63.362,0.044929396361112595,-0.4412708580493927,0.9643774032592773
1626646900107,2021-07-18T22:22:54.572Z,63.401,0.28883183002471924,-1.5998073816299438,0.7204749584197998
1626646900147,2021-07-18T22:22:54.586Z,63.441,0.8376123309135437,0.5343388915061951,-0.7429397106170654
1626646900188,2021-07-18T22:22:54.588Z,63.482,0.5327342748641968,-0.13639281690120697,-0.07220795750617981
1626646900227,2021-07-18T22:22:54.603Z,63.521,-0.01604621298611164,-0.5022464990615845,0.04974326118826866
1626646900267,2021-07-18T22:22:54.605Z,63.561,0.7766367197036743,0.22946085035800934,0.41559693217277527
1626646900298,2021-07-18T22:22:54.607Z,63.592,1.3863928318023682,-0.3802952468395233,0.8424261808395386
1626646900337,2021-07-18T22:22:54.618Z,63.631,0.16688062250614166,-0.3802952468395233,-0.37708601355552673
1626646900377,2021-07-18T22:22:54.621Z,63.671,-0.381899893283844,0.22946085035800934,-0.6819640398025513
1626646900416,2021-07-18T22:22:54.631Z,63.71,-1.7233632802963257,-0.5022464990615845,-0.6209884881973267
1626646900456,2021-07-18T22:22:54.634Z,63.75,-1.174582839012146,1.4489730596542358,-0.19415917992591858
1626646900496,2021-07-18T22:22:54.636Z,63.79,-0.5648267269134521,0.5953144431114197,0.7204749584197998
1626646900535,2021-07-18T22:22:54.647Z,63.829,0.22785623371601105,-0.014441591687500477,0.8424261808395386
1626646900576,2021-07-18T22:22:54.649Z,63.87,0.5937098860740662,0.9001925587654114,0.17169448733329773
1626646900616,2021-07-18T22:22:54.652Z,63.91,0.16688062250614166,-0.13639281690120697,0.04974326118826866
1626646900655,2021-07-18T22:22:54.663Z,63.949,-0.381899893283844,0.22946085035800934,-0.011232349090278149
1626646900695,2021-07-18T22:22:54.665Z,63.989,-0.5038511157035828,-0.014441591687500477,-0.1331835687160492
1626646900736,2021-07-18T22:22:54.666Z,64.03,-0.19897304475307465,-0.014441591687500477,-0.4990372359752655
1626646900774,2021-07-18T22:22:54.678Z,64.068,0.10590501129627228,-0.014441591687500477,-0.37708601355552673
1626646900815,2021-07-18T22:22:54.680Z,64.109,0.22785623371601105,-0.25834402441978455,-0.1331835687160492
1626646900854,2021-07-18T22:22:54.682Z,64.148,0.3498074412345886,0.04653402045369148,-0.31611040234565735
1626646900894,2021-07-18T22:22:54.693Z,64.188,0.22785623371601105,0.04653402045369148,-0.1331835687160492
1626646900934,2021-07-18T22:22:54.695Z,64.228,0.10590501129627228,-0.13639281690120697,-0.011232349090278149
1626646900973,2021-07-18T22:22:54.706Z,64.267,-0.01604621298611164,0.04653402045369148,0.04974326118826866
1626646901014,2021-07-18T22:22:54.708Z,64.308,-0.07702182233333588,-0.014441591687500477,-0.07220795750617981
1626646901054,2021-07-18T22:22:54.710Z,64.348,-0.01604621298611164,-0.07541720569133759,0.04974326118826866
1626646901093,2021-07-18T22:22:54.722Z,64.387,-0.07702182233333588,-0.014441591687500477,-0.19415917992591858
1626646901133,2021-07-18T22:22:54.724Z,64.427,-0.01604621298611164,-0.07541720569133759,-0.1331835687160492
1626646901172,2021-07-18T22:22:54.726Z,64.466,0.044929396361112595,-0.13639281690120697,-0.07220795750617981
1626646901213,2021-07-18T22:22:54.738Z,64.507,0.10590501129627228,-0.014441591687500477,-0.011232349090278149
1626646901253,2021-07-18T22:22:54.740Z,64.547,-0.01604621298611164,-0.13639281690120697,-0.011232349090278149
1626646901292,2021-07-18T22:22:54.766Z,64.586,-0.01604621298611164,0.10750962793827057,-0.011232349090278149
1626646901332,2021-07-18T22:22:54.768Z,64.626,-0.19897304475307465,-0.25834402441978455,0.17169448733329773
1626646901372,2021-07-18T22:22:54.770Z,64.666,-0.07702182233333588,-0.014441591687500477,0.04974326118826866
1626646901411,2021-07-18T22:22:54.782Z,64.705,0.044929396361112595,0.10750962793827057,-0.07220795750617981
1626646901452,2021-07-18T22:22:54.784Z,64.746,0.044929396361112595,-0.13639281690120697,-0.011232349090278149
1626646901492,2021-07-18T22:22:54.787Z,64.786,-0.13799743354320526,0.04653402045369148,-0.1331835687160492
1626646901531,2021-07-18T22:22:54.798Z,64.825,-0.2599486708641052,-0.13639281690120697,-0.1331835687160492
1626646901571,2021-07-18T22:22:54.800Z,64.865,-0.13799743354320526,-0.07541720569133759,0.04974326118826866
1626646901610,2021-07-18T22:22:54.811Z,64.904,0.044929396361112595,-0.014441591687500477,0.17169448733329773
1626646901651,2021-07-18T22:22:54.813Z,64.945,0.16688062250614166,-0.014441591687500477,0.11071887612342834
1626646901691,2021-07-18T22:22:54.815Z,64.985,0.16688062250614166,-0.014441591687500477,0.04974326118826866
1626646901730,2021-07-18T22:22:54.827Z,65.024,0.10590501129627228,-0.13639281690120697,0.04974326118826866
1626646901770,2021-07-18T22:22:54.829Z,65.064,-0.01604621298611164,-0.014441591687500477,-0.07220795750617981
1626646901809,2021-07-18T22:22:54.859Z,65.103,-0.01604621298611164,0.10750962793827057,-0.07220795750617981
1626646901849,2021-07-18T22:22:54.861Z,65.143,-0.13799743354320526,0.04653402045369148,0.04974326118826866
1626646901890,2021-07-18T22:22:54.872Z,65.184,-0.01604621298611164,-0.07541720569133759,-0.011232349090278149
1626646901930,2021-07-18T22:22:54.874Z,65.224,0.10590501129627228,-0.014441591687500477,0.04974326118826866
1626646901969,2021-07-18T22:22:54.877Z,65.263,0.16688062250614166,-0.014441591687500477,0.04974326118826866
1626646902009,2021-07-18T22:22:54.888Z,65.303,0.044929396361112595,0.04653402045369148,0.04974326118826866
1626646902048,2021-07-18T22:22:54.890Z,65.342,-0.19897304475307465,-0.014441591687500477,-0.011232349090278149
1626646902089,2021-07-18T22:22:54.901Z,65.383,-0.07702182233333588,0.04653402045369148,-0.07220795750617981
1626646902129,2021-07-18T22:22:54.903Z,65.423,-0.01604621298611164,0.04653402045369148,-0.07220795750617981
1626646902168,2021-07-18T22:22:54.905Z,65.462,-0.07702182233333588,0.10750962793827057,-0.1331835687160492
1626646902208,2021-07-18T22:22:54.916Z,65.502,-0.01604621298611164,-0.13639281690120697,0.04974326118826866
1626646902247,2021-07-18T22:22:54.931Z,65.541,0.16688062250614166,-0.014441591687500477,0.04974326118826866
1626646902287,2021-07-18T22:22:54.933Z,65.581,0.16688062250614166,0.10750962793827057,0.04974326118826866
1626646902328,2021-07-18T22:22:54.935Z,65.622,0.044929396361112595,-0.07541720569133759,0.11071887612342834
1626646902368,2021-07-18T22:22:54.947Z,65.662,-0.07702182233333588,-0.07541720569133759,0.04974326118826866
1626646902407,2021-07-18T22:22:54.950Z,65.701,-0.01604621298611164,0.10750962793827057,-0.011232349090278149
1626646902447,2021-07-18T22:22:54.961Z,65.741,-0.07702182233333588,-0.13639281690120697,0.04974326118826866
1626646902486,2021-07-18T22:22:54.963Z,65.78,-0.01604621298611164,-0.014441591687500477,0.11071887612342834
1626646902527,2021-07-18T22:22:54.965Z,65.821,0.10590501129627228,-0.014441591687500477,-0.011232349090278149
1626646902567,2021-07-18T22:22:54.977Z,65.861,0.10590501129627228,0.10750962793827057,-0.011232349090278149
1626646902606,2021-07-18T22:22:54.979Z,65.9,-0.07702182233333588,-0.13639281690120697,-0.07220795750617981
1626646902646,2021-07-18T22:22:54.981Z,65.94,-0.13799743354320526,-0.07541720569133759,-0.011232349090278149
1626646902685,2021-07-18T22:22:54.992Z,65.979,0.044929396361112595,0.04653402045369148,0.04974326118826866
1626646902725,2021-07-18T22:22:54.995Z,66.019,0.10590501129627228,0.04653402045369148,0.04974326118826866
1626646902766,2021-07-18T22:22:54.997Z,66.06,-0.07702182233333588,0.10750962793827057,-0.011232349090278149
1626646902806,2021-07-18T22:22:55.008Z,66.1,-0.07702182233333588,-0.07541720569133759,-0.07220795750617981
1626646902845,2021-07-18T22:22:55.010Z,66.139,0.10590501129627228,-0.014441591687500477,-0.011232349090278149
1626646902885,2021-07-18T22:22:55.021Z,66.179,0.044929396361112595,0.04653402045369148,0.04974326118826866
1626646902926,2021-07-18T22:22:55.023Z,66.22,-0.01604621298611164,-0.07541720569133759,0.04974326118826866
1626646902965,2021-07-18T22:22:55.025Z,66.259,0.22785623371601105,-0.014441591687500477,0.11071887612342834
1626646903005,2021-07-18T22:22:55.036Z,66.299,0.044929396361112595,-0.014441591687500477,-0.07220795750617981
1626646903044,2021-07-18T22:22:55.039Z,66.338,-0.07702182233333588,-0.014441591687500477,-0.07220795750617981
1626646903084,2021-07-18T22:22:55.041Z,66.378,-0.19897304475307465,-0.014441591687500477,-0.07220795750617981
1626646903123,2021-07-18T22:22:55.067Z,66.417,0.044929396361112595,-0.07541720569133759,0.04974326118826866
1626646903164,2021-07-18T22:22:55.069Z,66.458,0.16688062250614166,0.04653402045369148,-0.011232349090278149
1626646903204,2021-07-18T22:22:55.072Z,66.498,-0.07702182233333588,-0.07541720569133759,-0.011232349090278149
1626646903244,2021-07-18T22:22:55.083Z,66.538,0.044929396361112595,-0.07541720569133759,-0.011232349090278149
1626646903283,2021-07-18T22:22:55.085Z,66.577,-0.07702182233333588,-0.07541720569133759,0.11071887612342834
1626646903323,2021-07-18T22:22:55.087Z,66.617,-0.01604621298611164,-0.014441591687500477,-0.011232349090278149
1626646903362,2021-07-18T22:22:55.098Z,66.656,-0.07702182233333588,0.04653402045369148,-0.07220795750617981
1626646903403,2021-07-18T22:22:55.101Z,66.697,-0.13799743354320526,-0.014441591687500477,-0.1331835687160492
1626646903443,2021-07-18T22:22:55.111Z,66.737,-0.01604621298611164,-0.07541720569133759,-0.07220795750617981
1626646903482,2021-07-18T22:22:55.113Z,66.776,0.044929396361112595,-0.014441591687500477,-0.07220795750617981
1626646903522,2021-07-18T22:22:55.116Z,66.816,0.16688062250614166,-0.07541720569133759,-0.011232349090278149
1626646903561,2021-07-18T22:22:55.127Z,66.855,-0.01604621298611164,-0.13639281690120697,0.04974326118826866
1626646903602,2021-07-18T22:22:55.129Z,66.896,0.16688062250614166,-0.014441591687500477,0.04974326118826866
1626646903642,2021-07-18T22:22:55.141Z,66.936,-0.01604621298611164,0.04653402045369148,-0.07220795750617981
1626646903682,2021-07-18T22:22:55.143Z,66.976,-0.01604621298611164,-0.07541720569133759,-0.07220795750617981
1626646903721,2021-07-18T22:22:55.158Z,67.015,-0.07702182233333588,-0.19736842811107635,-0.011232349090278149
1626646903761,2021-07-18T22:22:55.160Z,67.055,0.16688062250614166,0.10750962793827057,-0.07220795750617981
1626646903800,2021-07-18T22:22:55.171Z,67.094,0.044929396361112595,-0.07541720569133759,-0.07220795750617981
1626646903841,2021-07-18T22:22:55.173Z,67.135,-0.07702182233333588,-0.014441591687500477,-0.011232349090278149
1626646903881,2021-07-18T22:22:55.175Z,67.175,0.044929396361112595,0.04653402045369148,-0.1331835687160492
1626646903920,2021-07-18T22:22:55.186Z,67.214,-0.01604621298611164,-0.07541720569133759,-0.1331835687160492
1626646903960,2021-07-18T22:22:55.189Z,67.254,0.044929396361112595,-0.014441591687500477,-0.011232349090278149
1626646903999,2021-07-18T22:22:55.191Z,67.293,-0.01604621298611164,-0.13639281690120697,-0.011232349090278149
1626646904040,2021-07-18T22:22:55.202Z,67.334,0.044929396361112595,-0.07541720569133759,0.11071887612342834
1626646904080,2021-07-18T22:22:55.204Z,67.374,0.044929396361112595,0.10750962793827057,-0.07220795750617981
1626646904120,2021-07-18T22:22:55.207Z,67.414,-0.13799743354320526,-0.07541720569133759,-0.011232349090278149
1626646904159,2021-07-18T22:22:55.218Z,67.453,-0.01604621298611164,-0.07541720569133759,-0.011232349090278149
1626646904199,2021-07-18T22:22:55.220Z,67.493,0.10590501129627228,-0.07541720569133759,0.11071887612342834
1626646904240,2021-07-18T22:22:55.222Z,67.534,0.16688062250614166,0.16848523914813995,0.11071887612342834
1626646904279,2021-07-18T22:22:55.233Z,67.573,0.044929396361112595,-0.014441591687500477,-0.011232349090278149
1626646904319,2021-07-18T22:22:55.235Z,67.613,-0.01604621298611164,-0.07541720569133759,0.04974326118826866
1626646904358,2021-07-18T22:22:55.246Z,67.652,-0.01604621298611164,0.10750962793827057,-0.07220795750617981
1626646904398,2021-07-18T22:22:55.248Z,67.692,-0.01604621298611164,-0.07541720569133759,-0.07220795750617981
1626646904437,2021-07-18T22:22:55.251Z,67.731,-0.01604621298611164,-0.014441591687500477,0.04974326118826866
1626646904478,2021-07-18T22:22:55.262Z,67.772,-0.01604621298611164,-0.07541720569133759,0.04974326118826866
1626646904518,2021-07-18T22:22:55.264Z,67.812,0.044929396361112595,0.04653402045369148,-0.07220795750617981
1626646904558,2021-07-18T22:22:55.266Z,67.852,0.044929396361112595,-0.014441591687500477,0.04974326118826866
1626646904597,2021-07-18T22:22:55.278Z,67.891,-0.07702182233333588,-0.13639281690120697,0.11071887612342834
1626646904637,2021-07-18T22:22:55.280Z,67.931,-0.01604621298611164,-0.014441591687500477,0.04974326118826866
1626646904678,2021-07-18T22:22:55.291Z,67.972,0.044929396361112595,-0.014441591687500477,0.11071887612342834
1626646904717,2021-07-18T22:22:55.293Z,68.011,0.16688062250614166,0.04653402045369148,-0.011232349090278149
1626646904757,2021-07-18T22:22:55.296Z,68.051,0.10590501129627228,-0.014441591687500477,-0.1331835687160492
1626646904796,2021-07-18T22:22:55.322Z,68.09,-0.07702182233333588,0.04653402045369148,-0.011232349090278149
1626646904836,2021-07-18T22:22:55.324Z,68.13,-0.01604621298611164,0.04653402045369148,-0.011232349090278149
1626646904875,2021-07-18T22:22:55.326Z,68.169,0.16688062250614166,-0.014441591687500477,-0.011232349090278149
1626646904916,2021-07-18T22:22:55.367Z,68.21,0.16688062250614166,-0.014441591687500477,0.04974326118826866
1626646904956,2021-07-18T22:22:55.369Z,68.25,0.10590501129627228,-0.13639281690120697,0.04974326118826866
1626646904996,2021-07-18T22:22:55.381Z,68.29,0.044929396361112595,-0.014441591687500477,0.11071887612342834
1626646905035,2021-07-18T22:22:55.383Z,68.329,0.044929396361112595,-0.014441591687500477,-0.011232349090278149
1626646905075,2021-07-18T22:22:55.385Z,68.369,-0.07702182233333588,-0.13639281690120697,-0.07220795750617981
1626646905116,2021-07-18T22:22:55.397Z,68.41,-0.13799743354320526,-0.014441591687500477,-0.011232349090278149
1626646905155,2021-07-18T22:22:55.399Z,68.449,0.044929396361112595,-0.13639281690120697,-0.011232349090278149
1626646905195,2021-07-18T22:22:55.401Z,68.489,0.10590501129627228,0.04653402045369148,-0.07220795750617981
1626646905234,2021-07-18T22:22:55.412Z,68.528,0.044929396361112595,-0.13639281690120697,-0.011232349090278149
1626646905274,2021-07-18T22:22:55.415Z,68.568,-0.01604621298611164,-0.014441591687500477,0.04974326118826866
1626646905315,2021-07-18T22:22:55.417Z,68.609,-0.07702182233333588,0.10750962793827057,-0.011232349090278149
1626646905354,2021-07-18T22:22:55.428Z,68.648,-0.07702182233333588,-0.014441591687500477,-0.011232349090278149
1626646905394,2021-07-18T22:22:55.430Z,68.688,-0.01604621298611164,0.10750962793827057,-0.011232349090278149
1626646905434,2021-07-18T22:22:55.441Z,68.728,-0.07702182233333588,-0.014441591687500477,-0.011232349090278149
1626646905473,2021-07-18T22:22:55.443Z,68.767,0.10590501129627228,0.04653402045369148,-0.07220795750617981
1626646905513,2021-07-18T22:22:55.445Z,68.807,-0.13799743354320526,0.04653402045369148,-0.011232349090278149
1626646905554,2021-07-18T22:22:55.456Z,68.848,-0.07702182233333588,0.04653402045369148,-0.07220795750617981
1626646905593,2021-07-18T22:22:55.459Z,68.887,-0.01604621298611164,-0.07541720569133759,0.04974326118826866
1626646905633,2021-07-18T22:22:55.461Z,68.927,0.044929396361112595,0.04653402045369148,0.04974326118826866
1626646905672,2021-07-18T22:22:55.472Z,68.966,0.16688062250614166,0.10750962793827057,0.04974326118826866
1626646905712,2021-07-18T22:22:55.486Z,69.006,0.16688062250614166,-0.13639281690120697,0.04974326118826866
1626646905753,2021-07-18T22:22:55.489Z,69.047,-0.07702182233333588,-0.07541720569133759,-0.011232349090278149
1626646905792,2021-07-18T22:22:55.491Z,69.086,0.044929396361112595,0.10750962793827057,-0.07220795750617981
1626646905832,2021-07-18T22:22:55.503Z,69.126,-0.01604621298611164,-0.07541720569133759,-0.07220795750617981
1626646905872,2021-07-18T22:22:55.505Z,69.166,-0.01604621298611164,-0.13639281690120697,-0.011232349090278149
1626646905911,2021-07-18T22:22:55.517Z,69.205,0.044929396361112595,0.04653402045369148,0.04974326118826866
1626646905951,2021-07-18T22:22:55.519Z,69.245,-0.01604621298611164,0.04653402045369148,-0.011232349090278149
1626646905992,2021-07-18T22:22:55.521Z,69.286,-0.01604621298611164,-0.07541720569133759,0.04974326118826866
1626646906031,2021-07-18T22:22:55.532Z,69.325,-0.01604621298611164,-0.014441591687500477,-0.011232349090278149
1626646906071,2021-07-18T22:22:55.535Z,69.365,-0.13799743354320526,-0.19736842811107635,-0.011232349090278149
1626646906110,2021-07-18T22:22:55.537Z,69.404,-0.01604621298611164,0.10750962793827057,-0.011232349090278149
1626646906150,2021-07-18T22:22:55.548Z,69.444,-0.01604621298611164,-0.07541720569133759,0.04974326118826866
1626646906191,2021-07-18T22:22:55.550Z,69.485,-0.01604621298611164,-0.13639281690120697,0.04974326118826866
1626646906230,2021-07-18T22:22:55.561Z,69.524,0.044929396361112595,0.10750962793827057,-0.07220795750617981
1626646906270,2021-07-18T22:22:55.563Z,69.564,-0.01604621298611164,-0.07541720569133759,-0.011232349090278149
1626646906309,2021-07-18T22:22:55.565Z,69.603,0.044929396361112595,-0.07541720569133759,0.11071887612342834
1626646906349,2021-07-18T22:22:55.576Z,69.643,0.22785623371601105,-0.014441591687500477,0.04974326118826866
1626646906390,2021-07-18T22:22:55.579Z,69.684,0.10590501129627228,-0.07541720569133759,-0.011232349090278149
1626646906430,2021-07-18T22:22:55.581Z,69.724,0.044929396361112595,-0.014441591687500477,-0.011232349090278149
1626646906469,2021-07-18T22:22:55.593Z,69.763,-0.07702182233333588,0.04653402045369148,-0.07220795750617981
1626646906509,2021-07-18T22:22:55.595Z,69.803,-0.01604621298611164,-0.07541720569133759,-0.011232349090278149
1626646906548,2021-07-18T22:22:55.623Z,69.842,0.044929396361112595,-0.07541720569133759,-0.011232349090278149
1626646906588,2021-07-18T22:22:55.625Z,69.882,0.044929396361112595,0.04653402045369148,-0.011232349090278149
1626646906629,2021-07-18T22:22:55.627Z,69.923,-0.07702182233333588,-0.13639281690120697,-0.011232349090278149
1626646906668,2021-07-18T22:22:55.638Z,69.962,0.044929396361112595,-0.014441591687500477,0.04974326118826866
1626646906708,2021-07-18T22:22:55.640Z,70.002,-0.13799743354320526,-0.014441591687500477,-0.07220795750617981
1626646906747,2021-07-18T22:22:55.651Z,70.041,-0.07702182233333588,-0.014441591687500477,-0.07220795750617981
1626646906787,2021-07-18T22:22:55.653Z,70.081,-0.01604621298611164,-0.014441591687500477,-0.011232349090278149
1626646906828,2021-07-18T22:22:55.656Z,70.122,0.044929396361112595,-0.014441591687500477,-0.011232349090278149
1626646906868,2021-07-18T22:22:55.667Z,70.162,0.10590501129627228,-0.014441591687500477,0.04974326118826866
1626646906907,2021-07-18T22:22:55.669Z,70.201,-0.07702182233333588,0.04653402045369148,-0.07220795750617981
1626646906947,2021-07-18T22:22:55.671Z,70.241,-0.01604621298611164,-0.07541720569133759,0.04974326118826866
1626646906986,2021-07-18T22:22:55.683Z,70.28,0.044929396361112595,-0.13639281690120697,0.04974326118826866
1626646907026,2021-07-18T22:22:55.696Z,70.32,0.10590501129627228,0.10750962793827057,0.04974326118826866
1626646907067,2021-07-18T22:22:55.698Z,70.361,-0.01604621298611164,0.04653402045369148,0.04974326118826866
1626646907106,2021-07-18T22:22:55.712Z,70.4,0.044929396361112595,-0.13639281690120697,-0.011232349090278149
1626646907146,2021-07-18T22:22:55.715Z,70.44,0.10590501129627228,0.04653402045369148,-0.07220795750617981
1626646907185,2021-07-18T22:22:55.717Z,70.479,-0.07702182233333588,-0.13639281690120697,-0.07220795750617981
1626646907225,2021-07-18T22:22:55.728Z,70.519,0.044929396361112595,-0.19736842811107635,-0.011232349090278149
1626646907266,2021-07-18T22:22:55.730Z,70.56,-0.01604621298611164,0.10750962793827057,-0.011232349090278149
1626646907306,2021-07-18T22:22:55.741Z,70.6,0.16688062250614166,-0.014441591687500477,-0.011232349090278149
1626646907345,2021-07-18T22:22:55.743Z,70.639,-0.01604621298611164,-0.07541720569133759,-0.011232349090278149
1626646907385,2021-07-18T22:22:55.745Z,70.679,-0.07702182233333588,-0.014441591687500477,-0.011232349090278149
1626646907426,2021-07-18T22:22:55.756Z,70.72,0.044929396361112595,-0.014441591687500477,-0.07220795750617981
1626646907464,2021-07-18T22:22:55.759Z,70.758,-0.01604621298611164,-0.014441591687500477,-0.07220795750617981
1626646907505,2021-07-18T22:22:55.761Z,70.799,-0.07702182233333588,-0.014441591687500477,-0.011232349090278149
1626646907544,2021-07-18T22:22:55.772Z,70.838,0.044929396361112595,-0.014441591687500477,-0.011232349090278149
1626646907584,2021-07-18T22:22:55.774Z,70.878,0.044929396361112595,-0.19736842811107635,0.04974326118826866
1626646907623,2021-07-18T22:22:55.777Z,70.917,-0.01604621298611164,0.04653402045369148,-0.07220795750617981
1626646907663,2021-07-18T22:22:55.788Z,70.957,0.044929396361112595,-0.07541720569133759,-0.1331835687160492
1626646907704,2021-07-18T22:22:55.790Z,70.998,0.10590501129627228,-0.014441591687500477,0.04974326118826866
1626646907744,2021-07-18T22:22:55.792Z,71.038,-0.01604621298611164,0.04653402045369148,-0.011232349090278149
1626646907783,2021-07-18T22:22:55.803Z,71.077,0.16688062250614166,-0.07541720569133759,0.04974326118826866
1626646907823,2021-07-18T22:22:55.805Z,71.117,0.044929396361112595,-0.13639281690120697,-0.011232349090278149
1626646907862,2021-07-18T22:22:55.816Z,71.156,-0.07702182233333588,-0.014441591687500477,-0.07220795750617981
1626646907902,2021-07-18T22:22:55.818Z,71.196,-0.07702182233333588,-0.07541720569133759,-0.07220795750617981
1626646907943,2021-07-18T22:22:55.821Z,71.237,0.044929396361112595,-0.014441591687500477,-0.011232349090278149
1626646907982,2021-07-18T22:22:55.832Z,71.276,-0.01604621298611164,0.16848523914813995,-0.011232349090278149
1626646908022,2021-07-18T22:22:55.834Z,71.316,0.044929396361112595,-0.07541720569133759,0.04974326118826866
1626646908061,2021-07-18T22:22:55.863Z,71.355,0.044929396361112595,-0.014441591687500477,-0.011232349090278149
1626646908101,2021-07-18T22:22:55.865Z,71.395,-0.13799743354320526,0.04653402045369148,-0.011232349090278149
1626646908142,2021-07-18T22:22:55.876Z,71.436,-0.01604621298611164,-0.07541720569133759,0.04974326118826866
1626646908182,2021-07-18T22:22:55.879Z,71.476,0.10590501129627228,0.04653402045369148,0.04974326118826866
1626646908221,2021-07-18T22:22:55.881Z,71.515,0.044929396361112595,0.10750962793827057,0.04974326118826866
1626646908261,2021-07-18T22:22:55.892Z,71.555,0.044929396361112595,-0.014441591687500477,-0.011232349090278149
1626646908300,2021-07-18T22:22:55.895Z,71.594,0.10590501129627228,-0.13639281690120697,0.04974326118826866
1626646908341,2021-07-18T22:22:55.897Z,71.635,-0.01604621298611164,-0.014441591687500477,-0.011232349090278149
1626646908381,2021-07-18T22:22:55.908Z,71.675,-0.07702182233333588,0.10750962793827057,-0.1331835687160492
1626646908420,2021-07-18T22:22:55.910Z,71.714,-0.07702182233333588,-0.25834402441978455,0.11071887612342834
1626646908460,2021-07-18T22:22:55.921Z,71.754,0.044929396361112595,-0.07541720569133759,0.04974326118826866
1626646908499,2021-07-18T22:22:55.923Z,71.793,0.10590501129627228,0.04653402045369148,0.11071887612342834
1626646908539,2021-07-18T22:22:55.925Z,71.833,0.10590501129627228,-0.07541720569133759,0.04974326118826866
1626646908580,2021-07-18T22:22:55.936Z,71.874,0.044929396361112595,-0.07541720569133759,-0.011232349090278149
1626646908620,2021-07-18T22:22:55.939Z,71.914,-0.01604621298611164,-0.07541720569133759,-0.07220795750617981
1626646908659,2021-07-18T22:22:55.941Z,71.953,-0.07702182233333588,-0.014441591687500477,-0.07220795750617981
1626646908699,2021-07-18T22:22:55.952Z,71.993,-0.07702182233333588,-0.13639281690120697,0.04974326118826866
1626646908738,2021-07-18T22:22:55.954Z,72.032,-0.01604621298611164,0.04653402045369148,-0.011232349090278149
1626646908779,2021-07-18T22:22:55.957Z,72.073,0.044929396361112595,-0.07541720569133759,-0.011232349090278149
1626646908819,2021-07-18T22:22:55.968Z,72.113,0.16688062250614166,-0.07541720569133759,-0.011232349090278149
1626646908858,2021-07-18T22:22:55.970Z,72.152,0.10590501129627228,-0.13639281690120697,-0.07220795750617981
1626646908898,2021-07-18T22:22:55.972Z,72.192,0.16688062250614166,-0.07541720569133759,-0.07220795750617981
1626646908937,2021-07-18T22:22:55.983Z,72.231,0.044929396361112595,-0.014441591687500477,-0.011232349090278149
1626646908977,2021-07-18T22:22:55.985Z,72.271,-0.07702182233333588,-0.07541720569133759,0.04974326118826866
1626646909018,2021-07-18T22:22:55.996Z,72.312,0.044929396361112595,-0.014441591687500477,-0.011232349090278149
1626646909058,2021-07-18T22:22:55.998Z,72.352,0.10590501129627228,0.04653402045369148,-0.011232349090278149
1626646909097,2021-07-18T22:22:56.001Z,72.391,0.044929396361112595,-0.014441591687500477,0.04974326118826866
1626646909137,2021-07-18T22:22:56.012Z,72.431,-0.07702182233333588,-0.13639281690120697,0.04974326118826866
1626646909176,2021-07-18T22:22:56.014Z,72.47,0.044929396361112595,0.22946085035800934,-0.07220795750617981
1626646909217,2021-07-18T22:22:56.016Z,72.511,-0.07702182233333588,0.16848523914813995,-0.07220795750617981
1626646909257,2021-07-18T22:22:56.028Z,72.551,-0.13799743354320526,-0.19736842811107635,-0.011232349090278149
1626646909296,2021-07-18T22:22:56.042Z,72.59,0.16688062250614166,-0.13639281690120697,-0.011232349090278149
1626646909336,2021-07-18T22:22:56.044Z,72.63,0.10590501129627228,0.10750962793827057,-0.011232349090278149
1626646909375,2021-07-18T22:22:56.046Z,72.669,-0.01604621298611164,-0.07541720569133759,0.04974326118826866
1626646909415,2021-07-18T22:22:56.058Z,72.709,-0.07702182233333588,-0.13639281690120697,-0.011232349090278149
1626646909456,2021-07-18T22:22:56.060Z,72.75,-0.07702182233333588,-0.014441591687500477,-0.011232349090278149
1626646909496,2021-07-18T22:22:56.071Z,72.79,-0.01604621298611164,0.04653402045369148,-0.011232349090278149
1626646909535,2021-07-18T22:22:56.073Z,72.829,0.044929396361112595,-0.014441591687500477,-0.011232349090278149
1626646909575,2021-07-18T22:22:56.076Z,72.869,0.044929396361112595,-0.014441591687500477,0.04974326118826866
1626646909616,2021-07-18T22:22:56.087Z,72.91,-0.01604621298611164,-0.014441591687500477,0.04974326118826866
1626646909655,2021-07-18T22:22:56.089Z,72.949,0.10590501129627228,-0.014441591687500477,0.04974326118826866
1626646909695,2021-07-18T22:22:56.091Z,72.989,0.044929396361112595,-0.07541720569133759,-0.011232349090278149
1626646909734,2021-07-18T22:22:56.103Z,73.028,0.044929396361112595,-0.07541720569133759,-0.011232349090278149
1626646909774,2021-07-18T22:22:56.105Z,73.068,0.044929396361112595,-0.07541720569133759,0.04974326118826866
1626646909813,2021-07-18T22:22:56.107Z,73.107,0.10590501129627228,-0.014441591687500477,0.11071887612342834
1626646909854,2021-07-18T22:22:56.118Z,73.148,-0.19897304475307465,-0.3802952468395233,0.11071887612342834
1626646909894,2021-07-18T22:22:56.120Z,73.188,0.044929396361112595,0.22946085035800934,-0.07220795750617981
1626646909934,2021-07-18T22:22:56.131Z,73.228,-0.13799743354320526,0.16848523914813995,-0.19415917992591858
1626646909973,2021-07-18T22:22:56.133Z,73.267,-0.07702182233333588,-0.13639281690120697,-0.011232349090278149
1626646910013,2021-07-18T22:22:56.136Z,73.307,0.22785623371601105,-0.19736842811107635,0.11071887612342834
1626646910052,2021-07-18T22:22:56.147Z,73.346,0.3498074412345886,0.2904364764690399,0.23267009854316711
1626646910093,2021-07-18T22:22:56.149Z,73.387,0.10590501129627228,-0.13639281690120697,0.2936457097530365
1626646910133,2021-07-18T22:22:56.151Z,73.427,-0.13799743354320526,-0.07541720569133759,-0.07220795750617981
1626646910172,2021-07-18T22:22:56.178Z,73.466,-0.3209242820739746,0.04653402045369148,-0.19415917992591858
1626646910212,2021-07-18T22:22:56.191Z,73.506,-0.01604621298611164,-0.13639281690120697,-0.07220795750617981
1626646910251,2021-07-18T22:22:56.193Z,73.545,0.16688062250614166,-0.014441591687500477,-0.011232349090278149
1626646910292,2021-07-18T22:22:56.195Z,73.586,0.22785623371601105,0.16848523914813995,-0.07220795750617981
1626646910332,2021-07-18T22:22:56.207Z,73.626,0.044929396361112595,-0.13639281690120697,0.04974326118826866
1626646910372,2021-07-18T22:22:56.209Z,73.666,-0.01604621298611164,-0.014441591687500477,0.04974326118826866
1626646910411,2021-07-18T22:22:56.211Z,73.705,0.044929396361112595,0.16848523914813995,-0.07220795750617981
1626646910451,2021-07-18T22:22:56.222Z,73.745,0.044929396361112595,-0.014441591687500477,-0.1331835687160492
1626646910490,2021-07-18T22:22:56.225Z,73.784,-0.07702182233333588,-0.13639281690120697,-0.1331835687160492
1626646910531,2021-07-18T22:22:56.227Z,73.825,-0.01604621298611164,-0.07541720569133759,-0.07220795750617981
1626646910571,2021-07-18T22:22:56.238Z,73.865,0.044929396361112595,-0.014441591687500477,-0.011232349090278149
1626646910610,2021-07-18T22:22:56.251Z,73.904,-0.13799743354320526,-0.014441591687500477,-0.011232349090278149
1626646910650,2021-07-18T22:22:56.266Z,73.944,-0.19897304475307465,-0.31931963562965393,-0.19415917992591858
1626646910689,2021-07-18T22:22:56.268Z,73.983,-0.3209242820739746,0.16848523914813995,-0.4990372359752655
1626646910730,2021-07-18T22:22:56.270Z,74.024,-0.3209242820739746,0.04653402045369148,0.2936457097530365
1626646910770,2021-07-18T22:22:56.281Z,74.064,0.22785623371601105,-0.5022464990615845,0.903401792049408
1626646910799,2021-07-18T22:22:56.284Z,74.093,0.9595634937286377,0.4123876988887787,0.41559693217277527
1626646910839,2021-07-18T22:22:56.286Z,74.133,0.5937098860740662,0.47336331009864807,-0.19415917992591858
1626646910880,2021-07-18T22:22:56.297Z,74.174,-0.2599486708641052,-0.13639281690120697,-0.1331835687160492
1626646910919,2021-07-18T22:22:56.299Z,74.213,-0.6258023381233215,-0.19736842811107635,-0.011232349090278149
1626646910959,2021-07-18T22:22:56.302Z,74.253,-0.07702182233333588,0.22946085035800934,-0.19415917992591858
1626646910998,2021-07-18T22:22:56.313Z,74.292,0.410783052444458,0.04653402045369148,-0.07220795750617981
1626646911038,2021-07-18T22:22:56.315Z,74.332,0.28883183002471924,-0.31931963562965393,-0.19415917992591858
1626646911079,2021-07-18T22:22:56.317Z,74.373,-0.3209242820739746,-0.07541720569133759,-0.4380616247653961
1626646911119,2021-07-18T22:22:56.328Z,74.413,-0.6258023381233215,0.16848523914813995,-0.31611040234565735
1626646911158,2021-07-18T22:22:56.357Z,74.452,-0.2599486708641052,-0.13639281690120697,0.2936457097530365
1626646911198,2021-07-18T22:22:56.359Z,74.492,0.4717586636543274,0.16848523914813995,0.47657254338264465
1626646911237,2021-07-18T22:22:56.362Z,74.531,0.7156611084938049,0.2904364764690399,0.41559693217277527
1626646911277,2021-07-18T22:22:56.373Z,74.571,0.16688062250614166,-0.07541720569133759,0.11071887612342834
1626646911318,2021-07-18T22:22:56.375Z,74.612,-0.2599486708641052,0.04653402045369148,-0.31611040234565735
1626646911357,2021-07-18T22:22:56.386Z,74.651,-0.5038511157035828,0.04653402045369148,-0.4990372359752655
1626646911397,2021-07-18T22:22:56.388Z,74.691,-0.07702182233333588,-0.4412708580493927,-0.07220795750617981
1626646911436,2021-07-18T22:22:56.391Z,74.73,0.410783052444458,-0.07541720569133759,-0.07220795750617981
1626646911476,2021-07-18T22:22:56.403Z,74.77,0.22785623371601105,0.2904364764690399,-0.07220795750617981
1626646911517,2021-07-18T22:22:56.405Z,74.811,-0.19897304475307465,-0.07541720569133759,0.04974326118826866
1626646911557,2021-07-18T22:22:56.431Z,74.851,-0.381899893283844,-0.07541720569133759,0.23267009854316711
1626646911596,2021-07-18T22:22:56.433Z,74.89,0.16688062250614166,0.04653402045369148,0.17169448733329773
1626646911636,2021-07-18T22:22:56.435Z,74.93,0.5327342748641968,0.16848523914813995,0.11071887612342834
1626646911675,2021-07-18T22:22:56.447Z,74.969,-0.01604621298611164,-0.13639281690120697,0.04974326118826866
1626646911715,2021-07-18T22:22:56.449Z,75.009,-0.01604621298611164,-0.13639281690120697,-0.07220795750617981
1626646911756,2021-07-18T22:22:56.451Z,75.05,0.10590501129627228,-0.07541720569133759,-0.1331835687160492
1626646911795,2021-07-18T22:22:56.463Z,75.089,0.10590501129627228,-0.014441591687500477,-0.25513479113578796
1626646911835,2021-07-18T22:22:56.465Z,75.129,-0.13799743354320526,-0.19736842811107635,-0.1331835687160492
1626646911874,2021-07-18T22:22:56.467Z,75.168,-0.13799743354320526,-0.07541720569133759,0.04974326118826866
1626646911914,2021-07-18T22:22:56.477Z,75.208,-0.07702182233333588,0.04653402045369148,0.17169448733329773
1626646911955,2021-07-18T22:22:56.480Z,75.249,-0.01604621298611164,0.04653402045369148,0.04974326118826866
1626646911995,2021-07-18T22:22:56.482Z,75.289,0.10590501129627228,-0.07541720569133759,-0.07220795750617981
1626646912034,2021-07-18T22:22:56.493Z,75.328,0.044929396361112595,-0.07541720569133759,-0.07220795750617981
1626646912074,2021-07-18T22:22:56.495Z,75.368,-0.01604621298611164,-0.19736842811107635,0.04974326118826866
1626646912113,2021-07-18T22:22:56.506Z,75.407,-0.07702182233333588,0.10750962793827057,-0.1331835687160492
1626646912153,2021-07-18T22:22:56.508Z,75.447,-0.07702182233333588,0.16848523914813995,0.17169448733329773
1626646912194,2021-07-18T22:22:56.510Z,75.488,-0.07702182233333588,-0.13639281690120697,0.11071887612342834
1626646912233,2021-07-18T22:22:56.521Z,75.527,-0.01604621298611164,0.04653402045369148,0.04974326118826866
1626646912273,2021-07-18T22:22:56.524Z,75.567,0.10590501129627228,0.10750962793827057,-0.011232349090278149
1626646912312,2021-07-18T22:22:56.526Z,75.606,-0.01604621298611164,0.04653402045369148,-0.07220795750617981
1626646912352,2021-07-18T22:22:56.537Z,75.646,0.044929396361112595,-0.07541720569133759,0.04974326118826866
1626646912393,2021-07-18T22:22:56.539Z,75.687,0.16688062250614166,0.16848523914813995,-0.1331835687160492
1626646912433,2021-07-18T22:22:56.542Z,75.727,-0.01604621298611164,0.04653402045369148,-0.07220795750617981
1626646912472,2021-07-18T22:22:56.553Z,75.766,-0.01604621298611164,-0.014441591687500477,-0.07220795750617981
1626646912512,2021-07-18T22:22:56.555Z,75.806,-0.01604621298611164,-0.07541720569133759,0.04974326118826866
1626646912551,2021-07-18T22:22:56.557Z,75.845,0.10590501129627228,-0.014441591687500477,0.04974326118826866
1626646912592,2021-07-18T22:22:56.568Z,75.886,0.044929396361112595,0.04653402045369148,0.04974326118826866
1626646912632,2021-07-18T22:22:56.570Z,75.926,-0.01604621298611164,0.04653402045369148,-0.07220795750617981
1626646912671,2021-07-18T22:22:56.581Z,75.965,-0.01604621298611164,-0.07541720569133759,-0.1331835687160492
1626646912711,2021-07-18T22:22:56.583Z,76.005,0.044929396361112595,0.04653402045369148,-0.07220795750617981
1626646912750,2021-07-18T22:22:56.598Z,76.044,0.044929396361112595,-0.19736842811107635,-0.011232349090278149
1626646912790,2021-07-18T22:22:56.600Z,76.084,0.10590501129627228,0.04653402045369148,-0.011232349090278149
1626646912831,2021-07-18T22:22:56.611Z,76.125,0.044929396361112595,-0.014441591687500477,0.11071887612342834
1626646912871,2021-07-18T22:22:56.613Z,76.165,-0.07702182233333588,-0.014441591687500477,0.04974326118826866
1626646912910,2021-07-18T22:22:56.616Z,76.204,0.044929396361112595,0.04653402045369148,-0.07220795750617981
1626646912950,2021-07-18T22:22:56.628Z,76.244,0.10590501129627228,-0.014441591687500477,-0.011232349090278149
1626646912991,2021-07-18T22:22:56.630Z,76.285,0.044929396361112595,-0.19736842811107635,-0.07220795750617981
1626646913030,2021-07-18T22:22:56.632Z,76.324,0.044929396361112595,0.04653402045369148,0.04974326118826866
1626646913070,2021-07-18T22:22:56.643Z,76.364,-0.01604621298611164,-0.014441591687500477,-0.07220795750617981
1626646913109,2021-07-18T22:22:56.645Z,76.403,-0.01604621298611164,-0.07541720569133759,0.04974326118826866
1626646913149,2021-07-18T22:22:56.656Z,76.443,0.044929396361112595,-0.07541720569133759,-0.011232349090278149
1626646913188,2021-07-18T22:22:56.658Z,76.482,0.044929396361112595,0.04653402045369148,0.11071887612342834
1626646913229,2021-07-18T22:22:56.661Z,76.523,0.044929396361112595,0.04653402045369148,0.17169448733329773
1626646913269,2021-07-18T22:22:56.672Z,76.563,-0.13799743354320526,0.2904364764690399,0.598523736000061
1626646913309,2021-07-18T22:22:56.674Z,76.603,-0.2599486708641052,0.47336331009864807,1.0863286256790161
1626646913348,2021-07-18T22:22:56.677Z,76.642,-0.381899893283844,-0.3802952468395233,0.47657254338264465
1626646913388,2021-07-18T22:22:56.688Z,76.682,-0.13799743354320526,0.04653402045369148,-0.8648909330368042
1626646913427,2021-07-18T22:22:56.690Z,76.721,-0.381899893283844,-0.25834402441978455,-0.8648909330368042
1626646913468,2021-07-18T22:22:56.692Z,76.762,-0.6258023381233215,-0.25834402441978455,-0.19415917992591858
1626646913508,2021-07-18T22:22:56.703Z,76.802,-0.2599486708641052,0.04653402045369148,0.2936457097530365
1626646913547,2021-07-18T22:22:56.705Z,76.841,0.044929396361112595,-0.014441591687500477,0.5375481247901917
1626646913587,2021-07-18T22:22:56.731Z,76.881,0.28883183002471924,0.22946085035800934,0.41559693217277527
1626646913626,2021-07-18T22:22:56.733Z,76.92,0.044929396361112595,0.10750962793827057,0.17169448733329773
1626646913667,2021-07-18T22:22:56.736Z,76.961,-0.01604621298611164,0.10750962793827057,0.04974326118826866
1626646913707,2021-07-18T22:22:56.747Z,77.001,-0.07702182233333588,-0.014441591687500477,0.23267009854316711
1626646913747,2021-07-18T22:22:56.749Z,77.041,0.044929396361112595,0.10750962793827057,0.2936457097530365
1626646913786,2021-07-18T22:22:56.751Z,77.08,-0.01604621298611164,0.3514120876789093,0.04974326118826866
1626646913826,2021-07-18T22:22:56.763Z,77.12,-0.2599486708641052,-0.13639281690120697,0.04974326118826866
1626646913865,2021-07-18T22:22:56.765Z,77.159,-0.2599486708641052,-0.07541720569133759,-0.25513479113578796
1626646913906,2021-07-18T22:22:56.767Z,77.2,-0.07702182233333588,0.16848523914813995,-0.1331835687160492
1626646913946,2021-07-18T22:22:56.778Z,77.24,0.044929396361112595,-0.07541720569133759,-0.07220795750617981
1626646913985,2021-07-18T22:22:56.780Z,77.279,-0.07702182233333588,0.04653402045369148,0.23267009854316711
1626646914025,2021-07-18T22:22:56.791Z,77.319,0.044929396361112595,-0.19736842811107635,0.23267009854316711
1626646914064,2021-07-18T22:22:56.793Z,77.358,0.10590501129627228,0.16848523914813995,-0.1331835687160492
1626646914105,2021-07-18T22:22:56.807Z,77.399,-0.07702182233333588,-0.19736842811107635,-0.1331835687160492
1626646914145,2021-07-18T22:22:56.822Z,77.439,-0.07702182233333588,-0.31931963562965393,-0.011232349090278149
1626646914184,2021-07-18T22:22:56.824Z,77.478,0.16688062250614166,-0.014441591687500477,-0.19415917992591858
1626646914224,2021-07-18T22:22:56.826Z,77.518,0.10590501129627228,-0.014441591687500477,-0.011232349090278149
1626646914264,2021-07-18T22:22:56.837Z,77.558,0.16688062250614166,-0.13639281690120697,0.04974326118826866
1626646914305,2021-07-18T22:22:56.867Z,77.599,0.10590501129627228,-0.13639281690120697,0.11071887612342834
1626646914344,2021-07-18T22:22:56.869Z,77.638,0.044929396361112595,-0.014441591687500477,-0.1331835687160492
1626646914384,2021-07-18T22:22:56.881Z,77.678,0.044929396361112595,-0.014441591687500477,-0.1331835687160492
1626646914423,2021-07-18T22:22:56.883Z,77.717,-0.01604621298611164,-0.19736842811107635,-0.1331835687160492
1626646914463,2021-07-18T22:22:56.885Z,77.757,0.044929396361112595,0.04653402045369148,-0.1331835687160492
1626646914502,2021-07-18T22:22:56.896Z,77.796,-0.07702182233333588,0.04653402045369148,-0.07220795750617981
1626646914543,2021-07-18T22:22:56.899Z,77.837,-0.01604621298611164,-0.07541720569133759,-0.011232349090278149
1626646914583,2021-07-18T22:22:56.901Z,77.877,-0.07702182233333588,0.10750962793827057,-0.011232349090278149
1626646914622,2021-07-18T22:22:56.912Z,77.916,-0.13799743354320526,-0.014441591687500477,0.04974326118826866
1626646914662,2021-07-18T22:22:56.914Z,77.956,0.044929396361112595,-0.014441591687500477,-0.07220795750617981
1626646914702,2021-07-18T22:22:56.917Z,77.996,0.044929396361112595,0.04653402045369148,-0.07220795750617981
1626646914743,2021-07-18T22:22:56.928Z,78.037,0.22785623371601105,-0.13639281690120697,-0.07220795750617981
1626646914782,2021-07-18T22:22:56.930Z,78.076,0.10590501129627228,0.04653402045369148,-0.19415917992591858
1626646914822,2021-07-18T22:22:56.941Z,78.116,-0.01604621298611164,-0.07541720569133759,-0.1331835687160492
1626646914861,2021-07-18T22:22:56.943Z,78.155,-0.07702182233333588,-0.07541720569133759,0.04974326118826866
1626646914901,2021-07-18T22:22:56.945Z,78.195,0.10590501129627228,0.10750962793827057,0.04974326118826866
1626646914940,2021-07-18T22:22:56.957Z,78.234,0.044929396361112595,-0.014441591687500477,-0.011232349090278149
1626646914981,2021-07-18T22:22:56.960Z,78.275,-0.01604621298611164,-0.13639281690120697,0.04974326118826866
1626646915021,2021-07-18T22:22:56.962Z,78.315,0.10590501129627228,0.04653402045369148,-0.07220795750617981
1626646915060,2021-07-18T22:22:56.988Z,78.354,-0.07702182233333588,0.04653402045369148,-0.011232349090278149
1626646915100,2021-07-18T22:22:56.990Z,78.394,-0.01604621298611164,-0.014441591687500477,-0.011232349090278149
1626646915140,2021-07-18T22:22:57.002Z,78.434,-0.01604621298611164,-0.014441591687500477,-0.07220795750617981
1626646915181,2021-07-18T22:22:57.004Z,78.475,-0.07702182233333588,-0.07541720569133759,-0.011232349090278149
1626646915220,2021-07-18T22:22:57.006Z,78.514,0.044929396361112595,-0.07541720569133759,0.11071887612342834
1626646915260,2021-07-18T22:22:57.017Z,78.554,-0.01604621298611164,0.10750962793827057,0.04974326118826866
1626646915299,2021-07-18T22:22:57.020Z,78.593,-0.01604621298611164,-0.07541720569133759,-0.07220795750617981
1626646915339,2021-07-18T22:22:57.022Z,78.633,0.044929396361112595,-0.07541720569133759,0.04974326118826866
1626646915380,2021-07-18T22:22:57.033Z,78.674,0.10590501129627228,0.04653402045369148,-0.011232349090278149
1626646915419,2021-07-18T22:22:57.035Z,78.713,-0.01604621298611164,-0.13639281690120697,-0.07220795750617981
1626646915459,2021-07-18T22:22:57.046Z,78.753,-0.07702182233333588,0.22946085035800934,-0.1331835687160492
1626646915498,2021-07-18T22:22:57.048Z,78.792,-0.07702182233333588,-0.07541720569133759,-0.011232349090278149
1626646915538,2021-07-18T22:22:57.050Z,78.832,0.10590501129627228,-0.014441591687500477,0.04974326118826866
1626646915578,2021-07-18T22:22:57.061Z,78.872,0.16688062250614166,0.22946085035800934,-0.07220795750617981
1626646915619,2021-07-18T22:22:57.064Z,78.913,-0.01604621298611164,-0.13639281690120697,0.04974326118826866
1626646915658,2021-07-18T22:22:57.066Z,78.952,0.10590501129627228,-0.014441591687500477,0.04974326118826866
1626646915698,2021-07-18T22:22:57.077Z,78.992,0.044929396361112595,-0.014441591687500477,-0.07220795750617981
1626646915737,2021-07-18T22:22:57.079Z,79.031,-0.01604621298611164,-0.07541720569133759,-0.07220795750617981
1626646915777,2021-07-18T22:22:57.082Z,79.071,-0.01604621298611164,-0.07541720569133759,-0.07220795750617981
1626646915818,2021-07-18T22:22:57.093Z,79.112,-0.01604621298611164,0.04653402045369148,-0.07220795750617981
1626646915857,2021-07-18T22:22:57.095Z,79.151,0.044929396361112595,0.04653402045369148,-0.011232349090278149
1626646915897,2021-07-18T22:22:57.097Z,79.191,0.10590501129627228,-0.07541720569133759,0.04974326118826866
1626646915936,2021-07-18T22:22:57.108Z,79.23,0.044929396361112595,-0.014441591687500477,-0.07220795750617981
1626646915976,2021-07-18T22:22:57.110Z,79.27,0.044929396361112595,0.10750962793827057,-0.011232349090278149
1626646916017,2021-07-18T22:22:57.136Z,79.311,-0.13799743354320526,-0.014441591687500477,0.04974326118826866
1626646916057,2021-07-18T22:22:57.138Z,79.351,-0.01604621298611164,0.04653402045369148,0.04974326118826866
1626646916096,2021-07-18T22:22:57.153Z,79.39,0.10590501129627228,-0.014441591687500477,0.04974326118826866
1626646916136,2021-07-18T22:22:57.155Z,79.43,-0.01604621298611164,0.10750962793827057,-0.1331835687160492
1626646916175,2021-07-18T22:22:57.166Z,79.469,-0.07702182233333588,0.04653402045369148,-0.1331835687160492
1626646916215,2021-07-18T22:22:57.168Z,79.509,-0.07702182233333588,-0.19736842811107635,-0.011232349090278149
1626646916256,2021-07-18T22:22:57.171Z,79.55,0.16688062250614166,0.10750962793827057,-0.011232349090278149
1626646916295,2021-07-18T22:22:57.183Z,79.589,0.044929396361112595,-0.07541720569133759,-0.011232349090278149
1626646916335,2021-07-18T22:22:57.185Z,79.629,0.044929396361112595,0.04653402045369148,0.04974326118826866
1626646916374,2021-07-18T22:22:57.196Z,79.668,0.044929396361112595,-0.13639281690120697,-0.011232349090278149
1626646916414,2021-07-18T22:22:57.199Z,79.708,0.044929396361112595,0.04653402045369148,-0.1331835687160492
1626646916455,2021-07-18T22:22:57.201Z,79.749,0.044929396361112595,-0.07541720569133759,-0.07220795750617981
1626646916495,2021-07-18T22:22:57.212Z,79.789,0.10590501129627228,-0.07541720569133759,-0.07220795750617981
1626646916534,2021-07-18T22:22:57.215Z,79.828,0.044929396361112595,0.10750962793827057,-0.011232349090278149
1626646916574,2021-07-18T22:22:57.217Z,79.868,-0.07702182233333588,-0.014441591687500477,-0.07220795750617981
1626646916613,2021-07-18T22:22:57.228Z,79.907,-0.01604621298611164,0.04653402045369148,-0.011232349090278149
1626646916653,2021-07-18T22:22:57.230Z,79.947,-0.01604621298611164,-0.07541720569133759,0.11071887612342834
1626646916694,2021-07-18T22:22:57.241Z,79.988,-0.01604621298611164,0.04653402045369148,0.04974326118826866
1626646916733,2021-07-18T22:22:57.243Z,80.027,0.044929396361112595,0.10750962793827057,0.04974326118826866
1626646916773,2021-07-18T22:22:57.245Z,80.067,-0.07702182233333588,-0.07541720569133759,-0.011232349090278149
1626646916812,2021-07-18T22:22:57.256Z,80.106,0.044929396361112595,0.04653402045369148,-0.011232349090278149
1626646916852,2021-07-18T22:22:57.259Z,80.146,-0.13799743354320526,-0.19736842811107635,-0.07220795750617981
1626646916893,2021-07-18T22:22:57.261Z,80.187,0.044929396361112595,0.22946085035800934,-0.1331835687160492
1626646916933,2021-07-18T22:22:57.287Z,80.227,-0.07702182233333588,-0.07541720569133759,0.04974326118826866
1626646916972,2021-07-18T22:22:57.289Z,80.266,0.10590501129627228,-0.07541720569133759,0.17169448733329773
1626646917012,2021-07-18T22:22:57.292Z,80.306,0.10590501129627228,0.10750962793827057,0.04974326118826866
1626646917051,2021-07-18T22:22:57.303Z,80.345,0.044929396361112595,-0.014441591687500477,-0.011232349090278149
1626646917092,2021-07-18T22:22:57.305Z,80.386,0.044929396361112595,-0.13639281690120697,-0.07220795750617981
1626646917132,2021-07-18T22:22:57.307Z,80.426,0.044929396361112595,0.04653402045369148,-0.07220795750617981
1626646917171,2021-07-18T22:22:57.318Z,80.465,-0.01604621298611164,-0.07541720569133759,-0.1331835687160492
1626646917211,2021-07-18T22:22:57.320Z,80.505,-0.13799743354320526,-0.07541720569133759,-0.07220795750617981
1626646917250,2021-07-18T22:22:57.331Z,80.544,0.10590501129627228,-0.07541720569133759,0.04974326118826866
1626646917290,2021-07-18T22:22:57.333Z,80.584,0.10590501129627228,-0.014441591687500477,-0.011232349090278149
1626646917331,2021-07-18T22:22:57.336Z,80.625,0.044929396361112595,-0.07541720569133759,0.04974326118826866
1626646917371,2021-07-18T22:22:57.347Z,80.665,0.10590501129627228,-0.07541720569133759,-0.011232349090278149
1626646917410,2021-07-18T22:22:57.392Z,80.704,-0.07702182233333588,0.16848523914813995,-0.07220795750617981
1626646917450,2021-07-18T22:22:57.394Z,80.744,-0.01604621298611164,-0.014441591687500477,0.04974326118826866
1626646917489,2021-07-18T22:22:57.396Z,80.783,0.10590501129627228,-0.014441591687500477,0.04974326118826866
1626646917530,2021-07-18T22:22:57.407Z,80.824,-0.01604621298611164,0.04653402045369148,0.04974326118826866
1626646917570,2021-07-18T22:22:57.410Z,80.864,-0.19897304475307465,-0.07541720569133759,0.04974326118826866
1626646917609,2021-07-18T22:22:57.412Z,80.903,-0.13799743354320526,0.16848523914813995,-0.011232349090278149
1626646917649,2021-07-18T22:22:57.423Z,80.943,-0.2599486708641052,0.16848523914813995,0.04974326118826866
1626646917688,2021-07-18T22:22:57.425Z,80.982,-0.01604621298611164,0.04653402045369148,-0.19415917992591858
1626646917729,2021-07-18T22:22:57.436Z,81.023,-0.07702182233333588,0.04653402045369148,-0.07220795750617981
1626646917769,2021-07-18T22:22:57.438Z,81.063,-0.19897304475307465,0.04653402045369148,-0.07220795750617981
1626646917809,2021-07-18T22:22:57.440Z,81.103,-0.07702182233333588,0.10750962793827057,-0.19415917992591858
1626646917848,2021-07-18T22:22:57.451Z,81.142,-0.13799743354320526,0.10750962793827057,-0.31611040234565735
1626646917888,2021-07-18T22:22:57.454Z,81.182,-0.13799743354320526,0.16848523914813995,-0.31611040234565735
1626646917927,2021-07-18T22:22:57.456Z,81.221,-0.07702182233333588,-0.31931963562965393,-0.25513479113578796
1626646917968,2021-07-18T22:22:57.467Z,81.262,0.28883183002471924,-0.5022464990615845,-0.07220795750617981
1626646918008,2021-07-18T22:22:57.470Z,81.302,0.3498074412345886,-0.6241977214813232,-0.011232349090278149
1626646918047,2021-07-18T22:22:57.472Z,81.341,-0.07702182233333588,-0.3802952468395233,-0.80391526222229
1626646918087,2021-07-18T22:22:57.483Z,81.381,-0.5038511157035828,0.22946085035800934,-1.2307446002960205
1626646918126,2021-07-18T22:22:57.485Z,81.42,-0.6867779493331909,0.04653402045369148,0.11071887612342834
1626646918167,2021-07-18T22:22:57.496Z,81.461,0.10590501129627228,0.4123876988887787,1.4521822929382324
1626646918207,2021-07-18T22:22:57.498Z,81.501,0.16688062250614166,1.1440950632095337,1.6351090669631958
1626646918247,2021-07-18T22:22:57.500Z,81.541,-0.19897304475307465,0.5343388915061951,1.1473042964935303
1626646918286,2021-07-18T22:22:57.511Z,81.58,-0.5038511157035828,0.7782413363456726,0.3546213209629059
1626646918326,2021-07-18T22:22:57.514Z,81.62,-0.7477535605430603,0.4123876988887787,-0.011232349090278149
1626646918365,2021-07-18T22:22:57.516Z,81.659,-0.3209242820739746,0.16848523914813995,-0.011232349090278149
1626646918406,2021-07-18T22:22:57.542Z,81.7,0.16688062250614166,-0.19736842811107635,0.23267009854316711
1626646918446,2021-07-18T22:22:57.544Z,81.74,0.3498074412345886,0.10750962793827057,0.11071887612342834
1626646918485,2021-07-18T22:22:57.547Z,81.779,0.3498074412345886,-0.25834402441978455,0.17169448733329773
1626646918525,2021-07-18T22:22:57.558Z,81.819,0.28883183002471924,-0.25834402441978455,-0.07220795750617981
1626646918564,2021-07-18T22:22:57.560Z,81.858,0.410783052444458,-0.19736842811107635,-0.1331835687160492
1626646918605,2021-07-18T22:22:57.562Z,81.899,0.3498074412345886,-0.13639281690120697,-0.19415917992591858
1626646918645,2021-07-18T22:22:57.573Z,81.939,0.044929396361112595,-0.07541720569133759,-0.31611040234565735
1626646918684,2021-07-18T22:22:57.575Z,81.978,-0.13799743354320526,-0.25834402441978455,-0.19415917992591858
1626646918724,2021-07-18T22:22:57.586Z,82.018,-0.07702182233333588,-0.07541720569133759,-0.31611040234565735
1626646918764,2021-07-18T22:22:57.588Z,82.058,0.22785623371601105,-0.13639281690120697,-0.1331835687160492
1626646918803,2021-07-18T22:22:57.591Z,82.097,0.5937098860740662,-0.8681001663208008,0.3546213209629059
1626646918844,2021-07-18T22:22:57.602Z,82.138,0.3498074412345886,-0.746148943901062,0.3546213209629059
1626646918884,2021-07-18T22:22:57.604Z,82.178,-0.13799743354320526,-0.31931963562965393,-0.1331835687160492
1626646918923,2021-07-18T22:22:57.606Z,82.217,-0.4428755044937134,-0.19736842811107635,-0.4990372359752655
1626646918963,2021-07-18T22:22:57.618Z,82.257,-0.19897304475307465,-0.19736842811107635,-0.37708601355552673
1626646919002,2021-07-18T22:22:57.620Z,82.296,0.4717586636543274,0.16848523914813995,0.2936457097530365
1626646919043,2021-07-18T22:22:57.622Z,82.337,0.8985879421234131,0.3514120876789093,1.2082798480987549
1626646919083,2021-07-18T22:22:57.633Z,82.377,0.8376123309135437,0.04653402045369148,1.5741335153579712
1626646919122,2021-07-18T22:22:57.635Z,82.416,0.7766367197036743,-0.19736842811107635,1.3912066221237183
1626646919162,2021-07-18T22:22:57.646Z,82.456,-0.01604621298611164,0.22946085035800934,0.23267009854316711
1626646919202,2021-07-18T22:22:57.648Z,82.496,-0.9306803941726685,0.6562901139259338,-0.6209884881973267
1626646919243,2021-07-18T22:22:57.650Z,82.537,-1.4184852838516235,0.22946085035800934,-1.1697689294815063
1626646919282,2021-07-18T22:22:57.662Z,82.576,-0.8697047829627991,-0.014441591687500477,-1.2307446002960205
1626646919322,2021-07-18T22:22:57.664Z,82.616,0.044929396361112595,-0.014441591687500477,-0.9258664846420288
1626646919361,2021-07-18T22:22:57.666Z,82.655,0.7156611084938049,-0.4412708580493927,-0.31611040234565735
1626646919401,2021-07-18T22:22:57.677Z,82.695,0.4717586636543274,-0.07541720569133759,-0.19415917992591858
1626646919440,2021-07-18T22:22:57.680Z,82.734,-0.5038511157035828,-0.014441591687500477,-0.011232349090278149
1626646919481,2021-07-18T22:22:57.682Z,82.775,-0.9916560053825378,0.22946085035800934,-0.25513479113578796
1626646919521,2021-07-18T22:22:57.693Z,82.815,-0.7477535605430603,0.7172656655311584,-0.25513479113578796
1626646919560,2021-07-18T22:22:57.708Z,82.854,-0.07702182233333588,0.10750962793827057,0.2936457097530365
1626646919600,2021-07-18T22:22:57.710Z,82.894,0.9595634937286377,0.22946085035800934,0.5375481247901917
1626646919640,2021-07-18T22:22:57.712Z,82.934,0.3498074412345886,-0.014441591687500477,0.5375481247901917
1626646919681,2021-07-18T22:22:57.723Z,82.975,-1.0526316165924072,-0.6241977214813232,0.2936457097530365
1626646919720,2021-07-18T22:22:57.725Z,83.014,-1.7233632802963257,-0.31931963562965393,-0.1331835687160492
1626646919760,2021-07-18T22:22:57.737Z,83.054,-0.9916560053825378,-0.3802952468395233,-0.4380616247653961
1626646919799,2021-07-18T22:22:57.739Z,83.093,0.16688062250614166,0.2904364764690399,-0.7429397106170654
1626646919839,2021-07-18T22:22:57.741Z,83.133,1.3863928318023682,-0.3802952468395233,-0.07220795750617981
1626646919880,2021-07-18T22:22:57.753Z,83.174,1.8741977214813232,-0.31931963562965393,0.41559693217277527
1626646919919,2021-07-18T22:22:57.755Z,83.213,1.8741977214813232,-0.014441591687500477,0.3546213209629059
1626646919959,2021-07-18T22:22:57.757Z,83.253,0.6546854972839355,-0.19736842811107635,-0.1331835687160492
1626646919998,2021-07-18T22:22:57.768Z,83.292,-0.6258023381233215,0.04653402045369148,-0.4380616247653961
1626646920038,2021-07-18T22:22:57.770Z,83.332,-1.174582839012146,-0.07541720569133759,-0.4380616247653961
1626646920078,2021-07-18T22:22:57.781Z,83.372,-0.8697047829627991,0.2904364764690399,-0.6209884881973267
1626646920119,2021-07-18T22:22:57.783Z,83.413,-0.4428755044937134,0.3514120876789093,-0.6209884881973267
1626646920158,2021-07-18T22:22:57.785Z,83.452,-0.13799743354320526,-0.25834402441978455,-0.19415917992591858
1626646920198,2021-07-18T22:22:57.797Z,83.492,0.22785623371601105,-0.19736842811107635,0.47657254338264465
1626646920237,2021-07-18T22:22:57.799Z,83.531,1.2644416093826294,-1.172978162765503,0.47657254338264465
1626646920277,2021-07-18T22:22:57.801Z,83.571,4.801027297973633,-1.5388318300247192,0.7814505696296692
1626646920318,2021-07-18T22:22:57.812Z,83.612,1.6912708282470703,0.5343388915061951,-1.2307446002960205
1626646920357,2021-07-18T22:22:57.815Z,83.651,-0.7477535605430603,-2.7583439350128174,0.04974326118826866
1626646920397,2021-07-18T22:22:57.817Z,83.691,-2.089216947555542,0.3514120876789093,-0.6209884881973267
1626646920436,2021-07-18T22:22:57.843Z,83.73,-2.455070734024048,3.156290292739868,-0.7429397106170654
1626646920476,2021-07-18T22:22:57.845Z,83.77,-3.3087291717529297,0.10750962793827057,0.2936457097530365
1626646920516,2021-07-18T22:22:57.856Z,83.81,-1.9672657251358032,0.2904364764690399,0.7814505696296692
1626646920557,2021-07-18T22:22:57.887Z,83.851,-1.662387728691101,1.022143840789795,0.3546213209629059
1626646920596,2021-07-18T22:22:57.889Z,83.89,-0.07702182233333588,0.47336331009864807,0.9643774032592773
1626646920636,2021-07-18T22:22:57.892Z,83.93,1.325417160987854,-0.8071245551109314,1.4521822929382324
1626646920675,2021-07-18T22:22:57.903Z,83.969,2.3620026111602783,-0.8681001663208008,1.0863286256790161
1626646920716,2021-07-18T22:22:57.916Z,84.01,1.9961488246917725,-0.5632221102714539,-0.011232349090278149
1626646920756,2021-07-18T22:22:57.931Z,84.05,0.7156611084938049,-0.6851733326911926,-0.986842155456543
1626646920795,2021-07-18T22:22:57.933Z,84.089,-0.5038511157035828,-0.19736842811107635,-1.7795251607894897
1626646920835,2021-07-18T22:22:57.935Z,84.129,-1.174582839012146,0.5953144431114197,-1.718549370765686
1626646920874,2021-07-18T22:22:57.946Z,84.168,-1.601412057876587,0.961168110370636,-0.986842155456543
1626646920914,2021-07-18T22:22:57.949Z,84.208,-1.8453145027160645,0.8392168879508972,-0.25513479113578796
1626646920955,2021-07-18T22:22:57.951Z,84.249,-1.601412057876587,1.327021837234497,0.23267009854316711
1626646920995,2021-07-18T22:22:57.962Z,84.289,-1.2965340614318848,0.5343388915061951,0.7814505696296692
1626646921034,2021-07-18T22:22:57.965Z,84.328,-1.601412057876587,0.9001925587654114,0.9643774032592773
1626646921074,2021-07-18T22:22:57.967Z,84.368,-1.662387728691101,0.47336331009864807,1.1473042964935303
1626646921113,2021-07-18T22:22:57.978Z,84.407,-0.4428755044937134,-0.5632221102714539,0.903401792049408
1626646921153,2021-07-18T22:22:57.980Z,84.447,1.4473683834075928,-0.4412708580493927,0.2936457097530365
1626646921194,2021-07-18T22:22:57.991Z,84.488,1.8741977214813232,-0.3802952468395233,-0.07220795750617981
1626646921233,2021-07-18T22:22:57.993Z,84.527,1.2644416093826294,-0.746148943901062,-0.07220795750617981
1626646921273,2021-07-18T22:22:57.995Z,84.567,0.16688062250614166,0.22946085035800934,-0.1331835687160492
1626646921312,2021-07-18T22:22:58.006Z,84.606,-0.8697047829627991,0.3514120876789093,-0.07220795750617981
1626646921352,2021-07-18T22:22:58.009Z,84.646,-0.9916560053825378,0.4123876988887787,-0.07220795750617981
1626646921393,2021-07-18T22:22:58.012Z,84.687,-0.381899893283844,-0.13639281690120697,0.17169448733329773
1626646921433,2021-07-18T22:22:58.023Z,84.727,0.410783052444458,-0.13639281690120697,-0.011232349090278149
1626646921472,2021-07-18T22:22:58.025Z,84.766,0.6546854972839355,0.10750962793827057,-0.1331835687160492
1626646921512,2021-07-18T22:22:58.036Z,84.806,0.10590501129627228,-0.07541720569133759,0.04974326118826866
1626646921551,2021-07-18T22:22:58.038Z,84.845,-0.3209242820739746,0.10750962793827057,0.17169448733329773
1626646921592,2021-07-18T22:22:58.040Z,84.886,-0.13799743354320526,0.5343388915061951,-0.25513479113578796
1626646921632,2021-07-18T22:22:58.051Z,84.926,-0.2599486708641052,0.04653402045369148,-0.7429397106170654
1626646921671,2021-07-18T22:22:58.054Z,84.965,-0.7477535605430603,-0.25834402441978455,-1.2917201519012451
1626646921711,2021-07-18T22:22:58.056Z,85.005,-1.174582839012146,-0.25834402441978455,-1.0478177070617676
1626646921750,2021-07-18T22:22:58.068Z,85.044,-1.2965340614318848,0.2904364764690399,0.2936457097530365
1626646921781,2021-07-18T22:22:58.069Z,85.075,-0.19897304475307465,0.22946085035800934,1.269255518913269
1626646921821,2021-07-18T22:22:58.072Z,85.115,1.6912708282470703,-0.8681001663208008,1.3302310705184937
1626646921860,2021-07-18T22:22:58.098Z,85.154,3.1546854972839355,-0.8071245551109314,0.8424261808395386
1626646921900,2021-07-18T22:22:58.100Z,85.194,2.788831949234009,-1.9656610488891602,0.2936457097530365
1626646921941,2021-07-18T22:22:58.102Z,85.235,1.6302952766418457,0.10750962793827057,-0.19415917992591858
1626646921980,2021-07-18T22:22:58.113Z,85.274,-0.01604621298611164,-0.746148943901062,0.41559693217277527
1626646922020,2021-07-18T22:22:58.115Z,85.314,-0.3209242820739746,0.22946085035800934,-0.37708601355552673
1626646922059,2021-07-18T22:22:58.126Z,85.353,-0.6258023381233215,0.9001925587654114,-1.1697689294815063
1626646922099,2021-07-18T22:22:58.128Z,85.393,-1.7233632802963257,0.16848523914813995,-0.8648909330368042
1626646922139,2021-07-18T22:22:58.131Z,85.433,-2.0282413959503174,0.5343388915061951,-0.5600128769874573
1626646922180,2021-07-18T22:22:58.142Z,85.474,-1.7233632802963257,1.0831193923950195,0.11071887612342834
1626646922219,2021-07-18T22:22:58.144Z,85.513,-0.6867779493331909,0.04653402045369148,0.6594993472099304
1626646922259,2021-07-18T22:22:58.146Z,85.553,0.7766367197036743,-0.13639281690120697,0.2936457097530365
1626646922298,2021-07-18T22:22:58.158Z,85.592,0.9595634937286377,0.2904364764690399,-0.19415917992591858
1626646922338,2021-07-18T22:22:58.160Z,85.632,-0.4428755044937134,-0.07541720569133759,-0.011232349090278149
1626646922377,2021-07-18T22:22:58.162Z,85.671,-1.7233632802963257,0.2904364764690399,-0.07220795750617981
1626646922418,2021-07-18T22:22:58.173Z,85.712,-1.4794608354568481,0.4123876988887787,0.11071887612342834
1626646922458,2021-07-18T22:22:58.175Z,85.752,-0.01604621298611164,0.22946085035800934,0.17169448733329773
1626646922497,2021-07-18T22:22:58.186Z,85.791,1.3863928318023682,-0.19736842811107635,0.17169448733329773
1626646922537,2021-07-18T22:22:58.188Z,85.831,1.8741977214813232,-0.6241977214813232,0.04974326118826866
1626646922578,2021-07-18T22:22:58.190Z,85.872,1.6302952766418457,-0.5632221102714539,-0.011232349090278149
1626646922618,2021-07-18T22:22:58.202Z,85.912,-2.455070734024048,-7.209563732147217,-5.925866603851318
1626646922657,2021-07-18T22:22:58.204Z,85.951,-40.56482696533203,-9.03883171081543,-10.742939949035645
1626646922697,2021-07-18T22:22:58.206Z,85.991,-2.942875623703003,-5.746149063110352,0.41559693217277527
1626646922736,2021-07-18T22:22:58.217Z,86.03,-2.8209242820739746,1.2660462856292725,-0.4380616247653961
1626646922776,2021-07-18T22:22:58.220Z,86.07,-5.137997150421143,1.2660462856292725,-0.986842155456543
1626646922817,2021-07-18T22:22:58.222Z,86.111,-2.942875623703003,0.10750962793827057,0.5375481247901917
1626646922856,2021-07-18T22:22:58.233Z,86.15,1.1424903869628906,1.0831193923950195,-0.4380616247653961
1626646922896,2021-07-18T22:22:58.235Z,86.19,3.398587942123413,-0.3802952468395233,1.1473042964935303
1626646922935,2021-07-18T22:22:58.246Z,86.229,1.813222050666809,-3.1241977214813232,-0.19415917992591858
1626646922976,2021-07-18T22:22:58.248Z,86.27,2.24005126953125,2.7904365062713623,-0.986842155456543
1626646923015,2021-07-18T22:22:58.262Z,86.309,-1.601412057876587,-0.746148943901062,-0.07220795750617981
1626646923056,2021-07-18T22:22:58.265Z,86.35,-2.394094944000244,-0.6851733326911926,-0.011232349090278149
1626646923095,2021-07-18T22:22:58.267Z,86.389,-0.8087291717529297,1.2050706148147583,-0.1331835687160492
1626646923135,2021-07-18T22:22:58.278Z,86.429,0.10590501129627228,0.7172656655311584,0.2936457097530365
1626646923174,2021-07-18T22:22:58.280Z,86.468,0.044929396361112595,-0.8071245551109314,0.47657254338264465
1626646923214,2021-07-18T22:22:58.292Z,86.508,0.410783052444458,-0.31931963562965393,0.11071887612342834
1626646923255,2021-07-18T22:22:58.294Z,86.549,0.3498074412345886,0.5343388915061951,-0.25513479113578796
1626646923294,2021-07-18T22:22:58.296Z,86.588,-0.13799743354320526,-0.19736842811107635,0.04974326118826866
1626646923334,2021-07-18T22:22:58.307Z,86.628,-0.2599486708641052,-0.07541720569133759,0.17169448733329773
1626646923373,2021-07-18T22:22:58.310Z,86.667,-0.2599486708641052,0.3514120876789093,0.11071887612342834
1626646923413,2021-07-18T22:22:58.312Z,86.707,-0.13799743354320526,0.22946085035800934,0.11071887612342834
1626646923453,2021-07-18T22:22:58.323Z,86.747,-0.01604621298611164,-0.19736842811107635,0.11071887612342834
1626646923494,2021-07-18T22:22:58.325Z,86.788,0.16688062250614166,-0.13639281690120697,-0.011232349090278149
1626646923533,2021-07-18T22:22:58.336Z,86.827,0.3498074412345886,0.10750962793827057,-0.19415917992591858
1626646923573,2021-07-18T22:22:58.338Z,86.867,0.16688062250614166,-0.19736842811107635,-0.011232349090278149
1626646923612,2021-07-18T22:22:58.340Z,86.906,0.22785623371601105,-0.13639281690120697,-0.07220795750617981
1626646923652,2021-07-18T22:22:58.351Z,86.946,0.10590501129627228,-0.19736842811107635,-0.19415917992591858
1626646923693,2021-07-18T22:22:58.382Z,86.987,0.044929396361112595,-0.13639281690120697,-0.1331835687160492
1626646923732,2021-07-18T22:22:58.384Z,87.026,-0.01604621298611164,-0.25834402441978455,0.04974326118826866
1626646923772,2021-07-18T22:22:58.387Z,87.066,-0.07702182233333588,0.10750962793827057,0.11071887612342834
1626646923811,2021-07-18T22:22:58.398Z,87.105,-0.19897304475307465,0.04653402045369148,0.11071887612342834
1626646923851,2021-07-18T22:22:58.400Z,87.145,-0.07702182233333588,-0.07541720569133759,0.04974326118826866
1626646923892,2021-07-18T22:22:58.402Z,87.186,0.10590501129627228,-0.13639281690120697,-0.1331835687160492
1626646923932,2021-07-18T22:22:58.413Z,87.226,0.10590501129627228,0.16848523914813995,-0.4380616247653961
1626646923971,2021-07-18T22:22:58.415Z,87.265,-0.19897304475307465,-0.19736842811107635,-0.31611040234565735
1626646924011,2021-07-18T22:22:58.426Z,87.305,0.10590501129627228,-0.19736842811107635,-0.07220795750617981
1626646924050,2021-07-18T22:22:58.428Z,87.344,-0.07702182233333588,-0.8071245551109314,0.23267009854316711
1626646924091,2021-07-18T22:22:58.431Z,87.385,0.4717586636543274,0.22946085035800934,0.41559693217277527
1626646924131,2021-07-18T22:22:58.442Z,87.425,-0.01604621298611164,0.22946085035800934,0.3546213209629059
1626646924170,2021-07-18T22:22:58.444Z,87.464,-0.381899893283844,0.04653402045369148,0.17169448733329773
1626646924210,2021-07-18T22:22:58.446Z,87.504,-0.381899893283844,0.10750962793827057,0.04974326118826866
1626646924249,2021-07-18T22:22:58.458Z,87.543,-0.07702182233333588,-0.07541720569133759,0.17169448733329773
1626646924289,2021-07-18T22:22:58.471Z,87.583,-0.13799743354320526,-0.13639281690120697,-0.07220795750617981
1626646924330,2021-07-18T22:22:58.473Z,87.624,-0.6258023381233215,0.5953144431114197,-0.6209884881973267
1626646924370,2021-07-18T22:22:58.488Z,87.664,-0.8087291717529297,-0.13639281690120697,-0.37708601355552673
1626646924409,2021-07-18T22:22:58.490Z,87.703,-0.2599486708641052,-0.13639281690120697,0.04974326118826866
1626646924449,2021-07-18T22:22:58.501Z,87.743,0.4717586636543274,0.47336331009864807,0.23267009854316711
1626646924488,2021-07-18T22:22:58.503Z,87.782,0.22785623371601105,0.3514120876789093,0.41559693217277527
1626646924529,2021-07-18T22:22:58.506Z,87.823,-0.13799743354320526,-0.014441591687500477,0.41559693217277527
1626646924569,2021-07-18T22:22:58.517Z,87.863,-0.381899893283844,0.4123876988887787,0.11071887612342834
1626646924608,2021-07-18T22:22:58.519Z,87.902,-0.4428755044937134,0.47336331009864807,-0.011232349090278149
1626646924648,2021-07-18T22:22:58.521Z,87.942,-0.2599486708641052,-0.014441591687500477,0.11071887612342834
1626646924687,2021-07-18T22:22:58.533Z,87.981,0.044929396361112595,-0.07541720569133759,0.11071887612342834
1626646924727,2021-07-18T22:22:58.535Z,88.021,0.22785623371601105,0.10750962793827057,0.04974326118826866
1626646924768,2021-07-18T22:22:58.537Z,88.062,0.16688062250614166,-0.014441591687500477,0.04974326118826866
1626646924808,2021-07-18T22:22:58.548Z,88.102,0.22785623371601105,-0.014441591687500477,-0.1331835687160492
1626646924847,2021-07-18T22:22:58.550Z,88.141,-0.13799743354320526,-0.07541720569133759,-0.25513479113578796
1626646924887,2021-07-18T22:22:58.561Z,88.181,-0.13799743354320526,-0.014441591687500477,-0.19415917992591858
1626646924926,2021-07-18T22:22:58.563Z,88.22,0.044929396361112595,0.04653402045369148,-0.07220795750617981
1626646924967,2021-07-18T22:22:58.565Z,88.261,-0.01604621298611164,-0.014441591687500477,-0.07220795750617981
1626646925007,2021-07-18T22:22:58.577Z,88.301,0.22785623371601105,-0.07541720569133759,-0.011232349090278149
1626646925046,2021-07-18T22:22:58.579Z,88.34,0.044929396361112595,0.04653402045369148,-0.011232349090278149
1626646925086,2021-07-18T22:22:58.581Z,88.38,-0.07702182233333588,-0.13639281690120697,0.04974326118826866
1626646925127,2021-07-18T22:22:58.592Z,88.421,-0.01604621298611164,0.04653402045369148,-0.011232349090278149
1626646925166,2021-07-18T22:22:58.595Z,88.46,-0.01604621298611164,-0.07541720569133759,-0.07220795750617981
1626646925206,2021-07-18T22:22:58.597Z,88.5,-0.01604621298611164,-0.07541720569133759,-0.25513479113578796
1626646925246,2021-07-18T22:22:58.608Z,88.54,0.10590501129627228,-0.25834402441978455,-0.19415917992591858
1626646925285,2021-07-18T22:22:58.610Z,88.579,0.3498074412345886,-0.014441591687500477,-0.1331835687160492
1626646925325,2021-07-18T22:22:58.622Z,88.619,0.22785623371601105,-0.014441591687500477,-0.07220795750617981
1626646925364,2021-07-18T22:22:58.624Z,88.658,0.044929396361112595,0.04653402045369148,0.11071887612342834
1626646925405,2021-07-18T22:22:58.626Z,88.699,-0.19897304475307465,0.04653402045369148,0.11071887612342834
1626646925445,2021-07-18T22:22:58.652Z,88.739,-0.13799743354320526,0.16848523914813995,0.11071887612342834
1626646925484,2021-07-18T22:22:58.655Z,88.778,-0.13799743354320526,0.04653402045369148,0.04974326118826866
1626646925524,2021-07-18T22:22:58.657Z,88.818,-0.07702182233333588,0.04653402045369148,-0.011232349090278149
1626646925563,2021-07-18T22:22:58.668Z,88.857,-0.07702182233333588,0.04653402045369148,-0.011232349090278149
1626646925604,2021-07-18T22:22:58.670Z,88.898,0.16688062250614166,-0.014441591687500477,-0.011232349090278149
1626646925644,2021-07-18T22:22:58.681Z,88.938,0.10590501129627228,-0.07541720569133759,-0.011232349090278149
1626646925684,2021-07-18T22:22:58.683Z,88.978,-0.07702182233333588,-0.13639281690120697,0.11071887612342834
1626646925723,2021-07-18T22:22:58.685Z,89.017,-0.07702182233333588,0.16848523914813995,-0.011232349090278149
1626646925763,2021-07-18T22:22:58.696Z,89.057,-0.13799743354320526,0.04653402045369148,-0.011232349090278149
1626646925804,2021-07-18T22:22:58.699Z,89.098,-0.07702182233333588,-0.13639281690120697,0.04974326118826866
1626646925843,2021-07-18T22:22:58.701Z,89.137,0.10590501129627228,0.10750962793827057,-0.19415917992591858
1626646925883,2021-07-18T22:22:58.712Z,89.177,0.10590501129627228,-0.014441591687500477,-0.07220795750617981
1626646925922,2021-07-18T22:22:58.714Z,89.216,0.10590501129627228,-0.13639281690120697,-0.07220795750617981
1626646925962,2021-07-18T22:22:58.717Z,89.256,-0.01604621298611164,0.04653402045369148,-0.07220795750617981
1626646926001,2021-07-18T22:22:58.728Z,89.295,-0.01604621298611164,-0.07541720569133759,0.04974326118826866
1626646926042,2021-07-18T22:22:58.730Z,89.336,0.044929396361112595,-0.07541720569133759,0.23267009854316711
1626646926082,2021-07-18T22:22:58.741Z,89.376,0.044929396361112595,-0.014441591687500477,-0.011232349090278149
1626646926122,2021-07-18T22:22:58.743Z,89.416,-0.01604621298611164,0.04653402045369148,-0.07220795750617981
1626646926161,2021-07-18T22:22:58.745Z,89.455,-0.01604621298611164,-0.014441591687500477,-0.07220795750617981
1626646926201,2021-07-18T22:22:58.756Z,89.495,-0.07702182233333588,-0.014441591687500477,-0.1331835687160492
1626646926242,2021-07-18T22:22:58.759Z,89.536,-0.07702182233333588,0.10750962793827057,-0.011232349090278149
1626646926281,2021-07-18T22:22:58.761Z,89.575,-0.01604621298611164,-0.07541720569133759,0.17169448733329773
1626646926321,2021-07-18T22:22:58.772Z,89.615,-0.07702182233333588,0.10750962793827057,0.11071887612342834
1626646926360,2021-07-18T22:22:58.775Z,89.654,-0.01604621298611164,-0.014441591687500477,-0.011232349090278149
1626646926400,2021-07-18T22:22:58.787Z,89.694,-0.01604621298611164,0.04653402045369148,-0.1331835687160492
1626646926441,2021-07-18T22:22:58.788Z,89.735,0.044929396361112595,-0.19736842811107635,-0.07220795750617981
1626646926480,2021-07-18T22:22:58.790Z,89.774,0.10590501129627228,-0.014441591687500477,-0.1331835687160492
1626646926520,2021-07-18T22:22:58.801Z,89.814,0.22785623371601105,-0.014441591687500477,-0.011232349090278149
1626646926559,2021-07-18T22:22:58.816Z,89.853,0.10590501129627228,-0.014441591687500477,-0.011232349090278149
1626646926599,2021-07-18T22:22:58.818Z,89.893,0.044929396361112595,0.04653402045369148,-0.1331835687160492
1626646926639,2021-07-18T22:22:58.820Z,89.933,-0.2599486708641052,-0.07541720569133759,-0.07220795750617981
1626646926680,2021-07-18T22:22:58.831Z,89.974,-0.13799743354320526,-0.014441591687500477,-0.011232349090278149
1626646926719,2021-07-18T22:22:58.834Z,90.013,0.044929396361112595,0.04653402045369148,0.17169448733329773
1626646926759,2021-07-18T22:22:58.836Z,90.053,0.044929396361112595,-0.014441591687500477,0.04974326118826866
1626646926798,2021-07-18T22:22:58.848Z,90.092,0.044929396361112595,-0.13639281690120697,0.11071887612342834
1626646926838,2021-07-18T22:22:58.878Z,90.132,0.044929396361112595,0.16848523914813995,-0.011232349090278149
1626646926879,2021-07-18T22:22:58.880Z,90.173,-0.07702182233333588,-0.014441591687500477,-0.07220795750617981
1626646926918,2021-07-18T22:22:58.891Z,90.212,-0.13799743354320526,-0.19736842811107635,-0.07220795750617981
1626646926958,2021-07-18T22:22:58.894Z,90.252,0.044929396361112595,0.04653402045369148,-0.011232349090278149
1626646926997,2021-07-18T22:22:58.896Z,90.291,-0.07702182233333588,-0.13639281690120697,-0.011232349090278149
1626646927037,2021-07-18T22:22:58.907Z,90.331,-0.01604621298611164,0.04653402045369148,-0.011232349090278149
1626646927077,2021-07-18T22:22:58.909Z,90.371,0.044929396361112595,-0.13639281690120697,-0.011232349090278149
1626646927118,2021-07-18T22:22:58.912Z,90.412,0.044929396361112595,-0.014441591687500477,-0.011232349090278149
1626646927157,2021-07-18T22:22:58.923Z,90.451,0.044929396361112595,-0.07541720569133759,-0.011232349090278149
1626646927197,2021-07-18T22:22:58.925Z,90.491,0.044929396361112595,0.04653402045369148,-0.011232349090278149
1626646927236,2021-07-18T22:22:58.927Z,90.53,0.10590501129627228,0.04653402045369148,-0.011232349090278149
1626646927276,2021-07-18T22:22:58.953Z,90.57,0.10590501129627228,-0.07541720569133759,-0.07220795750617981
1626646927317,2021-07-18T22:22:58.955Z,90.611,0.044929396361112595,-0.014441591687500477,-0.07220795750617981
1626646927356,2021-07-18T22:22:58.966Z,90.65,-0.13799743354320526,0.16848523914813995,-0.19415917992591858
1626646927396,2021-07-18T22:22:58.968Z,90.69,-0.13799743354320526,-0.07541720569133759,-0.011232349090278149
1626646927435,2021-07-18T22:22:58.971Z,90.729,0.10590501129627228,0.04653402045369148,0.11071887612342834
1626646927475,2021-07-18T22:22:58.982Z,90.769,0.044929396361112595,-0.07541720569133759,-0.011232349090278149
1626646927516,2021-07-18T22:22:58.984Z,90.81,0.10590501129627228,0.04653402045369148,0.11071887612342834
1626646927556,2021-07-18T22:22:58.986Z,90.85,-0.01604621298611164,-0.014441591687500477,0.04974326118826866
1626646927595,2021-07-18T22:22:58.998Z,90.889,-0.01604621298611164,0.04653402045369148,-0.07220795750617981
1626646927635,2021-07-18T22:22:59.000Z,90.929,-0.07702182233333588,-0.13639281690120697,-0.011232349090278149
1626646927674,2021-07-18T22:22:59.002Z,90.968,0.044929396361112595,-0.014441591687500477,-0.07220795750617981
1626646927714,2021-07-18T22:22:59.013Z,91.008,-0.07702182233333588,-0.014441591687500477,-0.011232349090278149
1626646927755,2021-07-18T22:22:59.027Z,91.049,-0.07702182233333588,-0.014441591687500477,0.04974326118826866
1626646927794,2021-07-18T22:22:59.041Z,91.088,-0.01604621298611164,-0.014441591687500477,-0.07220795750617981
1626646927834,2021-07-18T22:22:59.043Z,91.128,0.044929396361112595,-0.13639281690120697,-0.07220795750617981
1626646927873,2021-07-18T22:22:59.046Z,91.167,0.044929396361112595,-0.19736842811107635,-0.011232349090278149
1626646927913,2021-07-18T22:22:59.057Z,91.207,0.044929396361112595,-0.07541720569133759,-0.011232349090278149
1626646927954,2021-07-18T22:22:59.059Z,91.248,-0.07702182233333588,-0.07541720569133759,-0.011232349090278149
1626646927994,2021-07-18T22:22:59.061Z,91.288,0.044929396361112595,0.04653402045369148,0.04974326118826866
1626646928033,2021-07-18T22:22:59.073Z,91.327,-0.01604621298611164,-0.014441591687500477,0.04974326118826866
1626646928073,2021-07-18T22:22:59.075Z,91.367,-0.13799743354320526,0.10750962793827057,-0.07220795750617981
1626646928112,2021-07-18T22:22:59.077Z,91.406,-0.07702182233333588,0.10750962793827057,-0.011232349090278149
1626646928152,2021-07-18T22:22:59.088Z,91.446,-0.07702182233333588,-0.13639281690120697,0.11071887612342834
1626646928193,2021-07-18T22:22:59.090Z,91.487,0.044929396361112595,-0.014441591687500477,0.04974326118826866
1626646928232,2021-07-18T22:22:59.101Z,91.526,0.10590501129627228,-0.014441591687500477,0.11071887612342834
1626646928272,2021-07-18T22:22:59.103Z,91.566,0.10590501129627228,-0.014441591687500477,0.11071887612342834
1626646928311,2021-07-18T22:22:59.105Z,91.605,-0.01604621298611164,0.04653402045369148,0.04974326118826866
1626646928351,2021-07-18T22:22:59.117Z,91.645,-0.07702182233333588,-0.07541720569133759,0.04974326118826866
1626646928392,2021-07-18T22:22:59.119Z,91.686,-0.01604621298611164,0.10750962793827057,-0.011232349090278149
1626646928432,2021-07-18T22:22:59.121Z,91.726,-0.07702182233333588,-0.014441591687500477,-0.011232349090278149
1626646928471,2021-07-18T22:22:59.132Z,91.765,-0.07702182233333588,-0.07541720569133759,0.04974326118826866
1626646928511,2021-07-18T22:22:59.135Z,91.805,0.10590501129627228,-0.014441591687500477,-0.011232349090278149
1626646928550,2021-07-18T22:22:59.137Z,91.844,-0.07702182233333588,-0.07541720569133759,-0.011232349090278149
1626646928591,2021-07-18T22:22:59.148Z,91.885,0.10590501129627228,0.04653402045369148,-0.1331835687160492
1626646928631,2021-07-18T22:22:59.150Z,91.925,0.044929396361112595,-0.014441591687500477,-0.011232349090278149
1626646928670,2021-07-18T22:22:59.161Z,91.964,0.044929396361112595,-0.014441591687500477,0.04974326118826866
1626646928710,2021-07-18T22:22:59.163Z,92.004,0.044929396361112595,-0.014441591687500477,-0.011232349090278149
1626646928749,2021-07-18T22:22:59.165Z,92.043,0.10590501129627228,-0.014441591687500477,0.11071887612342834
1626646928789,2021-07-18T22:22:59.177Z,92.083,0.044929396361112595,-0.07541720569133759,-0.011232349090278149
1626646928830,2021-07-18T22:22:59.180Z,92.124,0.044929396361112595,0.04653402045369148,-0.07220795750617981
1626646928870,2021-07-18T22:22:59.182Z,92.164,-0.01604621298611164,0.22946085035800934,-0.07220795750617981
1626646928909,2021-07-18T22:22:59.208Z,92.203,-0.07702182233333588,-0.07541720569133759,0.04974326118826866
1626646928949,2021-07-18T22:22:59.210Z,92.243,0.044929396361112595,-0.014441591687500477,0.04974326118826866
1626646928988,2021-07-18T22:22:59.221Z,92.282,0.16688062250614166,0.10750962793827057,-0.011232349090278149
1626646929029,2021-07-18T22:22:59.223Z,92.323,0.10590501129627228,-0.07541720569133759,0.04974326118826866
1626646929069,2021-07-18T22:22:59.225Z,92.363,0.044929396361112595,-0.13639281690120697,-0.011232349090278149
1626646929108,2021-07-18T22:22:59.236Z,92.402,0.044929396361112595,0.04653402045369148,-0.07220795750617981
1626646929148,2021-07-18T22:22:59.239Z,92.442,-0.07702182233333588,0.04653402045369148,-0.07220795750617981
1626646929187,2021-07-18T22:22:59.241Z,92.481,-0.13799743354320526,-0.014441591687500477,-0.1331835687160492
1626646929227,2021-07-18T22:22:59.252Z,92.521,-0.07702182233333588,-0.014441591687500477,-0.011232349090278149
1626646929268,2021-07-18T22:22:59.255Z,92.562,-0.07702182233333588,0.04653402045369148,0.04974326118826866
1626646929308,2021-07-18T22:22:59.256Z,92.602,0.044929396361112595,-0.014441591687500477,0.04974326118826866
1626646929347,2021-07-18T22:22:59.267Z,92.641,0.10590501129627228,-0.014441591687500477,-0.07220795750617981
1626646929387,2021-07-18T22:22:59.269Z,92.681,-0.01604621298611164,-0.014441591687500477,-0.011232349090278149
1626646929426,2021-07-18T22:22:59.272Z,92.72,0.044929396361112595,0.10750962793827057,-0.07220795750617981
1626646929467,2021-07-18T22:22:59.283Z,92.761,0.10590501129627228,0.04653402045369148,-0.07220795750617981
1626646929507,2021-07-18T22:22:59.285Z,92.801,-0.01604621298611164,-0.014441591687500477,-0.011232349090278149
1626646929546,2021-07-18T22:22:59.287Z,92.84,0.044929396361112595,0.10750962793827057,0.04974326118826866
1626646929586,2021-07-18T22:22:59.298Z,92.88,-0.01604621298611164,-0.014441591687500477,-0.011232349090278149
1626646929627,2021-07-18T22:22:59.301Z,92.921,-0.07702182233333588,0.10750962793827057,-0.011232349090278149
1626646929665,2021-07-18T22:22:59.311Z,92.959,-0.13799743354320526,-0.07541720569133759,-0.011232349090278149
1626646929706,2021-07-18T22:22:59.313Z,93,-0.01604621298611164,-0.07541720569133759,0.04974326118826866
1626646929746,2021-07-18T22:22:59.316Z,93.04,0.044929396361112595,0.16848523914813995,0.04974326118826866
1626646929785,2021-07-18T22:22:59.327Z,93.079,-0.01604621298611164,0.04653402045369148,0.04974326118826866
1626646929825,2021-07-18T22:22:59.329Z,93.119,-0.07702182233333588,-0.13639281690120697,0.04974326118826866
1626646929864,2021-07-18T22:22:59.331Z,93.158,0.10590501129627228,-0.07541720569133759,-0.19415917992591858
1626646929905,2021-07-18T22:22:59.358Z,93.199,0.044929396361112595,0.04653402045369148,-0.1331835687160492
1626646929945,2021-07-18T22:22:59.372Z,93.239,-0.07702182233333588,-0.014441591687500477,-0.011232349090278149
1626646929984,2021-07-18T22:22:59.404Z,93.278,0.044929396361112595,0.04653402045369148,0.04974326118826866
1626646930024,2021-07-18T22:22:59.406Z,93.318,0.10590501129627228,-0.014441591687500477,0.04974326118826866
1626646930063,2021-07-18T22:22:59.417Z,93.357,0.16688062250614166,0.10750962793827057,-0.011232349090278149
1626646930104,2021-07-18T22:22:59.419Z,93.398,0.044929396361112595,-0.07541720569133759,-0.011232349090278149
1626646930144,2021-07-18T22:22:59.422Z,93.438,0.044929396361112595,0.04653402045369148,0.04974326118826866
1626646930184,2021-07-18T22:22:59.433Z,93.478,-0.01604621298611164,-0.014441591687500477,-0.011232349090278149
1626646930223,2021-07-18T22:22:59.435Z,93.517,-0.07702182233333588,0.04653402045369148,-0.011232349090278149
1626646930263,2021-07-18T22:22:59.437Z,93.557,0.044929396361112595,-0.13639281690120697,-0.07220795750617981
1626646930302,2021-07-18T22:22:59.448Z,93.596,-0.01604621298611164,-0.014441591687500477,-0.011232349090278149
1626646930343,2021-07-18T22:22:59.450Z,93.637,-0.07702182233333588,-0.07541720569133759,-0.1331835687160492
1626646930383,2021-07-18T22:22:59.461Z,93.677,-0.07702182233333588,-0.014441591687500477,-0.07220795750617981
1626646930422,2021-07-18T22:22:59.463Z,93.716,-0.07702182233333588,-0.07541720569133759,0.04974326118826866
1626646930462,2021-07-18T22:22:59.466Z,93.756,-0.07702182233333588,0.04653402045369148,-0.011232349090278149
1626646930501,2021-07-18T22:22:59.477Z,93.795,-0.01604621298611164,-0.014441591687500477,0.04974326118826866
1626646930542,2021-07-18T22:22:59.479Z,93.836,-0.01604621298611164,-0.014441591687500477,0.11071887612342834
1626646930582,2021-07-18T22:22:59.481Z,93.876,0.044929396361112595,-0.07541720569133759,0.04974326118826866
1626646930622,2021-07-18T22:22:59.508Z,93.916,0.10590501129627228,-0.014441591687500477,-0.1331835687160492
1626646930661,2021-07-18T22:22:59.510Z,93.955,-0.07702182233333588,-0.014441591687500477,-0.07220795750617981
1626646930701,2021-07-18T22:22:59.512Z,93.995,-0.07702182233333588,-0.014441591687500477,-0.011232349090278149
1626646930740,2021-07-18T22:22:59.523Z,94.034,0.10590501129627228,-0.014441591687500477,-0.011232349090278149
1626646930781,2021-07-18T22:22:59.525Z,94.075,0.044929396361112595,-0.014441591687500477,0.04974326118826866
1626646930821,2021-07-18T22:22:59.536Z,94.115,-0.01604621298611164,-0.014441591687500477,0.11071887612342834
1626646930860,2021-07-18T22:22:59.538Z,94.154,-0.13799743354320526,0.04653402045369148,-0.011232349090278149
1626646930900,2021-07-18T22:22:59.541Z,94.194,-0.13799743354320526,-0.014441591687500477,-0.011232349090278149
1626646930939,2021-07-18T22:22:59.552Z,94.233,-0.01604621298611164,0.10750962793827057,-0.07220795750617981
1626646930980,2021-07-18T22:22:59.554Z,94.274,-0.01604621298611164,-0.014441591687500477,-0.011232349090278149
1626646931020,2021-07-18T22:22:59.556Z,94.314,-0.01604621298611164,0.04653402045369148,-0.011232349090278149
1626646931059,2021-07-18T22:22:59.568Z,94.353,-0.01604621298611164,0.10750962793827057,-0.011232349090278149
1626646931099,2021-07-18T22:22:59.581Z,94.393,-0.01604621298611164,0.10750962793827057,-0.011232349090278149
1626646931139,2021-07-18T22:22:59.583Z,94.433,0.044929396361112595,0.04653402045369148,-0.011232349090278149
1626646931178,2021-07-18T22:22:59.598Z,94.472,-0.01604621298611164,-0.014441591687500477,0.04974326118826866
1626646931219,2021-07-18T22:22:59.600Z,94.513,0.10590501129627228,0.10750962793827057,0.04974326118826866
1626646931259,2021-07-18T22:22:59.611Z,94.553,0.16688062250614166,-0.07541720569133759,0.04974326118826866
1626646931298,2021-07-18T22:22:59.613Z,94.592,0.044929396361112595,-0.014441591687500477,0.04974326118826866
1626646931338,2021-07-18T22:22:59.616Z,94.632,-0.07702182233333588,-0.014441591687500477,0.04974326118826866
1626646931377,2021-07-18T22:22:59.628Z,94.671,-0.01604621298611164,0.04653402045369148,-0.011232349090278149
1626646931418,2021-07-18T22:22:59.630Z,94.712,-0.07702182233333588,-0.13639281690120697,-0.011232349090278149
1626646931458,2021-07-18T22:22:59.632Z,94.752,-0.01604621298611164,0.10750962793827057,-0.011232349090278149
1626646931497,2021-07-18T22:22:59.643Z,94.791,-0.01604621298611164,-0.014441591687500477,0.04974326118826866
1626646931537,2021-07-18T22:22:59.645Z,94.831,-0.01604621298611164,-0.014441591687500477,0.11071887612342834
1626646931577,2021-07-18T22:22:59.656Z,94.871,-0.01604621298611164,-0.07541720569133759,0.04974326118826866
1626646931618,2021-07-18T22:22:59.658Z,94.912,-0.01604621298611164,-0.014441591687500477,-0.011232349090278149
1626646931657,2021-07-18T22:22:59.660Z,94.951,-0.01604621298611164,-0.07541720569133759,-0.07220795750617981
1626646931697,2021-07-18T22:22:59.672Z,94.991,-0.01604621298611164,-0.07541720569133759,-0.1331835687160492
1626646931736,2021-07-18T22:22:59.674Z,95.03,0.10590501129627228,-0.07541720569133759,-0.07220795750617981
1626646931776,2021-07-18T22:22:59.676Z,95.07,0.10590501129627228,-0.07541720569133759,-0.1331835687160492
1626646931817,2021-07-18T22:22:59.687Z,95.111,0.10590501129627228,-0.07541720569133759,-0.07220795750617981
1626646931856,2021-07-18T22:22:59.690Z,95.15,-0.01604621298611164,0.04653402045369148,-0.07220795750617981
1626646931896,2021-07-18T22:22:59.692Z,95.19,-0.01604621298611164,-0.13639281690120697,0.04974326118826866
1626646931935,2021-07-18T22:22:59.703Z,95.229,-0.01604621298611164,0.10750962793827057,-0.011232349090278149
1626646931975,2021-07-18T22:22:59.705Z,95.269,-0.01604621298611164,0.04653402045369148,0.04974326118826866
1626646932015,2021-07-18T22:22:59.716Z,95.309,0.044929396361112595,-0.07541720569133759,-0.011232349090278149
1626646932056,2021-07-18T22:22:59.718Z,95.35,0.044929396361112595,-0.014441591687500477,-0.011232349090278149
1626646932095,2021-07-18T22:22:59.720Z,95.389,-0.07702182233333588,0.16848523914813995,-0.07220795750617981
1626646932135,2021-07-18T22:22:59.732Z,95.429,-0.13799743354320526,-0.014441591687500477,-0.07220795750617981
1626646932174,2021-07-18T22:22:59.735Z,95.468,-0.07702182233333588,-0.014441591687500477,-0.011232349090278149
1626646932214,2021-07-18T22:22:59.737Z,95.508,0.044929396361112595,0.04653402045369148,-0.07220795750617981
1626646932253,2021-07-18T22:22:59.763Z,95.547,-0.07702182233333588,-0.07541720569133759,-0.07220795750617981
1626646932294,2021-07-18T22:22:59.765Z,95.588,-0.07702182233333588,-0.014441591687500477,-0.07220795750617981
1626646932334,2021-07-18T22:22:59.776Z,95.628,-0.13799743354320526,-0.014441591687500477,0.11071887612342834
1626646932373,2021-07-18T22:22:59.778Z,95.667,-0.01604621298611164,-0.014441591687500477,0.04974326118826866
1626646932413,2021-07-18T22:22:59.780Z,95.707,-0.01604621298611164,0.10750962793827057,-0.07220795750617981
1626646932453,2021-07-18T22:22:59.792Z,95.747,-0.01604621298611164,0.04653402045369148,0.04974326118826866
1626646932494,2021-07-18T22:22:59.794Z,95.788,-0.01604621298611164,-0.014441591687500477,0.04974326118826866
1626646932533,2021-07-18T22:22:59.796Z,95.827,0.044929396361112595,-0.014441591687500477,-0.19415917992591858
1626646932573,2021-07-18T22:22:59.807Z,95.867,-0.01604621298611164,-0.014441591687500477,-0.1331835687160492
1626646932612,2021-07-18T22:22:59.810Z,95.906,-0.01604621298611164,-0.19736842811107635,0.04974326118826866
1626646932652,2021-07-18T22:22:59.812Z,95.946,0.044929396361112595,-0.014441591687500477,-0.011232349090278149
1626646932691,2021-07-18T22:22:59.823Z,95.985,0.10590501129627228,0.04653402045369148,0.04974326118826866
1626646932732,2021-07-18T22:22:59.825Z,96.026,0.044929396361112595,-0.014441591687500477,-0.011232349090278149
1626646932772,2021-07-18T22:22:59.836Z,96.066,0.044929396361112595,-0.07541720569133759,-0.011232349090278149
1626646932811,2021-07-18T22:22:59.838Z,96.105,0.10590501129627228,-0.014441591687500477,-0.07220795750617981
1626646932851,2021-07-18T22:22:59.840Z,96.145,0.10590501129627228,-0.014441591687500477,-0.011232349090278149
1626646932891,2021-07-18T22:22:59.851Z,96.185,-0.07702182233333588,-0.014441591687500477,-0.07220795750617981
1626646932932,2021-07-18T22:22:59.854Z,96.226,0.044929396361112595,-0.014441591687500477,0.04974326118826866
1626646932971,2021-07-18T22:22:59.856Z,96.265,-0.07702182233333588,-0.014441591687500477,-0.011232349090278149
1626646933011,2021-07-18T22:22:59.867Z,96.305,-0.01604621298611164,0.04653402045369148,-0.07220795750617981
1626646933050,2021-07-18T22:22:59.869Z,96.344,-0.01604621298611164,-0.07541720569133759,-0.07220795750617981
1626646933081,2021-07-18T22:22:59.897Z,96.375,-0.07702182233333588,0.04653402045369148,-0.011232349090278149
1626646933121,2021-07-18T22:22:59.899Z,96.415,0.044929396361112595,-0.014441591687500477,0.04974326118826866
1626646933160,2021-07-18T22:22:59.911Z,96.454,0.044929396361112595,-0.07541720569133759,0.04974326118826866
1626646933200,2021-07-18T22:22:59.913Z,96.494,0.044929396361112595,0.04653402045369148,0.04974326118826866
1626646933239,2021-07-18T22:22:59.928Z,96.533,-0.07702182233333588,-0.014441591687500477,-0.07220795750617981
1626646933279,2021-07-18T22:22:59.930Z,96.573,0.044929396361112595,-0.014441591687500477,-0.07220795750617981
1626646933320,2021-07-18T22:22:59.941Z,96.614,-0.07702182233333588,-0.07541720569133759,-0.011232349090278149
1626646933359,2021-07-18T22:22:59.943Z,96.653,0.044929396361112595,0.04653402045369148,-0.011232349090278149
1626646933399,2021-07-18T22:22:59.945Z,96.693,0.10590501129627228,-0.014441591687500477,0.04974326118826866
1626646933438,2021-07-18T22:22:59.957Z,96.732,0.16688062250614166,0.04653402045369148,-0.011232349090278149
1626646933478,2021-07-18T22:22:59.960Z,96.772,-0.01604621298611164,-0.13639281690120697,-0.07220795750617981
1626646933519,2021-07-18T22:22:59.962Z,96.813,0.044929396361112595,-0.014441591687500477,-0.011232349090278149
1626646933559,2021-07-18T22:22:59.973Z,96.853,0.044929396361112595,-0.07541720569133759,-0.07220795750617981
1626646933598,2021-07-18T22:22:59.975Z,96.892,0.044929396361112595,-0.014441591687500477,0.04974326118826866
1626646933638,2021-07-18T22:22:59.986Z,96.932,0.044929396361112595,-0.014441591687500477,-0.011232349090278149
1626646933677,2021-07-18T22:22:59.988Z,96.971,0.044929396361112595,-0.07541720569133759,-0.011232349090278149
1626646933717,2021-07-18T22:22:59.990Z,97.011,-0.07702182233333588,-0.014441591687500477,-0.011232349090278149
1626646933758,2021-07-18T22:23:00.001Z,97.052,-0.07702182233333588,-0.014441591687500477,-0.07220795750617981
1626646933797,2021-07-18T22:23:00.004Z,97.091,0.044929396361112595,-0.014441591687500477,-0.011232349090278149
1626646933837,2021-07-18T22:23:00.006Z,97.131,-0.01604621298611164,-0.014441591687500477,-0.011232349090278149
1626646933876,2021-07-18T22:23:00.017Z,97.17,-0.01604621298611164,-0.014441591687500477,-0.011232349090278149
1626646933916,2021-07-18T22:23:00.019Z,97.21,0.044929396361112595,0.04653402045369148,-0.011232349090278149
1626646933957,2021-07-18T22:23:00.022Z,97.251,0.16688062250614166,0.04653402045369148,-0.011232349090278149
1626646933997,2021-07-18T22:23:00.033Z,97.291,-0.01604621298611164,-0.014441591687500477,-0.011232349090278149
1626646934036,2021-07-18T22:23:00.034Z,97.33,-0.01604621298611164,-0.07541720569133759,0.04974326118826866
1626646934076,2021-07-18T22:23:00.036Z,97.37,0.16688062250614166,0.04653402045369148,0.04974326118826866
1626646934115,2021-07-18T22:23:00.048Z,97.409,0.10590501129627228,-0.014441591687500477,0.04974326118826866
1626646934155,2021-07-18T22:23:00.050Z,97.449,0.044929396361112595,-0.014441591687500477,0.04974326118826866
1626646934196,2021-07-18T22:23:00.052Z,97.49,0.044929396361112595,0.04653402045369148,-0.011232349090278149
1626646934235,2021-07-18T22:23:00.063Z,97.529,0.10590501129627228,-0.014441591687500477,-0.07220795750617981
1626646934275,2021-07-18T22:23:00.065Z,97.569,-0.07702182233333588,-0.014441591687500477,-0.011232349090278149
1626646934314,2021-07-18T22:23:00.076Z,97.608,-0.01604621298611164,-0.014441591687500477,0.04974326118826866
1626646934354,2021-07-18T22:23:00.078Z,97.648,0.044929396361112595,0.04653402045369148,-0.07220795750617981
1626646934395,2021-07-18T22:23:00.081Z,97.689,-0.01604621298611164,-0.014441591687500477,-0.011232349090278149
1626646934434,2021-07-18T22:23:00.092Z,97.728,-0.01604621298611164,-0.014441591687500477,0.04974326118826866
1626646934474,2021-07-18T22:23:00.094Z,97.768,-0.01604621298611164,-0.13639281690120697,0.04974326118826866
1626646934514,2021-07-18T22:23:00.096Z,97.808,0.044929396361112595,-0.014441591687500477,-0.011232349090278149
1626646934553,2021-07-18T22:23:00.108Z,97.847,-0.01604621298611164,-0.07541720569133759,-0.011232349090278149
1626646934593,2021-07-18T22:23:00.110Z,97.887,0.10590501129627228,-0.07541720569133759,-0.011232349090278149
1626646934634,2021-07-18T22:23:00.112Z,97.928,-0.01604621298611164,-0.014441591687500477,-0.011232349090278149
1626646934673,2021-07-18T22:23:00.123Z,97.967,0.044929396361112595,-0.014441591687500477,-0.07220795750617981
1626646934713,2021-07-18T22:23:00.126Z,98.007,0.10590501129627228,0.10750962793827057,-0.07220795750617981
1626646934752,2021-07-18T22:23:00.138Z,98.046,-0.07702182233333588,-0.19736842811107635,0.04974326118826866
1626646934792,2021-07-18T22:23:00.152Z,98.086,0.044929396361112595,-0.07541720569133759,0.11071887612342834
1626646934833,2021-07-18T22:23:00.154Z,98.127,0.16688062250614166,-0.014441591687500477,-0.011232349090278149
1626646934872,2021-07-18T22:23:00.157Z,98.166,0.044929396361112595,-0.014441591687500477,0.04974326118826866
1626646934912,2021-07-18T22:23:00.168Z,98.206,-0.07702182233333588,-0.014441591687500477,-0.011232349090278149
1626646934952,2021-07-18T22:23:00.170Z,98.246,-0.01604621298611164,-0.07541720569133759,-0.011232349090278149
1626646934991,2021-07-18T22:23:00.172Z,98.285,0.044929396361112595,-0.014441591687500477,-0.07220795750617981
1626646935032,2021-07-18T22:23:00.183Z,98.326,-0.01604621298611164,-0.014441591687500477,-0.011232349090278149
1626646935072,2021-07-18T22:23:00.185Z,98.366,-0.01604621298611164,-0.07541720569133759,0.04974326118826866
1626646935111,2021-07-18T22:23:00.196Z,98.405,-0.07702182233333588,-0.014441591687500477,0.04974326118826866
1626646935151,2021-07-18T22:23:00.198Z,98.445,0.044929396361112595,-0.014441591687500477,-0.011232349090278149
1626646935190,2021-07-18T22:23:00.201Z,98.484,-0.07702182233333588,0.04653402045369148,-0.011232349090278149
1626646935230,2021-07-18T22:23:00.212Z,98.524,-0.01604621298611164,-0.014441591687500477,0.04974326118826866
1626646935271,2021-07-18T22:23:00.214Z,98.565,-0.01604621298611164,0.04653402045369148,-0.011232349090278149
1626646935310,2021-07-18T22:23:00.216Z,98.604,0.10590501129627228,0.04653402045369148,0.04974326118826866
1626646935350,2021-07-18T22:23:00.228Z,98.644,-0.07702182233333588,-0.07541720569133759,0.04974326118826866
1626646935390,2021-07-18T22:23:00.230Z,98.684,0.044929396361112595,-0.07541720569133759,-0.011232349090278149
1626646935429,2021-07-18T22:23:00.232Z,98.723,0.044929396361112595,0.04653402045369148,-0.19415917992591858
1626646935470,2021-07-18T22:23:00.243Z,98.764,0.044929396361112595,-0.13639281690120697,-0.07220795750617981
1626646935510,2021-07-18T22:23:00.245Z,98.804,0.044929396361112595,-0.07541720569133759,-0.011232349090278149
1626646935549,2021-07-18T22:23:00.256Z,98.843,0.044929396361112595,-0.014441591687500477,-0.011232349090278149
1626646935589,2021-07-18T22:23:00.258Z,98.883,0.044929396361112595,-0.014441591687500477,-0.011232349090278149
1626646935628,2021-07-18T22:23:00.260Z,98.922,0.044929396361112595,-0.07541720569133759,-0.011232349090278149
1626646935669,2021-07-18T22:23:00.272Z,98.963,-0.01604621298611164,-0.014441591687500477,-0.011232349090278149
1626646935709,2021-07-18T22:23:00.274Z,99.003,0.044929396361112595,0.04653402045369148,-0.1331835687160492
1626646935748,2021-07-18T22:23:00.276Z,99.042,0.10590501129627228,-0.014441591687500477,-0.011232349090278149
1626646935788,2021-07-18T22:23:00.288Z,99.082,-0.07702182233333588,-0.014441591687500477,-0.011232349090278149
1626646935828,2021-07-18T22:23:00.290Z,99.122,-0.01604621298611164,-0.014441591687500477,0.04974326118826866
1626646935867,2021-07-18T22:23:00.316Z,99.161,0.10590501129627228,-0.07541720569133759,-0.011232349090278149
1626646935908,2021-07-18T22:23:00.318Z,99.202,-0.01604621298611164,0.04653402045369148,-0.07220795750617981
1626646935948,2021-07-18T22:23:00.321Z,99.242,0.10590501129627228,-0.07541720569133759,-0.011232349090278149
1626646935987,2021-07-18T22:23:00.332Z,99.281,0.10590501129627228,0.04653402045369148,-0.011232349090278149
1626646936027,2021-07-18T22:23:00.334Z,99.321,-0.01604621298611164,-0.014441591687500477,0.04974326118826866
1626646936066,2021-07-18T22:23:00.336Z,99.36,-0.07702182233333588,-0.014441591687500477,0.11071887612342834
1626646936107,2021-07-18T22:23:00.348Z,99.401,-0.07702182233333588,0.04653402045369148,-0.011232349090278149
1626646936147,2021-07-18T22:23:00.350Z,99.441,-0.07702182233333588,-0.014441591687500477,-0.07220795750617981
1626646936186,2021-07-18T22:23:00.352Z,99.48,-0.01604621298611164,0.04653402045369148,-0.011232349090278149
