epoch (ms),time (-07:00),elapsed (s),X-Axis (g),Y-Axis (g),Z-Axis (g)
1614096822494,2021-02-23T16:15:29.111Z,0.004,-0.05350654199719429,-0.10780227929353714,-1.018628478050232
1614096822533,2021-02-23T16:15:29.112Z,0.043,-0.05472724512219429,-0.10780227929353714,-1.024487853050232
1614096822573,2021-02-23T16:15:29.126Z,0.083,-0.05277412012219429,-0.10926712304353714,-1.027905821800232
1614096822612,2021-02-23T16:15:29.141Z,0.122,-0.05423896387219429,-0.10731399804353714,-1.028149962425232
1614096822652,2021-02-23T16:15:29.155Z,0.162,-0.05350654199719429,-0.10658157616853714,-1.026440978050232
1614096822691,2021-02-23T16:15:29.157Z,0.201,-0.05350654199719429,-0.10682571679353714,-1.026440978050232
1614096822731,2021-02-23T16:15:29.171Z,0.241,-0.05326240137219429,-0.10780227929353714,-1.025952696800232
1614096822769,2021-02-23T16:15:29.186Z,0.279,-0.05252997949719429,-0.10853470116853714,-1.026440978050232
1614096822809,2021-02-23T16:15:29.216Z,0.319,-0.05448310449719429,-0.10926712304353714,-1.026685118675232
1614096822848,2021-02-23T16:15:29.230Z,0.358,-0.05521552637219429,-0.10731399804353714,-1.025708556175232
1614096822888,2021-02-23T16:15:29.235Z,0.398,-0.05375068262219429,-0.10511673241853714,-1.027661681175232
1614096822927,2021-02-23T16:15:29.246Z,0.437,-0.05301826074719429,-0.10560501366853714,-1.025464415550232
1614096822967,2021-02-23T16:15:29.261Z,0.477,-0.05448310449719429,-0.10780227929353714,-1.026929259300232
1614096823006,2021-02-23T16:15:29.291Z,0.516,-0.05228583887219429,-0.10755813866853714,-1.026929259300232
1614096823046,2021-02-23T16:15:29.320Z,0.556,-0.05228583887219429,-0.10584915429353714,-1.025220274925232
1614096823084,2021-02-23T16:15:29.322Z,0.594,-0.05252997949719429,-0.10560501366853714,-1.027905821800232
1614096823123,2021-02-23T16:15:29.337Z,0.633,-0.05106513574719429,-0.10804641991853714,-1.023999571800232
1614096823163,2021-02-23T16:15:29.351Z,0.673,-0.05423896387219429,-0.10780227929353714,-1.027417540550232
1614096823203,2021-02-23T16:15:29.366Z,0.713,-0.05252997949719429,-0.10853470116853714,-1.025952696800232
1614096823242,2021-02-23T16:15:29.380Z,0.752,-0.05228583887219429,-0.10706985741853714,-1.025952696800232
1614096823282,2021-02-23T16:15:29.397Z,0.792,-0.05301826074719429,-0.10706985741853714,-1.027417540550232
1614096823321,2021-02-23T16:15:29.425Z,0.831,-0.05326240137219429,-0.10682571679353714,-1.023511290550232
1614096823361,2021-02-23T16:15:29.427Z,0.871,-0.05375068262219429,-0.10780227929353714,-1.024976134300232
1614096823399,2021-02-23T16:15:29.456Z,0.909,-0.05130927637219429,-0.10560501366853714,-1.027417540550232
1614096823438,2021-02-23T16:15:29.471Z,0.948,-0.05277412012219429,-0.10609329491853714,-1.025220274925232
1614096823478,2021-02-23T16:15:29.486Z,0.988,-0.05350654199719429,-0.10658157616853714,-1.027173399925232
1614096823518,2021-02-23T16:15:29.500Z,1.028,-0.05277412012219429,-0.10853470116853714,-1.026929259300232
1614096823557,2021-02-23T16:15:29.502Z,1.067,-0.05252997949719429,-0.10706985741853714,-1.026929259300232
1614096823597,2021-02-23T16:15:29.531Z,1.107,-0.05301826074719429,-0.10584915429353714,-1.027173399925232
1614096823636,2021-02-23T16:15:29.560Z,1.146,-0.05252997949719429,-0.10780227929353714,-1.027417540550232
1614096823674,2021-02-23T16:15:29.562Z,1.184,-0.05155341699719429,-0.10658157616853714,-1.027661681175232
1614096823714,2021-02-23T16:15:29.576Z,1.224,-0.05057685449719429,-0.10487259179353714,-1.025952696800232
1614096823753,2021-02-23T16:15:29.621Z,1.263,-0.05350654199719429,-0.10902298241853714,-1.026440978050232
1614096823793,2021-02-23T16:15:29.636Z,1.303,-0.05301826074719429,-0.10609329491853714,-1.025464415550232
1614096823832,2021-02-23T16:15:29.665Z,1.342,-0.05277412012219429,-0.10658157616853714,-1.024487853050232
1614096823872,2021-02-23T16:15:29.667Z,1.382,-0.05228583887219429,-0.10658157616853714,-1.026929259300232
1614096823912,2021-02-23T16:15:29.682Z,1.422,-0.05399482324719429,-0.10609329491853714,-1.024731993675232
1614096823951,2021-02-23T16:15:29.696Z,1.461,-0.05204169824719429,-0.10731399804353714,-1.025952696800232
1614096823989,2021-02-23T16:15:29.711Z,1.499,-0.05228583887219429,-0.10658157616853714,-1.025708556175232
1614096824029,2021-02-23T16:15:29.725Z,1.539,-0.05130927637219429,-0.10706985741853714,-1.024487853050232
1614096824068,2021-02-23T16:15:29.740Z,1.578,-0.05130927637219429,-0.10706985741853714,-1.026440978050232
1614096824108,2021-02-23T16:15:29.742Z,1.618,-0.05179755762219429,-0.10877884179353714,-1.021802306175232
1614096824147,2021-02-23T16:15:29.772Z,1.657,-0.05106513574719429,-0.10804641991853714,-1.025952696800232
1614096824187,2021-02-23T16:15:29.786Z,1.697,-0.05106513574719429,-0.10829056054353714,-1.027417540550232
1614096824227,2021-02-23T16:15:29.801Z,1.737,-0.05106513574719429,-0.10829056054353714,-1.024731993675232
1614096824266,2021-02-23T16:15:29.815Z,1.776,-0.05350654199719429,-0.10755813866853714,-1.027173399925232
1614096824304,2021-02-23T16:15:29.817Z,1.814,-0.05106513574719429,-0.10682571679353714,-1.026196837425232
1614096824344,2021-02-23T16:15:29.831Z,1.854,-0.05326240137219429,-0.10804641991853714,-1.024243712425232
1614096824383,2021-02-23T16:15:29.846Z,1.893,-0.05301826074719429,-0.10780227929353714,-1.024976134300232
1614096824423,2021-02-23T16:15:29.890Z,1.933,-0.05252997949719429,-0.10536087304353714,-1.024731993675232
1614096824462,2021-02-23T16:15:29.892Z,1.972,-0.05252997949719429,-0.10829056054353714,-1.026196837425232
1614096824502,2021-02-23T16:15:29.906Z,2.012,-0.05130927637219429,-0.10804641991853714,-1.028149962425232
1614096824541,2021-02-23T16:15:29.921Z,2.051,-0.05155341699719429,-0.10975540429353714,-1.024976134300232
1614096824581,2021-02-23T16:15:29.936Z,2.091,-0.05350654199719429,-0.10926712304353714,-1.025708556175232
1614096824619,2021-02-23T16:15:29.951Z,2.129,-0.05204169824719429,-0.10682571679353714,-1.025220274925232
1614096824659,2021-02-23T16:15:29.981Z,2.169,-0.05326240137219429,-0.10804641991853714,-1.024976134300232
1614096824698,2021-02-23T16:15:29.996Z,2.208,-0.05130927637219429,-0.10877884179353714,-1.025708556175232
1614096824738,2021-02-23T16:15:30.011Z,2.248,-0.05082099512219429,-0.10682571679353714,-1.022534728050232
1614096824777,2021-02-23T16:15:30.025Z,2.287,-0.05252997949719429,-0.10804641991853714,-1.025952696800232
1614096824817,2021-02-23T16:15:30.027Z,2.327,-0.05228583887219429,-0.10926712304353714,-1.024487853050232
1614096824856,2021-02-23T16:15:30.042Z,2.366,-0.05301826074719429,-0.10902298241853714,-1.024243712425232
1614096824896,2021-02-23T16:15:30.056Z,2.406,-0.05375068262219429,-0.10877884179353714,-1.025708556175232
1614096824934,2021-02-23T16:15:30.086Z,2.444,-0.05082099512219429,-0.10755813866853714,-1.025220274925232
1614096824974,2021-02-23T16:15:30.115Z,2.484,-0.05228583887219429,-0.10877884179353714,-1.025952696800232
1614096825013,2021-02-23T16:15:30.130Z,2.523,-0.05204169824719429,-0.10877884179353714,-1.023999571800232
1614096825053,2021-02-23T16:15:30.132Z,2.563,-0.05228583887219429,-0.10755813866853714,-1.026440978050232
1614096825092,2021-02-23T16:15:30.147Z,2.602,-0.05252997949719429,-0.10951126366853714,-1.025952696800232
1614096825132,2021-02-23T16:15:30.161Z,2.642,-0.05423896387219429,-0.10951126366853714,-1.027173399925232
1614096825171,2021-02-23T16:15:30.176Z,2.681,-0.05350654199719429,-0.10829056054353714,-1.024976134300232
1614096825211,2021-02-23T16:15:30.190Z,2.721,-0.05252997949719429,-0.10633743554353714,-1.025708556175232
1614096825249,2021-02-23T16:15:30.192Z,2.759,-0.05350654199719429,-0.10731399804353714,-1.025952696800232
1614096825289,2021-02-23T16:15:30.221Z,2.799,-0.05228583887219429,-0.10853470116853714,-1.029370665550232
1614096825328,2021-02-23T16:15:30.236Z,2.838,-0.05399482324719429,-0.10755813866853714,-1.026440978050232
1614096825368,2021-02-23T16:15:30.251Z,2.878,-0.05497138574719429,-0.10633743554353714,-1.024487853050232
1614096825407,2021-02-23T16:15:30.265Z,2.917,-0.05472724512219429,-0.10804641991853714,-1.023267149925232
1614096825447,2021-02-23T16:15:30.267Z,2.957,-0.05423896387219429,-0.10804641991853714,-1.023511290550232
1614096825486,2021-02-23T16:15:30.282Z,2.996,-0.05277412012219429,-0.10755813866853714,-1.024976134300232
1614096825526,2021-02-23T16:15:30.296Z,3.036,-0.05179755762219429,-0.10780227929353714,-1.023511290550232
1614096825564,2021-02-23T16:15:30.326Z,3.074,-0.05130927637219429,-0.10926712304353714,-1.026196837425232
1614096825603,2021-02-23T16:15:30.340Z,3.113,-0.05521552637219429,-0.10609329491853714,-1.025708556175232
1614096825643,2021-02-23T16:15:30.355Z,3.153,-0.05179755762219429,-0.10804641991853714,-1.023999571800232
1614096825683,2021-02-23T16:15:30.357Z,3.193,-0.05350654199719429,-0.10633743554353714,-1.027905821800232
1614096825722,2021-02-23T16:15:30.386Z,3.232,-0.05301826074719429,-0.10731399804353714,-1.025220274925232
1614096825762,2021-02-23T16:15:30.401Z,3.272,-0.05521552637219429,-0.10536087304353714,-1.026196837425232
1614096825801,2021-02-23T16:15:30.430Z,3.311,-0.05326240137219429,-0.10731399804353714,-1.025708556175232
1614096825839,2021-02-23T16:15:30.432Z,3.349,-0.05423896387219429,-0.10633743554353714,-1.025464415550232
1614096825879,2021-02-23T16:15:30.446Z,3.389,-0.05399482324719429,-0.10877884179353714,-1.025464415550232
1614096825918,2021-02-23T16:15:30.461Z,3.428,-0.05594794824719429,-0.10682571679353714,-1.026440978050232
1614096825958,2021-02-23T16:15:30.491Z,3.468,-0.05448310449719429,-0.10682571679353714,-1.025464415550232
1614096825998,2021-02-23T16:15:30.506Z,3.508,-0.05521552637219429,-0.10560501366853714,-1.026929259300232
1614096826037,2021-02-23T16:15:30.521Z,3.547,-0.05472724512219429,-0.10584915429353714,-1.024487853050232
1614096826077,2021-02-23T16:15:30.537Z,3.587,-0.05350654199719429,-0.10609329491853714,-1.024243712425232
1614096826116,2021-02-23T16:15:30.566Z,3.626,-0.05350654199719429,-0.10853470116853714,-1.024976134300232
1614096826154,2021-02-23T16:15:30.595Z,3.664,-0.05692451074719429,-0.10731399804353714,-1.023267149925232
1614096826194,2021-02-23T16:15:30.597Z,3.704,-0.05521552637219429,-0.10584915429353714,-1.024487853050232
1614096826233,2021-02-23T16:15:30.612Z,3.743,-0.05692451074719429,-0.10438431054353714,-1.025220274925232
1614096826273,2021-02-23T16:15:30.640Z,3.783,-0.05619208887219429,-0.10682571679353714,-1.025952696800232
1614096826312,2021-02-23T16:15:30.642Z,3.822,-0.05545966699719429,-0.10877884179353714,-1.024976134300232
1614096826352,2021-02-23T16:15:30.671Z,3.862,-0.05472724512219429,-0.10780227929353714,-1.023999571800232
1614096826392,2021-02-23T16:15:30.701Z,3.902,-0.05350654199719429,-0.10829056054353714,-1.027417540550232
1614096826431,2021-02-23T16:15:30.716Z,3.941,-0.05497138574719429,-0.10560501366853714,-1.025952696800232
1614096826469,2021-02-23T16:15:30.745Z,3.979,-0.05448310449719429,-0.10658157616853714,-1.023755431175232
1614096826509,2021-02-23T16:15:30.747Z,4.019,-0.05448310449719429,-0.10609329491853714,-1.023755431175232
1614096826548,2021-02-23T16:15:30.777Z,4.058,-0.05594794824719429,-0.10731399804353714,-1.025708556175232
1614096826588,2021-02-23T16:15:30.791Z,4.098,-0.05448310449719429,-0.10902298241853714,-1.024731993675232
1614096826627,2021-02-23T16:15:30.806Z,4.137,-0.05375068262219429,-0.10584915429353714,-1.023267149925232
1614096826667,2021-02-23T16:15:30.820Z,4.177,-0.05350654199719429,-0.10804641991853714,-1.024243712425232
1614096826706,2021-02-23T16:15:30.835Z,4.216,-0.05277412012219429,-0.10560501366853714,-1.024976134300232
1614096826746,2021-02-23T16:15:30.837Z,4.256,-0.05448310449719429,-0.10609329491853714,-1.024243712425232
1614096826784,2021-02-23T16:15:30.852Z,4.294,-0.05423896387219429,-0.10658157616853714,-1.027661681175232
1614096826824,2021-02-23T16:15:30.881Z,4.334,-0.05350654199719429,-0.10706985741853714,-1.026196837425232
1614096826863,2021-02-23T16:15:30.926Z,4.373,-0.05301826074719429,-0.10462845116853714,-1.025708556175232
1614096826903,2021-02-23T16:15:30.941Z,4.413,-0.05399482324719429,-0.10609329491853714,-1.025220274925232
1614096826942,2021-02-23T16:15:30.956Z,4.452,-0.05228583887219429,-0.10487259179353714,-1.026440978050232
1614096826982,2021-02-23T16:15:30.985Z,4.492,-0.05375068262219429,-0.10609329491853714,-1.026685118675232
1614096827021,2021-02-23T16:15:30.987Z,4.531,-0.05277412012219429,-0.10462845116853714,-1.024487853050232
1614096827061,2021-02-23T16:15:31.002Z,4.571,-0.05326240137219429,-0.10584915429353714,-1.023755431175232
1614096827099,2021-02-23T16:15:31.016Z,4.609,-0.05375068262219429,-0.10389602929353714,-1.024487853050232
1614096827139,2021-02-23T16:15:31.031Z,4.649,-0.05301826074719429,-0.10414016991853714,-1.023755431175232
1614096827178,2021-02-23T16:15:31.045Z,4.688,-0.05130927637219429,-0.10511673241853714,-1.025464415550232
1614096827218,2021-02-23T16:15:31.061Z,4.728,-0.05350654199719429,-0.10389602929353714,-1.023755431175232
1614096827257,2021-02-23T16:15:31.090Z,4.767,-0.05716865137219429,-0.10389602929353714,-1.024976134300232
1614096827297,2021-02-23T16:15:31.092Z,4.807,-0.05155341699719429,-0.10316360741853714,-1.026685118675232
1614096827336,2021-02-23T16:15:31.107Z,4.846,-0.05423896387219429,-0.10365188866853714,-1.027905821800232
1614096827376,2021-02-23T16:15:31.121Z,4.886,-0.05204169824719429,-0.10316360741853714,-1.025464415550232
1614096827415,2021-02-23T16:15:31.136Z,4.925,-0.05204169824719429,-0.10365188866853714,-1.023999571800232
1614096827454,2021-02-23T16:15:31.151Z,4.964,-0.05521552637219429,-0.10389602929353714,-1.025708556175232
1614096827493,2021-02-23T16:15:31.165Z,5.003,-0.05375068262219429,-0.10267532616853714,-1.027905821800232
1614096827533,2021-02-23T16:15:31.167Z,5.043,-0.05545966699719429,-0.10218704491853714,-1.025464415550232
1614096827572,2021-02-23T16:15:31.196Z,5.082,-0.05448310449719429,-0.10365188866853714,-1.024731993675232
1614096827612,2021-02-23T16:15:31.225Z,5.122,-0.05326240137219429,-0.10218704491853714,-1.026440978050232
1614096827651,2021-02-23T16:15:31.227Z,5.161,-0.05619208887219429,-0.10365188866853714,-1.026440978050232
1614096827691,2021-02-23T16:15:31.241Z,5.201,-0.05472724512219429,-0.10389602929353714,-1.025952696800232
1614096827730,2021-02-23T16:15:31.257Z,5.24,-0.05399482324719429,-0.10194290429353714,-1.026196837425232
1614096827769,2021-02-23T16:15:31.271Z,5.279,-0.05399482324719429,-0.10096634179353714,-1.027905821800232
1614096827808,2021-02-23T16:15:31.286Z,5.318,-0.05350654199719429,-0.10145462304353714,-1.026440978050232
1614096827848,2021-02-23T16:15:31.300Z,5.358,-0.05423896387219429,-0.10389602929353714,-1.025952696800232
1614096827887,2021-02-23T16:15:31.330Z,5.397,-0.05399482324719429,-0.10365188866853714,-1.027173399925232
1614096827927,2021-02-23T16:15:31.332Z,5.437,-0.05375068262219429,-0.10536087304353714,-1.023999571800232
1614096827966,2021-02-23T16:15:31.346Z,5.476,-0.05545966699719429,-0.10316360741853714,-1.026685118675232
1614096828006,2021-02-23T16:15:31.361Z,5.516,-0.05423896387219429,-0.10487259179353714,-1.023999571800232
1614096828045,2021-02-23T16:15:31.376Z,5.555,-0.05399482324719429,-0.10316360741853714,-1.028149962425232
1614096828083,2021-02-23T16:15:31.390Z,5.593,-0.05301826074719429,-0.10121048241853714,-1.026685118675232
1614096828123,2021-02-23T16:15:31.405Z,5.633,-0.05399482324719429,-0.10218704491853714,-1.026196837425232
1614096828163,2021-02-23T16:15:31.407Z,5.673,-0.05472724512219429,-0.10218704491853714,-1.026440978050232
1614096828202,2021-02-23T16:15:31.437Z,5.712,-0.05472724512219429,-0.10096634179353714,-1.027661681175232
1614096828242,2021-02-23T16:15:31.451Z,5.752,-0.05204169824719429,-0.10340774804353714,-1.025952696800232
1614096828281,2021-02-23T16:15:31.466Z,5.791,-0.05497138574719429,-0.10145462304353714,-1.025952696800232
1614096828321,2021-02-23T16:15:31.480Z,5.831,-0.05448310449719429,-0.10023391991853714,-1.025708556175232
1614096828360,2021-02-23T16:15:31.495Z,5.87,-0.05448310449719429,-0.10121048241853714,-1.024487853050232
1614096828398,2021-02-23T16:15:31.497Z,5.908,-0.05423896387219429,-0.10243118554353714,-1.025708556175232
1614096828438,2021-02-23T16:15:31.511Z,5.948,-0.05399482324719429,-0.09974563866853714,-1.025220274925232
1614096828477,2021-02-23T16:15:31.541Z,5.987,-0.05350654199719429,-0.10096634179353714,-1.025952696800232
1614096828517,2021-02-23T16:15:31.556Z,6.027,-0.05375068262219429,-0.10169876366853714,-1.024487853050232
1614096828557,2021-02-23T16:15:31.570Z,6.067,-0.05619208887219429,-0.10145462304353714,-1.026685118675232
1614096828596,2021-02-23T16:15:31.572Z,6.106,-0.05375068262219429,-0.10072220116853714,-1.024487853050232
1614096828636,2021-02-23T16:15:31.587Z,6.146,-0.05399482324719429,-0.10169876366853714,-1.024976134300232
1614096828675,2021-02-23T16:15:31.615Z,6.185,-0.05375068262219429,-0.10218704491853714,-1.026929259300232
1614096828713,2021-02-23T16:15:31.617Z,6.223,-0.05570380762219429,-0.10072220116853714,-1.025708556175232
1614096828753,2021-02-23T16:15:31.646Z,6.263,-0.05594794824719429,-0.10194290429353714,-1.022778868675232
1614096828792,2021-02-23T16:15:31.661Z,6.302,-0.05326240137219429,-0.10291946679353714,-1.025708556175232
1614096828832,2021-02-23T16:15:31.676Z,6.342,-0.05472724512219429,-0.10194290429353714,-1.024487853050232
1614096828872,2021-02-23T16:15:31.705Z,6.382,-0.05277412012219429,-0.10121048241853714,-1.026196837425232
1614096828911,2021-02-23T16:15:31.707Z,6.421,-0.05545966699719429,-0.10121048241853714,-1.027905821800232
1614096828951,2021-02-23T16:15:31.722Z,6.461,-0.05350654199719429,-0.10121048241853714,-1.023755431175232
1614096828990,2021-02-23T16:15:31.751Z,6.5,-0.05570380762219429,-0.10047806054353714,-1.026685118675232
1614096829028,2021-02-23T16:15:31.796Z,6.538,-0.05521552637219429,-0.09998977929353714,-1.024976134300232
1614096829068,2021-02-23T16:15:31.810Z,6.578,-0.05448310449719429,-0.10121048241853714,-1.025464415550232
1614096829107,2021-02-23T16:15:31.825Z,6.617,-0.05472724512219429,-0.10291946679353714,-1.025708556175232
1614096829147,2021-02-23T16:15:31.827Z,6.657,-0.05448310449719429,-0.10169876366853714,-1.024731993675232
1614096829186,2021-02-23T16:15:31.856Z,6.696,-0.05497138574719429,-0.10096634179353714,-1.027417540550232
1614096829226,2021-02-23T16:15:31.901Z,6.736,-0.05423896387219429,-0.10096634179353714,-1.025952696800232
1614096829266,2021-02-23T16:15:31.916Z,6.776,-0.05423896387219429,-0.10145462304353714,-1.025708556175232
1614096829305,2021-02-23T16:15:31.931Z,6.815,-0.05545966699719429,-0.10194290429353714,-1.026440978050232
1614096829343,2021-02-23T16:15:31.932Z,6.853,-0.05375068262219429,-0.09998977929353714,-1.026685118675232
1614096829383,2021-02-23T16:15:31.946Z,6.893,-0.05204169824719429,-0.10023391991853714,-1.023755431175232
1614096829422,2021-02-23T16:15:31.961Z,6.932,-0.05375068262219429,-0.10096634179353714,-1.023755431175232
1614096829462,2021-02-23T16:15:31.990Z,6.972,-0.05497138574719429,-0.09950149804353714,-1.025220274925232
1614096829501,2021-02-23T16:15:31.992Z,7.011,-0.05472724512219429,-0.10169876366853714,-1.027661681175232
1614096829541,2021-02-23T16:15:32.006Z,7.051,-0.05375068262219429,-0.10169876366853714,-1.025220274925232
1614096829581,2021-02-23T16:15:32.022Z,7.091,-0.05423896387219429,-0.10096634179353714,-1.026196837425232
1614096829620,2021-02-23T16:15:32.036Z,7.13,-0.05472724512219429,-0.09852493554353714,-1.025220274925232
1614096829658,2021-02-23T16:15:32.050Z,7.168,-0.05570380762219429,-0.10121048241853714,-1.025220274925232
1614096829698,2021-02-23T16:15:32.052Z,7.208,-0.05521552637219429,-0.09779251366853714,-1.024976134300232
1614096829737,2021-02-23T16:15:32.067Z,7.247,-0.05521552637219429,-0.10365188866853714,-1.022290587425232
1614096829777,2021-02-23T16:15:32.096Z,7.287,-0.05350654199719429,-0.10047806054353714,-1.024976134300232
1614096829816,2021-02-23T16:15:32.125Z,7.326,-0.05472724512219429,-0.10096634179353714,-1.024731993675232
1614096829856,2021-02-23T16:15:32.127Z,7.366,-0.05472724512219429,-0.10023391991853714,-1.028149962425232
1614096829895,2021-02-23T16:15:32.142Z,7.405,-0.05472724512219429,-0.10169876366853714,-1.027661681175232
1614096829935,2021-02-23T16:15:32.170Z,7.445,-0.05668037012219429,-0.09998977929353714,-1.026196837425232
1614096829973,2021-02-23T16:15:32.230Z,7.483,-0.05521552637219429,-0.09950149804353714,-1.028394103050232
1614096830013,2021-02-23T16:15:32.232Z,7.523,-0.05472724512219429,-0.10047806054353714,-1.026685118675232
1614096830052,2021-02-23T16:15:32.246Z,7.562,-0.05423896387219429,-0.09950149804353714,-1.028149962425232
1614096830092,2021-02-23T16:15:32.261Z,7.602,-0.05350654199719429,-0.10145462304353714,-1.027661681175232
1614096830131,2021-02-23T16:15:32.276Z,7.641,-0.05545966699719429,-0.09974563866853714,-1.026685118675232
1614096830171,2021-02-23T16:15:32.305Z,7.681,-0.05497138574719429,-0.09828079491853714,-1.022534728050232
1614096830210,2021-02-23T16:15:32.307Z,7.72,-0.05570380762219429,-0.10145462304353714,-1.028394103050232
1614096830250,2021-02-23T16:15:32.336Z,7.76,-0.05472724512219429,-0.10023391991853714,-1.024487853050232
1614096830288,2021-02-23T16:15:32.351Z,7.798,-0.05399482324719429,-0.10047806054353714,-1.025952696800232
1614096830328,2021-02-23T16:15:32.366Z,7.838,-0.05375068262219429,-0.10047806054353714,-1.024976134300232
1614096830367,2021-02-23T16:15:32.380Z,7.877,-0.05521552637219429,-0.10096634179353714,-1.025464415550232
1614096830407,2021-02-23T16:15:32.382Z,7.917,-0.05692451074719429,-0.09950149804353714,-1.027417540550232
1614096830446,2021-02-23T16:15:32.411Z,7.956,-0.05545966699719429,-0.10047806054353714,-1.026196837425232
1614096830486,2021-02-23T16:15:32.441Z,7.996,-0.05399482324719429,-0.09950149804353714,-1.023999571800232
1614096830525,2021-02-23T16:15:32.455Z,8.035,-0.05472724512219429,-0.09950149804353714,-1.026929259300232
1614096830565,2021-02-23T16:15:32.457Z,8.075,-0.05472724512219429,-0.09974563866853714,-1.023999571800232
1614096830603,2021-02-23T16:15:32.472Z,8.113,-0.05326240137219429,-0.10096634179353714,-1.027661681175232
1614096830643,2021-02-23T16:15:32.486Z,8.153,-0.05521552637219429,-0.09925735741853714,-1.024487853050232
1614096830682,2021-02-23T16:15:32.501Z,8.192,-0.05570380762219429,-0.09974563866853714,-1.025220274925232
1614096830722,2021-02-23T16:15:32.515Z,8.232,-0.05643622949719429,-0.09925735741853714,-1.025220274925232
1614096830761,2021-02-23T16:15:32.545Z,8.271,-0.05472724512219429,-0.09876907616853714,-1.025708556175232
1614096830801,2021-02-23T16:15:32.561Z,8.311,-0.05423896387219429,-0.09852493554353714,-1.027417540550232
1614096830840,2021-02-23T16:15:32.576Z,8.35,-0.05375068262219429,-0.10194290429353714,-1.025220274925232
1614096830880,2021-02-23T16:15:32.590Z,8.39,-0.05643622949719429,-0.10096634179353714,-1.025220274925232
1614096830919,2021-02-23T16:15:32.605Z,8.429,-0.05472724512219429,-0.09925735741853714,-1.025708556175232
1614096830957,2021-02-23T16:15:32.607Z,8.467,-0.05423896387219429,-0.10121048241853714,-1.024731993675232
1614096830997,2021-02-23T16:15:32.621Z,8.507,-0.05643622949719429,-0.09974563866853714,-1.024976134300232
1614096831037,2021-02-23T16:15:32.666Z,8.547,-0.05448310449719429,-0.09779251366853714,-1.025220274925232
1614096831076,2021-02-23T16:15:32.681Z,8.586,-0.05619208887219429,-0.09974563866853714,-1.024976134300232
1614096831116,2021-02-23T16:15:32.695Z,8.626,-0.05472724512219429,-0.10023391991853714,-1.024731993675232
1614096831155,2021-02-23T16:15:32.697Z,8.665,-0.05521552637219429,-0.09608352929353714,-1.026685118675232
1614096831195,2021-02-23T16:15:32.725Z,8.705,-0.05472724512219429,-0.10023391991853714,-1.026196837425232
1614096831234,2021-02-23T16:15:32.755Z,8.744,-0.05692451074719429,-0.09828079491853714,-1.023755431175232
1614096831272,2021-02-23T16:15:32.757Z,8.782,-0.05497138574719429,-0.09998977929353714,-1.026929259300232
1614096831312,2021-02-23T16:15:32.786Z,8.822,-0.05497138574719429,-0.09950149804353714,-1.024731993675232
1614096831352,2021-02-23T16:15:32.801Z,8.862,-0.05448310449719429,-0.09925735741853714,-1.025952696800232
1614096831391,2021-02-23T16:15:32.815Z,8.901,-0.05570380762219429,-0.09901321679353714,-1.025464415550232
1614096831431,2021-02-23T16:15:32.817Z,8.941,-0.05350654199719429,-0.10218704491853714,-1.022290587425232
1614096831470,2021-02-23T16:15:32.831Z,8.98,-0.05545966699719429,-0.09925735741853714,-1.024487853050232
1614096831510,2021-02-23T16:15:32.860Z,9.02,-0.05375068262219429,-0.09925735741853714,-1.025952696800232
1614096831548,2021-02-23T16:15:32.862Z,9.058,-0.05472724512219429,-0.09950149804353714,-1.026929259300232
1614096831587,2021-02-23T16:15:32.891Z,9.097,-0.05521552637219429,-0.09876907616853714,-1.024487853050232
1614096831627,2021-02-23T16:15:32.906Z,9.137,-0.05643622949719429,-0.10023391991853714,-1.024976134300232
1614096831666,2021-02-23T16:15:32.921Z,9.176,-0.05448310449719429,-0.09901321679353714,-1.026440978050232
1614096831706,2021-02-23T16:15:32.935Z,9.216,-0.05741279199719429,-0.09852493554353714,-1.026440978050232
1614096831746,2021-02-23T16:15:32.937Z,9.256,-0.05472724512219429,-0.09876907616853714,-1.026196837425232
1614096831785,2021-02-23T16:15:32.951Z,9.295,-0.05375068262219429,-0.09706009179353714,-1.025708556175232
1614096831825,2021-02-23T16:15:32.967Z,9.335,-0.05472724512219429,-0.09876907616853714,-1.025220274925232
1614096831863,2021-02-23T16:15:32.996Z,9.373,-0.05423896387219429,-0.09974563866853714,-1.023511290550232
1614096831902,2021-02-23T16:15:33.010Z,9.412,-0.05472724512219429,-0.09803665429353714,-1.025708556175232
1614096831942,2021-02-23T16:15:33.012Z,9.452,-0.05521552637219429,-0.09901321679353714,-1.024731993675232
1614096831981,2021-02-23T16:15:33.027Z,9.491,-0.05545966699719429,-0.09998977929353714,-1.026440978050232
1614096832021,2021-02-23T16:15:33.056Z,9.531,-0.05741279199719429,-0.09876907616853714,-1.026685118675232
1614096832060,2021-02-23T16:15:33.071Z,9.57,-0.05497138574719429,-0.09901321679353714,-1.025952696800232
1614096832100,2021-02-23T16:15:33.100Z,9.61,-0.05399482324719429,-0.09779251366853714,-1.027905821800232
1614096832140,2021-02-23T16:15:33.115Z,9.65,-0.05521552637219429,-0.09925735741853714,-1.025464415550232
1614096832178,2021-02-23T16:15:33.117Z,9.688,-0.05545966699719429,-0.09876907616853714,-1.025708556175232
1614096832217,2021-02-23T16:15:33.132Z,9.727,-0.05472724512219429,-0.09779251366853714,-1.026685118675232
1614096832257,2021-02-23T16:15:33.161Z,9.767,-0.05643622949719429,-0.09730423241853714,-1.024731993675232
1614096832296,2021-02-23T16:15:33.176Z,9.806,-0.05570380762219429,-0.09803665429353714,-1.025220274925232
1614096832336,2021-02-23T16:15:33.205Z,9.846,-0.05570380762219429,-0.09828079491853714,-1.026685118675232
1614096832375,2021-02-23T16:15:33.207Z,9.885,-0.05399482324719429,-0.09925735741853714,-1.025952696800232
1614096832415,2021-02-23T16:15:33.221Z,9.925,-0.05350654199719429,-0.09852493554353714,-1.024243712425232
1614096832455,2021-02-23T16:15:33.236Z,9.965,-0.05497138574719429,-0.09901321679353714,-1.026440978050232
1614096832493,2021-02-23T16:15:33.251Z,10.003,-0.05472724512219429,-0.09974563866853714,-1.024731993675232
1614096832532,2021-02-23T16:15:33.265Z,10.042,-0.05570380762219429,-0.09803665429353714,-1.024976134300232
1614096832572,2021-02-23T16:15:33.281Z,10.082,-0.05765693262219429,-0.09754837304353714,-1.024487853050232
1614096832611,2021-02-23T16:15:33.311Z,10.121,-0.05277412012219429,-0.09852493554353714,-1.028638243675232
1614096832651,2021-02-23T16:15:33.340Z,10.161,-0.05521552637219429,-0.09925735741853714,-1.026685118675232
1614096832690,2021-02-23T16:15:33.342Z,10.2,-0.05521552637219429,-0.09828079491853714,-1.025708556175232
1614096832730,2021-02-23T16:15:33.356Z,10.24,-0.05594794824719429,-0.09803665429353714,-1.025220274925232
1614096832769,2021-02-23T16:15:33.371Z,10.279,-0.05472724512219429,-0.09828079491853714,-1.026929259300232
1614096832808,2021-02-23T16:15:33.386Z,10.318,-0.05765693262219429,-0.09974563866853714,-1.025952696800232
1614096832847,2021-02-23T16:15:33.400Z,10.357,-0.05545966699719429,-0.09779251366853714,-1.023511290550232
1614096832887,2021-02-23T16:15:33.416Z,10.397,-0.05497138574719429,-0.10047806054353714,-1.023267149925232
1614096832926,2021-02-23T16:15:33.446Z,10.436,-0.05619208887219429,-0.09681595116853714,-1.026685118675232
1614096832966,2021-02-23T16:15:33.476Z,10.476,-0.05545966699719429,-0.09730423241853714,-1.023267149925232
1614096833005,2021-02-23T16:15:33.477Z,10.515,-0.05497138574719429,-0.09852493554353714,-1.026196837425232
1614096833045,2021-02-23T16:15:33.491Z,10.555,-0.05643622949719429,-0.09730423241853714,-1.025464415550232
1614096833084,2021-02-23T16:15:33.552Z,10.594,-0.05619208887219429,-0.09998977929353714,-1.023267149925232
1614096833123,2021-02-23T16:15:33.566Z,10.633,-0.05668037012219429,-0.09925735741853714,-1.027173399925232
1614096833162,2021-02-23T16:15:33.581Z,10.672,-0.05399482324719429,-0.09950149804353714,-1.024487853050232
1614096833202,2021-02-23T16:15:33.596Z,10.712,-0.05619208887219429,-0.09925735741853714,-1.025952696800232
1614096833241,2021-02-23T16:15:33.610Z,10.751,-0.05350654199719429,-0.09950149804353714,-1.023999571800232
1614096833281,2021-02-23T16:15:33.612Z,10.791,-0.05472724512219429,-0.09681595116853714,-1.026196837425232
1614096833320,2021-02-23T16:15:33.627Z,10.83,-0.05716865137219429,-0.09730423241853714,-1.028638243675232
1614096833360,2021-02-23T16:15:33.656Z,10.87,-0.05472724512219429,-0.09706009179353714,-1.025220274925232
1614096833399,2021-02-23T16:15:33.671Z,10.909,-0.05545966699719429,-0.09779251366853714,-1.026929259300232
1614096833437,2021-02-23T16:15:33.685Z,10.947,-0.05570380762219429,-0.09681595116853714,-1.025464415550232
1614096833477,2021-02-23T16:15:33.700Z,10.987,-0.05423896387219429,-0.09828079491853714,-1.026196837425232
1614096833517,2021-02-23T16:15:33.702Z,11.027,-0.05692451074719429,-0.09779251366853714,-1.025220274925232
1614096833556,2021-02-23T16:15:33.717Z,11.066,-0.05521552637219429,-0.09876907616853714,-1.027417540550232
1614096833596,2021-02-23T16:15:33.731Z,11.106,-0.05570380762219429,-0.09681595116853714,-1.025952696800232
1614096833635,2021-02-23T16:15:33.761Z,11.145,-0.05545966699719429,-0.09901321679353714,-1.025952696800232
1614096833675,2021-02-23T16:15:33.775Z,11.185,-0.05448310449719429,-0.09779251366853714,-1.026196837425232
1614096833714,2021-02-23T16:15:33.777Z,11.224,-0.05570380762219429,-0.09803665429353714,-1.026929259300232
1614096833752,2021-02-23T16:15:33.791Z,11.262,-0.05570380762219429,-0.09974563866853714,-1.024976134300232
1614096833792,2021-02-23T16:15:33.806Z,11.302,-0.05838935449719429,-0.09779251366853714,-1.023267149925232
1614096833831,2021-02-23T16:15:33.821Z,11.341,-0.05570380762219429,-0.09852493554353714,-1.026196837425232
1614096833871,2021-02-23T16:15:33.836Z,11.381,-0.05668037012219429,-0.09730423241853714,-1.025220274925232
1614096833911,2021-02-23T16:15:33.866Z,11.421,-0.05643622949719429,-0.09950149804353714,-1.024243712425232
1614096833950,2021-02-23T16:15:33.896Z,11.46,-0.05741279199719429,-0.09803665429353714,-1.025220274925232
1614096833990,2021-02-23T16:15:33.910Z,11.5,-0.05741279199719429,-0.09901321679353714,-1.024243712425232
1614096834029,2021-02-23T16:15:33.912Z,11.539,-0.05838935449719429,-0.09876907616853714,-1.025464415550232
1614096834069,2021-02-23T16:15:33.927Z,11.579,-0.05570380762219429,-0.09608352929353714,-1.027905821800232
1614096834107,2021-02-23T16:15:33.941Z,11.617,-0.05570380762219429,-0.09730423241853714,-1.026440978050232
1614096834146,2021-02-23T16:15:33.971Z,11.656,-0.05692451074719429,-0.09803665429353714,-1.025708556175232
1614096834186,2021-02-23T16:15:34.000Z,11.696,-0.05594794824719429,-0.09681595116853714,-1.027417540550232
1614096834226,2021-02-23T16:15:34.015Z,11.736,-0.05570380762219429,-0.09925735741853714,-1.024487853050232
1614096834265,2021-02-23T16:15:34.017Z,11.775,-0.05668037012219429,-0.09803665429353714,-1.026685118675232
1614096834305,2021-02-23T16:15:34.031Z,11.815,-0.05521552637219429,-0.09535110741853714,-1.025952696800232
1614096834344,2021-02-23T16:15:34.046Z,11.854,-0.05668037012219429,-0.09681595116853714,-1.024243712425232
1614096834382,2021-02-23T16:15:34.061Z,11.892,-0.05716865137219429,-0.09681595116853714,-1.027173399925232
1614096834422,2021-02-23T16:15:34.075Z,11.932,-0.05594794824719429,-0.09657181054353714,-1.025708556175232
1614096834461,2021-02-23T16:15:34.077Z,11.971,-0.05423896387219429,-0.09632766991853714,-1.026196837425232
1614096834501,2021-02-23T16:15:34.106Z,12.011,-0.05594794824719429,-0.09681595116853714,-1.027173399925232
1614096834540,2021-02-23T16:15:34.121Z,12.05,-0.05765693262219429,-0.09706009179353714,-1.026929259300232
1614096834580,2021-02-23T16:15:34.136Z,12.09,-0.05619208887219429,-0.09901321679353714,-1.022534728050232
1614096834620,2021-02-23T16:15:34.150Z,12.13,-0.05643622949719429,-0.09681595116853714,-1.026929259300232
1614096834659,2021-02-23T16:15:34.152Z,12.169,-0.05716865137219429,-0.09754837304353714,-1.026440978050232
1614096834697,2021-02-23T16:15:34.167Z,12.207,-0.05692451074719429,-0.09657181054353714,-1.028882384300232
1614096834737,2021-02-23T16:15:34.181Z,12.247,-0.05521552637219429,-0.09754837304353714,-1.026929259300232
1614096834776,2021-02-23T16:15:34.211Z,12.286,-0.05545966699719429,-0.09632766991853714,-1.026196837425232
1614096834816,2021-02-23T16:15:34.225Z,12.326,-0.05790107324719429,-0.09608352929353714,-1.024731993675232
1614096834855,2021-02-23T16:15:34.240Z,12.365,-0.05545966699719429,-0.09779251366853714,-1.026440978050232
1614096834895,2021-02-23T16:15:34.242Z,12.405,-0.05619208887219429,-0.09852493554353714,-1.024976134300232
1614096834935,2021-02-23T16:15:34.256Z,12.445,-0.05448310449719429,-0.09706009179353714,-1.027417540550232
1614096834974,2021-02-23T16:15:34.271Z,12.484,-0.05472724512219429,-0.09803665429353714,-1.025708556175232
1614096835014,2021-02-23T16:15:34.286Z,12.524,-0.05570380762219429,-0.09852493554353714,-1.024243712425232
1614096835052,2021-02-23T16:15:34.315Z,12.562,-0.05545966699719429,-0.09608352929353714,-1.024976134300232
1614096835091,2021-02-23T16:15:34.317Z,12.601,-0.05497138574719429,-0.09730423241853714,-1.024976134300232
1614096835131,2021-02-23T16:15:34.331Z,12.641,-0.05497138574719429,-0.09998977929353714,-1.025952696800232
1614096835170,2021-02-23T16:15:34.346Z,12.68,-0.05545966699719429,-0.09608352929353714,-1.023511290550232
1614096835210,2021-02-23T16:15:34.361Z,12.72,-0.05497138574719429,-0.09803665429353714,-1.025708556175232
1614096835249,2021-02-23T16:15:34.375Z,12.759,-0.05301826074719429,-0.09754837304353714,-1.029126524925232
1614096835289,2021-02-23T16:15:34.391Z,12.799,-0.05375068262219429,-0.09632766991853714,-1.025464415550232
1614096835329,2021-02-23T16:15:34.406Z,12.839,-0.05301826074719429,-0.09803665429353714,-1.027173399925232
1614096835367,2021-02-23T16:15:34.420Z,12.877,-0.05399482324719429,-0.09998977929353714,-1.025220274925232
1614096835406,2021-02-23T16:15:34.422Z,12.916,-0.05545966699719429,-0.09828079491853714,-1.021802306175232
1614096835446,2021-02-23T16:15:34.436Z,12.956,-0.05375068262219429,-0.09657181054353714,-1.026440978050232
1614096835485,2021-02-23T16:15:34.451Z,12.995,-0.05472724512219429,-0.09657181054353714,-1.023267149925232
1614096835525,2021-02-23T16:15:34.480Z,13.035,-0.05399482324719429,-0.09828079491853714,-1.026440978050232
1614096835564,2021-02-23T16:15:34.482Z,13.074,-0.05619208887219429,-0.09974563866853714,-1.026929259300232
1614096835604,2021-02-23T16:15:34.496Z,13.114,-0.05301826074719429,-0.09779251366853714,-1.025220274925232
1614096835644,2021-02-23T16:15:34.525Z,13.154,-0.05399482324719429,-0.09852493554353714,-1.023267149925232
1614096835682,2021-02-23T16:15:34.527Z,13.192,-0.05399482324719429,-0.09803665429353714,-1.025952696800232
1614096835721,2021-02-23T16:15:34.556Z,13.231,-0.05448310449719429,-0.09803665429353714,-1.027905821800232
1614096835761,2021-02-23T16:15:34.588Z,13.271,-0.05497138574719429,-0.09657181054353714,-1.025708556175232
1614096835800,2021-02-23T16:15:34.601Z,13.31,-0.05326240137219429,-0.09828079491853714,-1.025220274925232
1614096835840,2021-02-23T16:15:34.615Z,13.35,-0.05301826074719429,-0.09828079491853714,-1.025464415550232
1614096835879,2021-02-23T16:15:34.630Z,13.389,-0.05301826074719429,-0.09754837304353714,-1.025220274925232
1614096835919,2021-02-23T16:15:34.633Z,13.429,-0.05375068262219429,-0.09925735741853714,-1.027173399925232
1614096835958,2021-02-23T16:15:34.662Z,13.468,-0.05448310449719429,-0.09754837304353714,-1.025708556175232
1614096835997,2021-02-23T16:15:34.676Z,13.507,-0.05375068262219429,-0.09901321679353714,-1.025952696800232
1614096836036,2021-02-23T16:15:34.691Z,13.546,-0.05423896387219429,-0.09901321679353714,-1.024976134300232
1614096836076,2021-02-23T16:15:34.705Z,13.586,-0.05252997949719429,-0.09925735741853714,-1.025708556175232
1614096836115,2021-02-23T16:15:34.720Z,13.625,-0.05350654199719429,-0.09754837304353714,-1.024487853050232
1614096836155,2021-02-23T16:15:34.766Z,13.665,-0.05594794824719429,-0.09803665429353714,-1.025952696800232
1614096836194,2021-02-23T16:15:34.781Z,13.704,-0.05326240137219429,-0.09779251366853714,-1.028638243675232
1614096836234,2021-02-23T16:15:34.795Z,13.744,-0.05350654199719429,-0.10047806054353714,-1.024487853050232
1614096836273,2021-02-23T16:15:34.797Z,13.783,-0.05375068262219429,-0.10047806054353714,-1.025464415550232
1614096836311,2021-02-23T16:15:34.811Z,13.821,-0.05350654199719429,-0.09974563866853714,-1.023755431175232
1614096836351,2021-02-23T16:15:34.826Z,13.861,-0.05179755762219429,-0.09828079491853714,-1.025952696800232
1614096836391,2021-02-23T16:15:34.841Z,13.901,-0.05448310449719429,-0.09901321679353714,-1.024976134300232
1614096836430,2021-02-23T16:15:34.870Z,13.94,-0.05179755762219429,-0.09803665429353714,-1.026929259300232
1614096836470,2021-02-23T16:15:34.872Z,13.98,-0.05423896387219429,-0.09779251366853714,-1.026929259300232
1614096836509,2021-02-23T16:15:34.887Z,14.019,-0.05448310449719429,-0.09974563866853714,-1.024487853050232
1614096836549,2021-02-23T16:15:34.901Z,14.059,-0.05155341699719429,-0.10096634179353714,-1.024976134300232
1614096836588,2021-02-23T16:15:34.916Z,14.098,-0.05301826074719429,-0.09974563866853714,-1.025464415550232
1614096836626,2021-02-23T16:15:34.930Z,14.136,-0.05423896387219429,-0.09901321679353714,-1.026685118675232
1614096836666,2021-02-23T16:15:34.946Z,14.176,-0.05301826074719429,-0.09974563866853714,-1.024731993675232
1614096836706,2021-02-23T16:15:34.960Z,14.216,-0.05375068262219429,-0.10023391991853714,-1.021802306175232
1614096836745,2021-02-23T16:15:34.975Z,14.255,-0.05350654199719429,-0.09828079491853714,-1.026685118675232
1614096836785,2021-02-23T16:15:34.977Z,14.295,-0.05252997949719429,-0.09950149804353714,-1.024731993675232
1614096836824,2021-02-23T16:15:35.021Z,14.334,-0.05350654199719429,-0.09803665429353714,-1.025464415550232
1614096836864,2021-02-23T16:15:35.036Z,14.374,-0.05448310449719429,-0.09876907616853714,-1.025464415550232
1614096836903,2021-02-23T16:15:35.050Z,14.413,-0.05326240137219429,-0.09925735741853714,-1.025220274925232
1614096836941,2021-02-23T16:15:35.052Z,14.451,-0.05301826074719429,-0.09998977929353714,-1.027173399925232
1614096836981,2021-02-23T16:15:35.082Z,14.491,-0.05326240137219429,-0.09901321679353714,-1.025464415550232
1614096837020,2021-02-23T16:15:35.126Z,14.53,-0.05350654199719429,-0.09901321679353714,-1.026440978050232
1614096837060,2021-02-23T16:15:35.141Z,14.57,-0.05497138574719429,-0.09852493554353714,-1.025952696800232
1614096837100,2021-02-23T16:15:35.156Z,14.61,-0.05497138574719429,-0.10145462304353714,-1.023999571800232
1614096837139,2021-02-23T16:15:35.170Z,14.649,-0.05301826074719429,-0.09876907616853714,-1.025952696800232
1614096837179,2021-02-23T16:15:35.186Z,14.689,-0.05423896387219429,-0.09852493554353714,-1.022778868675232
1614096837218,2021-02-23T16:15:35.215Z,14.728,-0.05301826074719429,-0.09803665429353714,-1.025708556175232
1614096837256,2021-02-23T16:15:35.230Z,14.766,-0.05448310449719429,-0.10072220116853714,-1.025220274925232
1614096837296,2021-02-23T16:15:35.232Z,14.806,-0.05155341699719429,-0.09779251366853714,-1.025952696800232
1614096837335,2021-02-23T16:15:35.246Z,14.845,-0.05375068262219429,-0.09876907616853714,-1.024976134300232
1614096837375,2021-02-23T16:15:35.265Z,14.885,-0.05252997949719429,-0.09950149804353714,-1.025464415550232
1614096837414,2021-02-23T16:15:35.276Z,14.924,-0.05277412012219429,-0.09779251366853714,-1.026196837425232
1614096837454,2021-02-23T16:15:35.290Z,14.964,-0.05326240137219429,-0.10072220116853714,-1.024243712425232
1614096837494,2021-02-23T16:15:35.292Z,15.004,-0.05204169824719429,-0.09876907616853714,-1.024243712425232
1614096837533,2021-02-23T16:15:35.321Z,15.043,-0.05472724512219429,-0.09901321679353714,-1.026685118675232
1614096837571,2021-02-23T16:15:35.336Z,15.081,-0.05228583887219429,-0.09901321679353714,-1.025708556175232
1614096837611,2021-02-23T16:15:35.351Z,15.121,-0.05252997949719429,-0.10072220116853714,-1.026196837425232
1614096837650,2021-02-23T16:15:35.365Z,15.16,-0.05301826074719429,-0.09852493554353714,-1.025220274925232
1614096837690,2021-02-23T16:15:35.367Z,15.2,-0.05375068262219429,-0.10047806054353714,-1.027417540550232
1614096837729,2021-02-23T16:15:35.382Z,15.239,-0.05326240137219429,-0.10047806054353714,-1.025708556175232
1614096837769,2021-02-23T16:15:35.396Z,15.279,-0.05082099512219429,-0.09998977929353714,-1.023755431175232
1614096837809,2021-02-23T16:15:35.426Z,15.319,-0.05301826074719429,-0.10072220116853714,-1.024731993675232
1614096837848,2021-02-23T16:15:35.440Z,15.358,-0.05228583887219429,-0.10145462304353714,-1.024976134300232
1614096837886,2021-02-23T16:15:35.457Z,15.396,-0.05277412012219429,-0.10023391991853714,-1.026440978050232
1614096837926,2021-02-23T16:15:35.471Z,15.436,-0.05399482324719429,-0.10072220116853714,-1.024487853050232
1614096837965,2021-02-23T16:15:35.486Z,15.475,-0.05204169824719429,-0.10023391991853714,-1.024731993675232
1614096838005,2021-02-23T16:15:35.502Z,15.515,-0.05399482324719429,-0.09974563866853714,-1.023267149925232
1614096838044,2021-02-23T16:15:35.532Z,15.554,-0.05252997949719429,-0.10023391991853714,-1.023755431175232
1614096838084,2021-02-23T16:15:35.546Z,15.594,-0.04960029199719429,-0.09998977929353714,-1.023267149925232
1614096838123,2021-02-23T16:15:35.560Z,15.633,-0.05448310449719429,-0.09925735741853714,-1.025952696800232
1614096838163,2021-02-23T16:15:35.562Z,15.673,-0.05326240137219429,-0.09998977929353714,-1.023755431175232
1614096838201,2021-02-23T16:15:35.590Z,15.711,-0.05350654199719429,-0.09950149804353714,-1.025708556175232
1614096838241,2021-02-23T16:15:35.592Z,15.751,-0.05252997949719429,-0.09998977929353714,-1.024731993675232
1614096838280,2021-02-23T16:15:35.606Z,15.79,-0.05545966699719429,-0.10072220116853714,-1.025708556175232
1614096838320,2021-02-23T16:15:35.636Z,15.83,-0.05252997949719429,-0.09803665429353714,-1.025464415550232
1614096838359,2021-02-23T16:15:35.680Z,15.869,-0.05399482324719429,-0.09974563866853714,-1.027173399925232
1614096838399,2021-02-23T16:15:35.682Z,15.909,-0.05399482324719429,-0.10072220116853714,-1.024976134300232
1614096838438,2021-02-23T16:15:35.696Z,15.948,-0.05301826074719429,-0.09876907616853714,-1.025952696800232
1614096838478,2021-02-23T16:15:35.711Z,15.988,-0.05301826074719429,-0.10047806054353714,-1.026440978050232
1614096838516,2021-02-23T16:15:35.726Z,16.026,-0.05497138574719429,-0.09950149804353714,-1.023999571800232
1614096838556,2021-02-23T16:15:35.742Z,16.066,-0.05326240137219429,-0.09974563866853714,-1.026685118675232
1614096838595,2021-02-23T16:15:35.771Z,16.105,-0.05399482324719429,-0.09852493554353714,-1.026440978050232
1614096838635,2021-02-23T16:15:35.785Z,16.145,-0.05228583887219429,-0.09950149804353714,-1.025464415550232
1614096838674,2021-02-23T16:15:35.800Z,16.184,-0.05301826074719429,-0.09901321679353714,-1.024976134300232
1614096838714,2021-02-23T16:15:35.802Z,16.224,-0.05277412012219429,-0.09950149804353714,-1.026440978050232
1614096838753,2021-02-23T16:15:35.816Z,16.263,-0.05301826074719429,-0.09998977929353714,-1.026929259300232
1614096838793,2021-02-23T16:15:35.846Z,16.303,-0.05204169824719429,-0.09925735741853714,-1.023755431175232
1614096838831,2021-02-23T16:15:35.905Z,16.341,-0.05326240137219429,-0.10023391991853714,-1.026929259300232
1614096838871,2021-02-23T16:15:35.907Z,16.381,-0.05082099512219429,-0.10145462304353714,-1.027173399925232
1614096838910,2021-02-23T16:15:35.921Z,16.42,-0.05301826074719429,-0.09754837304353714,-1.024976134300232
1614096838950,2021-02-23T16:15:35.936Z,16.46,-0.05228583887219429,-0.10072220116853714,-1.025464415550232
1614096838989,2021-02-23T16:15:35.951Z,16.499,-0.05204169824719429,-0.09998977929353714,-1.025220274925232
1614096839029,2021-02-23T16:15:35.980Z,16.539,-0.05301826074719429,-0.09925735741853714,-1.026196837425232
1614096839068,2021-02-23T16:15:35.982Z,16.578,-0.05301826074719429,-0.09950149804353714,-1.026196837425232
1614096839108,2021-02-23T16:15:35.997Z,16.618,-0.05326240137219429,-0.09828079491853714,-1.025708556175232
1614096839146,2021-02-23T16:15:36.011Z,16.656,-0.05301826074719429,-0.09998977929353714,-1.026196837425232
1614096839185,2021-02-23T16:15:36.026Z,16.695,-0.05423896387219429,-0.09998977929353714,-1.024731993675232
1614096839225,2021-02-23T16:15:36.040Z,16.735,-0.05350654199719429,-0.09998977929353714,-1.025952696800232
1614096839265,2021-02-23T16:15:36.086Z,16.775,-0.05472724512219429,-0.09852493554353714,-1.027173399925232
1614096839304,2021-02-23T16:15:36.101Z,16.814,-0.05350654199719429,-0.09876907616853714,-1.025464415550232
1614096839344,2021-02-23T16:15:36.115Z,16.854,-0.05399482324719429,-0.10096634179353714,-1.022778868675232
1614096839383,2021-02-23T16:15:36.130Z,16.893,-0.05277412012219429,-0.09974563866853714,-1.024487853050232
1614096839423,2021-02-23T16:15:36.132Z,16.933,-0.05301826074719429,-0.09950149804353714,-1.026196837425232
1614096839461,2021-02-23T16:15:36.146Z,16.971,-0.05350654199719429,-0.10096634179353714,-1.026929259300232
1614096839500,2021-02-23T16:15:36.161Z,17.01,-0.05082099512219429,-0.09998977929353714,-1.024487853050232
1614096839540,2021-02-23T16:15:36.176Z,17.05,-0.05204169824719429,-0.09950149804353714,-1.025952696800232
1614096839580,2021-02-23T16:15:36.191Z,17.09,-0.05399482324719429,-0.10047806054353714,-1.024487853050232
1614096839619,2021-02-23T16:15:36.221Z,17.129,-0.05252997949719429,-0.10096634179353714,-1.024976134300232
1614096839659,2021-02-23T16:15:36.235Z,17.169,-0.05545966699719429,-0.09828079491853714,-1.025952696800232
1614096839698,2021-02-23T16:15:36.250Z,17.208,-0.05521552637219429,-0.09925735741853714,-1.024731993675232
1614096839738,2021-02-23T16:15:36.252Z,17.248,-0.05326240137219429,-0.10023391991853714,-1.026196837425232
1614096839776,2021-02-23T16:15:36.266Z,17.286,-0.05228583887219429,-0.09998977929353714,-1.025464415550232
1614096839815,2021-02-23T16:15:36.296Z,17.325,-0.05106513574719429,-0.10096634179353714,-1.023755431175232
1614096839855,2021-02-23T16:15:36.326Z,17.365,-0.05301826074719429,-0.09998977929353714,-1.025464415550232
1614096839894,2021-02-23T16:15:36.340Z,17.404,-0.05155341699719429,-0.09950149804353714,-1.027417540550232
1614096839934,2021-02-23T16:15:36.342Z,17.444,-0.05204169824719429,-0.10169876366853714,-1.026440978050232
1614096839974,2021-02-23T16:15:36.357Z,17.484,-0.05057685449719429,-0.09876907616853714,-1.025464415550232
1614096840013,2021-02-23T16:15:36.371Z,17.523,-0.05326240137219429,-0.10047806054353714,-1.025220274925232
1614096840053,2021-02-23T16:15:36.386Z,17.563,-0.05277412012219429,-0.10047806054353714,-1.023511290550232
1614096840091,2021-02-23T16:15:36.400Z,17.601,-0.05179755762219429,-0.10096634179353714,-1.024243712425232
1614096840130,2021-02-23T16:15:36.430Z,17.64,-0.05326240137219429,-0.10121048241853714,-1.025220274925232
1614096840170,2021-02-23T16:15:36.432Z,17.68,-0.05277412012219429,-0.10072220116853714,-1.024243712425232
1614096840209,2021-02-23T16:15:36.446Z,17.719,-0.05252997949719429,-0.10023391991853714,-1.023755431175232
1614096840249,2021-02-23T16:15:36.461Z,17.759,-0.05057685449719429,-0.10316360741853714,-1.025708556175232
1614096840289,2021-02-23T16:15:36.476Z,17.799,-0.05301826074719429,-0.10047806054353714,-1.024731993675232
1614096840328,2021-02-23T16:15:36.477Z,17.838,-0.05326240137219429,-0.09950149804353714,-1.024487853050232
1614096840368,2021-02-23T16:15:36.491Z,17.878,-0.05277412012219429,-0.10121048241853714,-1.023755431175232
1614096840406,2021-02-23T16:15:36.506Z,17.916,-0.05423896387219429,-0.10218704491853714,-1.025464415550232
1614096840445,2021-02-23T16:15:36.536Z,17.955,-0.05252997949719429,-0.10121048241853714,-1.024731993675232
1614096840485,2021-02-23T16:15:36.550Z,17.995,-0.05375068262219429,-0.10243118554353714,-1.023999571800232
1614096840524,2021-02-23T16:15:36.552Z,18.034,-0.05497138574719429,-0.10340774804353714,-1.025952696800232
1614096840564,2021-02-23T16:15:36.566Z,18.074,-0.05326240137219429,-0.10316360741853714,-1.024976134300232
1614096840603,2021-02-23T16:15:36.581Z,18.113,-0.05472724512219429,-0.10243118554353714,-1.025952696800232
1614096840643,2021-02-23T16:15:36.596Z,18.153,-0.05375068262219429,-0.09998977929353714,-1.026685118675232
1614096840683,2021-02-23T16:15:36.611Z,18.193,-0.05252997949719429,-0.10243118554353714,-1.027417540550232
1614096840721,2021-02-23T16:15:36.640Z,18.231,-0.05204169824719429,-0.10218704491853714,-1.026685118675232
1614096840760,2021-02-23T16:15:36.670Z,18.27,-0.05521552637219429,-0.10218704491853714,-1.024976134300232
1614096840800,2021-02-23T16:15:36.672Z,18.31,-0.05423896387219429,-0.10169876366853714,-1.026196837425232
1614096840839,2021-02-23T16:15:36.686Z,18.349,-0.05399482324719429,-0.10169876366853714,-1.027661681175232
1614096840879,2021-02-23T16:15:36.701Z,18.389,-0.05375068262219429,-0.10267532616853714,-1.026440978050232
1614096840918,2021-02-23T16:15:36.716Z,18.428,-0.05472724512219429,-0.09998977929353714,-1.027905821800232
1614096840958,2021-02-23T16:15:36.745Z,18.468,-0.05423896387219429,-0.10096634179353714,-1.025220274925232
1614096840998,2021-02-23T16:15:36.747Z,18.508,-0.05350654199719429,-0.10072220116853714,-1.027173399925232
1614096841036,2021-02-23T16:15:36.778Z,18.546,-0.05643622949719429,-0.10121048241853714,-1.024731993675232
1614096841075,2021-02-23T16:15:36.791Z,18.585,-0.05570380762219429,-0.10194290429353714,-1.027905821800232
1614096841115,2021-02-23T16:15:36.806Z,18.625,-0.05448310449719429,-0.10194290429353714,-1.027173399925232
1614096841154,2021-02-23T16:15:36.820Z,18.664,-0.05545966699719429,-0.10218704491853714,-1.024731993675232
1614096841194,2021-02-23T16:15:36.836Z,18.704,-0.05570380762219429,-0.10218704491853714,-1.022778868675232
1614096841233,2021-02-23T16:15:36.851Z,18.743,-0.05423896387219429,-0.10047806054353714,-1.023755431175232
1614096841273,2021-02-23T16:15:36.880Z,18.783,-0.05497138574719429,-0.10218704491853714,-1.025464415550232
1614096841312,2021-02-23T16:15:36.882Z,18.822,-0.05252997949719429,-0.10121048241853714,-1.022778868675232
1614096841351,2021-02-23T16:15:36.896Z,18.861,-0.05326240137219429,-0.09950149804353714,-1.024731993675232
1614096841390,2021-02-23T16:15:36.911Z,18.9,-0.05375068262219429,-0.10194290429353714,-1.025220274925232
1614096841430,2021-02-23T16:15:36.941Z,18.94,-0.05472724512219429,-0.10121048241853714,-1.025708556175232
1614096841469,2021-02-23T16:15:36.955Z,18.979,-0.05545966699719429,-0.10072220116853714,-1.024243712425232
1614096841509,2021-02-23T16:15:36.957Z,19.019,-0.05521552637219429,-0.10072220116853714,-1.024243712425232
1614096841548,2021-02-23T16:15:36.987Z,19.058,-0.05252997949719429,-0.10243118554353714,-1.027905821800232
1614096841588,2021-02-23T16:15:37.001Z,19.098,-0.05423896387219429,-0.10121048241853714,-1.023267149925232
1614096841627,2021-02-23T16:15:37.016Z,19.137,-0.05545966699719429,-0.10096634179353714,-1.026685118675232
1614096841665,2021-02-23T16:15:37.045Z,19.175,-0.05619208887219429,-0.10072220116853714,-1.025952696800232
1614096841705,2021-02-23T16:15:37.060Z,19.215,-0.05423896387219429,-0.10096634179353714,-1.025464415550232
1614096841745,2021-02-23T16:15:37.062Z,19.255,-0.05692451074719429,-0.10096634179353714,-1.025220274925232
1614096841784,2021-02-23T16:15:37.092Z,19.294,-0.05594794824719429,-0.10145462304353714,-1.023999571800232
1614096841824,2021-02-23T16:15:37.106Z,19.334,-0.05326240137219429,-0.10096634179353714,-1.027173399925232
1614096841863,2021-02-23T16:15:37.121Z,19.373,-0.05545966699719429,-0.10243118554353714,-1.023023009300232
1614096841903,2021-02-23T16:15:37.150Z,19.413,-0.05570380762219429,-0.10316360741853714,-1.026685118675232
1614096841942,2021-02-23T16:15:37.166Z,19.452,-0.05399482324719429,-0.10291946679353714,-1.024731993675232
1614096841980,2021-02-23T16:15:37.195Z,19.49,-0.05399482324719429,-0.10121048241853714,-1.026929259300232
1614096842020,2021-02-23T16:15:37.210Z,19.53,-0.05570380762219429,-0.09901321679353714,-1.024243712425232
1614096842060,2021-02-23T16:15:37.212Z,19.57,-0.05423896387219429,-0.10169876366853714,-1.025464415550232
1614096842099,2021-02-23T16:15:37.226Z,19.609,-0.05521552637219429,-0.10096634179353714,-1.024731993675232
1614096842139,2021-02-23T16:15:37.256Z,19.649,-0.05521552637219429,-0.10023391991853714,-1.023755431175232
1614096842178,2021-02-23T16:15:37.271Z,19.688,-0.05545966699719429,-0.10218704491853714,-1.026440978050232
1614096842218,2021-02-23T16:15:37.285Z,19.728,-0.05423896387219429,-0.10121048241853714,-1.025708556175232
1614096842257,2021-02-23T16:15:37.301Z,19.767,-0.05448310449719429,-0.09974563866853714,-1.027173399925232
1614096842295,2021-02-23T16:15:37.331Z,19.805,-0.05594794824719429,-0.10145462304353714,-1.024487853050232
1614096842335,2021-02-23T16:15:37.346Z,19.845,-0.05423896387219429,-0.10023391991853714,-1.025708556175232
1614096842374,2021-02-23T16:15:37.376Z,19.884,-0.05741279199719429,-0.09974563866853714,-1.024976134300232
1614096842414,2021-02-23T16:15:37.391Z,19.924,-0.05668037012219429,-0.10023391991853714,-1.024487853050232
1614096842454,2021-02-23T16:15:37.406Z,19.964,-0.05668037012219429,-0.09974563866853714,-1.027173399925232
1614096842493,2021-02-23T16:15:37.435Z,20.003,-0.05350654199719429,-0.10072220116853714,-1.027661681175232
1614096842533,2021-02-23T16:15:37.437Z,20.043,-0.05521552637219429,-0.09632766991853714,-1.024487853050232
1614096842571,2021-02-23T16:15:37.452Z,20.081,-0.05668037012219429,-0.09998977929353714,-1.023511290550232
1614096842610,2021-02-23T16:15:37.466Z,20.12,-0.05692451074719429,-0.09925735741853714,-1.023755431175232
1614096842650,2021-02-23T16:15:37.481Z,20.16,-0.05472724512219429,-0.09876907616853714,-1.027905821800232
1614096842689,2021-02-23T16:15:37.496Z,20.199,-0.05521552637219429,-0.09876907616853714,-1.025708556175232
1614096842729,2021-02-23T16:15:37.510Z,20.239,-0.05619208887219429,-0.09754837304353714,-1.028394103050232
1614096842769,2021-02-23T16:15:37.512Z,20.279,-0.05570380762219429,-0.09803665429353714,-1.025708556175232
1614096842808,2021-02-23T16:15:37.541Z,20.318,-0.05545966699719429,-0.09803665429353714,-1.025952696800232
1614096842848,2021-02-23T16:15:37.556Z,20.358,-0.05643622949719429,-0.09779251366853714,-1.024487853050232
1614096842886,2021-02-23T16:15:37.571Z,20.396,-0.05643622949719429,-0.09828079491853714,-1.024487853050232
1614096842925,2021-02-23T16:15:37.585Z,20.435,-0.05545966699719429,-0.09754837304353714,-1.026929259300232
1614096842965,2021-02-23T16:15:37.587Z,20.475,-0.05545966699719429,-0.09754837304353714,-1.024731993675232
1614096843004,2021-02-23T16:15:37.602Z,20.514,-0.05668037012219429,-0.09730423241853714,-1.026929259300232
1614096843044,2021-02-23T16:15:37.617Z,20.554,-0.05668037012219429,-0.09754837304353714,-1.025952696800232
1614096843083,2021-02-23T16:15:37.646Z,20.593,-0.05594794824719429,-0.09706009179353714,-1.022778868675232
1614096843123,2021-02-23T16:15:37.660Z,20.633,-0.05472724512219429,-0.09779251366853714,-1.028638243675232
1614096843163,2021-02-23T16:15:37.675Z,20.673,-0.05692451074719429,-0.09901321679353714,-1.024731993675232
1614096843201,2021-02-23T16:15:37.677Z,20.711,-0.05545966699719429,-0.09779251366853714,-1.026440978050232
1614096843240,2021-02-23T16:15:37.691Z,20.75,-0.05619208887219429,-0.09681595116853714,-1.025464415550232
1614096843280,2021-02-23T16:15:37.706Z,20.79,-0.05643622949719429,-0.09852493554353714,-1.026196837425232
1614096843319,2021-02-23T16:15:37.722Z,20.829,-0.05814521387219429,-0.09730423241853714,-1.025708556175232
1614096843359,2021-02-23T16:15:37.751Z,20.869,-0.05692451074719429,-0.09730423241853714,-1.023023009300232
1614096843398,2021-02-23T16:15:37.766Z,20.908,-0.05643622949719429,-0.09925735741853714,-1.026440978050232
1614096843438,2021-02-23T16:15:37.780Z,20.948,-0.05668037012219429,-0.09852493554353714,-1.026685118675232
1614096843477,2021-02-23T16:15:37.795Z,20.987,-0.05619208887219429,-0.09706009179353714,-1.024243712425232
1614096843516,2021-02-23T16:15:37.797Z,21.026,-0.05838935449719429,-0.09706009179353714,-1.027417540550232
1614096843555,2021-02-23T16:15:37.811Z,21.065,-0.05521552637219429,-0.09657181054353714,-1.024976134300232
1614096843595,2021-02-23T16:15:37.826Z,21.105,-0.05594794824719429,-0.09828079491853714,-1.024731993675232
1614096843634,2021-02-23T16:15:37.855Z,21.144,-0.05668037012219429,-0.09803665429353714,-1.026440978050232
1614096843674,2021-02-23T16:15:37.857Z,21.184,-0.05545966699719429,-0.09852493554353714,-1.025708556175232
1614096843713,2021-02-23T16:15:37.886Z,21.223,-0.05643622949719429,-0.09730423241853714,-1.026685118675232
1614096843753,2021-02-23T16:15:37.901Z,21.263,-0.05716865137219429,-0.09730423241853714,-1.027905821800232
1614096843792,2021-02-23T16:15:37.916Z,21.302,-0.05668037012219429,-0.09730423241853714,-1.025952696800232
1614096843831,2021-02-23T16:15:37.930Z,21.341,-0.05863349512219429,-0.09657181054353714,-1.027173399925232
1614096843870,2021-02-23T16:15:37.932Z,21.38,-0.05814521387219429,-0.09681595116853714,-1.025708556175232
1614096843910,2021-02-23T16:15:37.947Z,21.42,-0.05887763574719429,-0.09754837304353714,-1.027173399925232
1614096843949,2021-02-23T16:15:37.961Z,21.459,-0.05863349512219429,-0.09657181054353714,-1.027661681175232
1614096843989,2021-02-23T16:15:37.990Z,21.499,-0.05838935449719429,-0.09632766991853714,-1.025952696800232
1614096844028,2021-02-23T16:15:37.992Z,21.538,-0.05814521387219429,-0.09657181054353714,-1.027417540550232
1614096844068,2021-02-23T16:15:38.006Z,21.578,-0.05545966699719429,-0.09779251366853714,-1.025952696800232
1614096844107,2021-02-23T16:15:38.021Z,21.617,-0.05643622949719429,-0.09754837304353714,-1.027905821800232
1614096844145,2021-02-23T16:15:38.036Z,21.655,-0.05643622949719429,-0.09730423241853714,-1.027173399925232
1614096844185,2021-02-23T16:15:38.050Z,21.695,-0.05594794824719429,-0.09681595116853714,-1.025464415550232
1614096844225,2021-02-23T16:15:38.052Z,21.735,-0.05838935449719429,-0.09779251366853714,-1.023267149925232
1614096844264,2021-02-23T16:15:38.067Z,21.774,-0.05668037012219429,-0.09657181054353714,-1.023999571800232
1614096844304,2021-02-23T16:15:38.096Z,21.814,-0.05790107324719429,-0.09510696679353714,-1.025464415550232
1614096844343,2021-02-23T16:15:38.111Z,21.853,-0.05472724512219429,-0.09632766991853714,-1.025952696800232
1614096844383,2021-02-23T16:15:38.125Z,21.893,-0.05936591699719429,-0.09632766991853714,-1.025708556175232
1614096844421,2021-02-23T16:15:38.140Z,21.931,-0.05936591699719429,-0.09559524804353714,-1.026196837425232
1614096844460,2021-02-23T16:15:38.142Z,21.97,-0.05545966699719429,-0.09632766991853714,-1.025952696800232
1614096844500,2021-02-23T16:15:38.156Z,22.01,-0.05741279199719429,-0.09852493554353714,-1.025220274925232
1614096844539,2021-02-23T16:15:38.171Z,22.049,-0.05668037012219429,-0.09706009179353714,-1.027173399925232
1614096844579,2021-02-23T16:15:38.201Z,22.089,-0.05863349512219429,-0.09583938866853714,-1.026929259300232
1614096844619,2021-02-23T16:15:38.215Z,22.129,-0.05814521387219429,-0.09632766991853714,-1.026929259300232
1614096844658,2021-02-23T16:15:38.217Z,22.168,-0.05912177637219429,-0.09876907616853714,-1.025220274925232
1614096844698,2021-02-23T16:15:38.231Z,22.208,-0.05545966699719429,-0.09559524804353714,-1.023999571800232
1614096844736,2021-02-23T16:15:38.246Z,22.246,-0.05643622949719429,-0.09535110741853714,-1.024487853050232
1614096844775,2021-02-23T16:15:38.261Z,22.285,-0.05643622949719429,-0.09608352929353714,-1.025708556175232
1614096844815,2021-02-23T16:15:38.277Z,22.325,-0.05716865137219429,-0.09583938866853714,-1.027417540550232
1614096844854,2021-02-23T16:15:38.306Z,22.364,-0.05570380762219429,-0.09608352929353714,-1.024243712425232
1614096844894,2021-02-23T16:15:38.335Z,22.404,-0.05814521387219429,-0.09535110741853714,-1.025708556175232
1614096844934,2021-02-23T16:15:38.351Z,22.444,-0.05619208887219429,-0.09559524804353714,-1.025708556175232
1614096844973,2021-02-23T16:15:38.366Z,22.483,-0.05668037012219429,-0.09632766991853714,-1.027905821800232
1614096845013,2021-02-23T16:15:38.380Z,22.523,-0.05912177637219429,-0.09681595116853714,-1.025708556175232
1614096845051,2021-02-23T16:15:38.395Z,22.561,-0.05790107324719429,-0.09632766991853714,-1.026440978050232
1614096845090,2021-02-23T16:15:38.411Z,22.6,-0.05863349512219429,-0.09559524804353714,-1.027173399925232
1614096845130,2021-02-23T16:15:38.440Z,22.64,-0.05863349512219429,-0.09754837304353714,-1.025952696800232
1614096845169,2021-02-23T16:15:38.442Z,22.679,-0.05716865137219429,-0.09828079491853714,-1.026685118675232
1614096845209,2021-02-23T16:15:38.457Z,22.719,-0.05936591699719429,-0.09803665429353714,-1.026929259300232
1614096845248,2021-02-23T16:15:38.471Z,22.758,-0.05765693262219429,-0.09608352929353714,-1.027173399925232
1614096845288,2021-02-23T16:15:38.486Z,22.798,-0.05838935449719429,-0.09583938866853714,-1.025952696800232
1614096845328,2021-02-23T16:15:38.515Z,22.838,-0.05692451074719429,-0.09608352929353714,-1.024243712425232
1614096845366,2021-02-23T16:15:38.545Z,22.876,-0.05716865137219429,-0.09730423241853714,-1.023511290550232
1614096845405,2021-02-23T16:15:38.547Z,22.915,-0.05838935449719429,-0.09583938866853714,-1.024976134300232
1614096845445,2021-02-23T16:15:38.561Z,22.955,-0.05692451074719429,-0.09681595116853714,-1.025708556175232
1614096845484,2021-02-23T16:15:38.607Z,22.994,-0.05863349512219429,-0.09486282616853714,-1.022534728050232
1614096845524,2021-02-23T16:15:38.621Z,23.034,-0.05594794824719429,-0.09803665429353714,-1.026929259300232
1614096845563,2021-02-23T16:15:38.651Z,23.073,-0.05887763574719429,-0.09706009179353714,-1.024976134300232
1614096845603,2021-02-23T16:15:38.666Z,23.113,-0.05692451074719429,-0.09730423241853714,-1.026929259300232
1614096845641,2021-02-23T16:15:38.681Z,23.151,-0.05668037012219429,-0.09632766991853714,-1.027417540550232
1614096845681,2021-02-23T16:15:38.696Z,23.191,-0.05668037012219429,-0.09608352929353714,-1.026685118675232
1614096845720,2021-02-23T16:15:38.711Z,23.23,-0.05716865137219429,-0.09437454491853714,-1.027417540550232
1614096845760,2021-02-23T16:15:38.725Z,23.27,-0.05790107324719429,-0.09681595116853714,-1.025220274925232
1614096845799,2021-02-23T16:15:38.727Z,23.309,-0.05765693262219429,-0.09779251366853714,-1.025952696800232
1614096845839,2021-02-23T16:15:38.756Z,23.349,-0.05790107324719429,-0.09632766991853714,-1.027417540550232
1614096845878,2021-02-23T16:15:38.771Z,23.388,-0.05668037012219429,-0.09706009179353714,-1.024243712425232
1614096845918,2021-02-23T16:15:38.786Z,23.428,-0.05838935449719429,-0.09486282616853714,-1.026196837425232
1614096845956,2021-02-23T16:15:38.800Z,23.466,-0.05692451074719429,-0.09583938866853714,-1.027905821800232
1614096845996,2021-02-23T16:15:38.802Z,23.506,-0.05619208887219429,-0.09608352929353714,-1.026440978050232
1614096846035,2021-02-23T16:15:38.831Z,23.545,-0.05887763574719429,-0.09632766991853714,-1.026440978050232
1614096846075,2021-02-23T16:15:38.860Z,23.585,-0.05961005762219429,-0.09803665429353714,-1.027173399925232
1614096846114,2021-02-23T16:15:38.862Z,23.624,-0.05814521387219429,-0.09364212304353714,-1.023267149925232
1614096846154,2021-02-23T16:15:38.877Z,23.664,-0.05692451074719429,-0.09486282616853714,-1.024731993675232
1614096846193,2021-02-23T16:15:38.891Z,23.703,-0.05863349512219429,-0.09535110741853714,-1.025708556175232
1614096846233,2021-02-23T16:15:38.906Z,23.743,-0.05790107324719429,-0.09730423241853714,-1.027417540550232
1614096846271,2021-02-23T16:15:38.920Z,23.781,-0.05887763574719429,-0.09535110741853714,-1.024243712425232
1614096846310,2021-02-23T16:15:38.922Z,23.82,-0.05887763574719429,-0.09486282616853714,-1.025708556175232
1614096846350,2021-02-23T16:15:38.937Z,23.86,-0.05692451074719429,-0.09461868554353714,-1.024976134300232
1614096846390,2021-02-23T16:15:38.965Z,23.9,-0.05814521387219429,-0.09632766991853714,-1.025220274925232
1614096846429,2021-02-23T16:15:38.967Z,23.939,-0.05912177637219429,-0.09632766991853714,-1.024243712425232
1614096846469,2021-02-23T16:15:39.010Z,23.979,-0.05716865137219429,-0.09608352929353714,-1.027417540550232
1614096846508,2021-02-23T16:15:39.025Z,24.018,-0.05814521387219429,-0.09437454491853714,-1.028882384300232
1614096846548,2021-02-23T16:15:39.027Z,24.058,-0.05790107324719429,-0.09437454491853714,-1.027173399925232
1614096846586,2021-02-23T16:15:39.041Z,24.096,-0.05887763574719429,-0.09803665429353714,-1.024976134300232
1614096846625,2021-02-23T16:15:39.056Z,24.135,-0.05716865137219429,-0.09486282616853714,-1.025708556175232
1614096846665,2021-02-23T16:15:39.071Z,24.175,-0.05741279199719429,-0.09583938866853714,-1.028882384300232
1614096846705,2021-02-23T16:15:39.115Z,24.215,-0.05668037012219429,-0.09559524804353714,-1.027417540550232
1614096846744,2021-02-23T16:15:39.117Z,24.254,-0.05668037012219429,-0.09510696679353714,-1.025464415550232
1614096846784,2021-02-23T16:15:39.131Z,24.294,-0.05692451074719429,-0.09583938866853714,-1.025952696800232
1614096846823,2021-02-23T16:15:39.146Z,24.333,-0.05887763574719429,-0.09632766991853714,-1.023999571800232
1614096846863,2021-02-23T16:15:39.161Z,24.373,-0.05741279199719429,-0.09486282616853714,-1.025952696800232
1614096846901,2021-02-23T16:15:39.175Z,24.411,-0.05838935449719429,-0.09388626366853714,-1.023267149925232
1614096846940,2021-02-23T16:15:39.177Z,24.45,-0.05765693262219429,-0.09632766991853714,-1.025220274925232
1614096846980,2021-02-23T16:15:39.222Z,24.49,-0.05692451074719429,-0.09632766991853714,-1.023267149925232
1614096847019,2021-02-23T16:15:39.236Z,24.529,-0.05814521387219429,-0.09583938866853714,-1.028638243675232
1614096847059,2021-02-23T16:15:39.251Z,24.569,-0.05619208887219429,-0.09510696679353714,-1.024976134300232
1614096847099,2021-02-23T16:15:39.265Z,24.609,-0.05814521387219429,-0.09657181054353714,-1.025708556175232
1614096847138,2021-02-23T16:15:39.280Z,24.648,-0.05814521387219429,-0.09461868554353714,-1.026196837425232
1614096847176,2021-02-23T16:15:39.282Z,24.686,-0.05814521387219429,-0.09486282616853714,-1.024731993675232
1614096847216,2021-02-23T16:15:39.311Z,24.726,-0.05741279199719429,-0.09583938866853714,-1.026685118675232
1614096847255,2021-02-23T16:15:39.326Z,24.765,-0.05619208887219429,-0.09486282616853714,-1.026929259300232
1614096847295,2021-02-23T16:15:39.341Z,24.805,-0.05643622949719429,-0.09681595116853714,-1.024731993675232
1614096847334,2021-02-23T16:15:39.355Z,24.844,-0.05887763574719429,-0.09486282616853714,-1.027417540550232
1614096847374,2021-02-23T16:15:39.357Z,24.884,-0.05643622949719429,-0.09535110741853714,-1.023755431175232
1614096847414,2021-02-23T16:15:39.385Z,24.924,-0.05838935449719429,-0.09632766991853714,-1.024731993675232
1614096847453,2021-02-23T16:15:39.415Z,24.963,-0.05814521387219429,-0.09608352929353714,-1.024243712425232
1614096847491,2021-02-23T16:15:39.417Z,25.001,-0.05887763574719429,-0.09510696679353714,-1.028394103050232
1614096847531,2021-02-23T16:15:39.431Z,25.041,-0.05936591699719429,-0.09437454491853714,-1.026196837425232
1614096847570,2021-02-23T16:15:39.446Z,25.08,-0.05643622949719429,-0.09535110741853714,-1.025464415550232
1614096847610,2021-02-23T16:15:39.461Z,25.12,-0.05668037012219429,-0.09486282616853714,-1.027173399925232
1614096847649,2021-02-23T16:15:39.476Z,25.159,-0.05912177637219429,-0.09632766991853714,-1.024243712425232
1614096847689,2021-02-23T16:15:39.490Z,25.199,-0.05863349512219429,-0.09754837304353714,-1.025464415550232
1614096847728,2021-02-23T16:15:39.492Z,25.238,-0.05790107324719429,-0.09583938866853714,-1.025708556175232
1614096847768,2021-02-23T16:15:39.522Z,25.278,-0.06034247949719429,-0.09706009179353714,-1.027173399925232
1614096847806,2021-02-23T16:15:39.551Z,25.316,-0.05814521387219429,-0.09583938866853714,-1.026196837425232
1614096847846,2021-02-23T16:15:39.566Z,25.356,-0.05814521387219429,-0.09608352929353714,-1.025220274925232
1614096847885,2021-02-23T16:15:39.580Z,25.395,-0.05887763574719429,-0.09559524804353714,-1.026929259300232
1614096847925,2021-02-23T16:15:39.595Z,25.435,-0.05668037012219429,-0.09437454491853714,-1.027173399925232
1614096847964,2021-02-23T16:15:39.611Z,25.474,-0.05790107324719429,-0.09461868554353714,-1.025952696800232
1614096848004,2021-02-23T16:15:39.626Z,25.514,-0.05838935449719429,-0.09486282616853714,-1.023511290550232
1614096848043,2021-02-23T16:15:39.655Z,25.553,-0.05838935449719429,-0.09510696679353714,-1.024731993675232
1614096848083,2021-02-23T16:15:39.670Z,25.593,-0.05716865137219429,-0.09486282616853714,-1.025464415550232
1614096848121,2021-02-23T16:15:39.672Z,25.631,-0.05741279199719429,-0.09583938866853714,-1.024976134300232
1614096848161,2021-02-23T16:15:39.686Z,25.671,-0.06058662012219429,-0.09681595116853714,-1.025464415550232
1614096848200,2021-02-23T16:15:39.701Z,25.71,-0.05985419824719429,-0.09583938866853714,-1.026196837425232
1614096848240,2021-02-23T16:15:39.716Z,25.75,-0.05790107324719429,-0.09437454491853714,-1.025464415550232
1614096848279,2021-02-23T16:15:39.730Z,25.789,-0.05790107324719429,-0.09535110741853714,-1.022778868675232
1614096848319,2021-02-23T16:15:39.732Z,25.829,-0.06107490137219429,-0.09461868554353714,-1.025708556175232
1614096848358,2021-02-23T16:15:39.761Z,25.868,-0.05863349512219429,-0.09461868554353714,-1.025464415550232
1614096848396,2021-02-23T16:15:39.777Z,25.906,-0.05887763574719429,-0.09535110741853714,-1.026196837425232
1614096848436,2021-02-23T16:15:39.791Z,25.946,-0.05863349512219429,-0.09437454491853714,-1.026196837425232
1614096848476,2021-02-23T16:15:39.805Z,25.986,-0.05912177637219429,-0.09486282616853714,-1.025220274925232
1614096848515,2021-02-23T16:15:39.820Z,26.025,-0.05863349512219429,-0.09583938866853714,-1.025952696800232
1614096848555,2021-02-23T16:15:39.835Z,26.065,-0.05838935449719429,-0.09535110741853714,-1.027417540550232
1614096848594,2021-02-23T16:15:39.895Z,26.104,-0.06009833887219429,-0.09583938866853714,-1.023511290550232
1614096848634,2021-02-23T16:15:39.910Z,26.144,-0.05936591699719429,-0.09510696679353714,-1.026685118675232
1614096848673,2021-02-23T16:15:39.912Z,26.183,-0.06034247949719429,-0.09608352929353714,-1.025708556175232
1614096848711,2021-02-23T16:15:39.940Z,26.221,-0.06009833887219429,-0.09583938866853714,-1.027905821800232
1614096848751,2021-02-23T16:15:39.970Z,26.261,-0.05961005762219429,-0.09657181054353714,-1.023511290550232
1614096848790,2021-02-23T16:15:39.972Z,26.3,-0.05961005762219429,-0.09535110741853714,-1.024487853050232
1614096848830,2021-02-23T16:15:40.001Z,26.34,-0.06058662012219429,-0.09510696679353714,-1.029370665550232
1614096848870,2021-02-23T16:15:40.016Z,26.38,-0.06034247949719429,-0.09339798241853714,-1.021802306175232
1614096848909,2021-02-23T16:15:40.031Z,26.419,-0.06083076074719429,-0.09388626366853714,-1.027173399925232
1614096848949,2021-02-23T16:15:40.045Z,26.459,-0.05887763574719429,-0.09608352929353714,-1.026685118675232
1614096848988,2021-02-23T16:15:40.047Z,26.498,-0.05961005762219429,-0.09364212304353714,-1.028394103050232
1614096849026,2021-02-23T16:15:40.077Z,26.536,-0.06180732324719429,-0.09486282616853714,-1.024487853050232
1614096849066,2021-02-23T16:15:40.107Z,26.576,-0.06034247949719429,-0.09486282616853714,-1.026685118675232
1614096849105,2021-02-23T16:15:40.121Z,26.615,-0.05887763574719429,-0.09290970116853714,-1.025952696800232
1614096849145,2021-02-23T16:15:40.135Z,26.655,-0.06083076074719429,-0.09535110741853714,-1.025464415550232
1614096849185,2021-02-23T16:15:40.137Z,26.695,-0.05814521387219429,-0.09339798241853714,-1.025952696800232
1614096849224,2021-02-23T16:15:40.152Z,26.734,-0.05985419824719429,-0.09315384179353714,-1.028394103050232
1614096849264,2021-02-23T16:15:40.166Z,26.774,-0.05985419824719429,-0.09461868554353714,-1.026440978050232
1614096849303,2021-02-23T16:15:40.181Z,26.813,-0.06131904199719429,-0.09510696679353714,-1.024487853050232
1614096849341,2021-02-23T16:15:40.210Z,26.851,-0.06131904199719429,-0.09486282616853714,-1.028149962425232
1614096849381,2021-02-23T16:15:40.225Z,26.891,-0.05985419824719429,-0.09559524804353714,-1.025220274925232
1614096849420,2021-02-23T16:15:40.227Z,26.93,-0.06180732324719429,-0.09510696679353714,-1.027905821800232
1614096849460,2021-02-23T16:15:40.241Z,26.97,-0.06034247949719429,-0.09315384179353714,-1.030347228050232
1614096849499,2021-02-23T16:15:40.256Z,27.009,-0.06131904199719429,-0.09437454491853714,-1.025220274925232
1614096849539,2021-02-23T16:15:40.271Z,27.049,-0.06009833887219429,-0.09388626366853714,-1.022534728050232
1614096849579,2021-02-23T16:15:40.285Z,27.089,-0.05936591699719429,-0.09486282616853714,-1.026685118675232
1614096849618,2021-02-23T16:15:40.287Z,27.128,-0.06156318262219429,-0.09535110741853714,-1.026440978050232
1614096849656,2021-02-23T16:15:40.316Z,27.166,-0.06131904199719429,-0.09364212304353714,-1.027417540550232
1614096849696,2021-02-23T16:15:40.331Z,27.206,-0.06034247949719429,-0.09413040429353714,-1.025952696800232
1614096849735,2021-02-23T16:15:40.346Z,27.245,-0.06083076074719429,-0.09266556054353714,-1.026685118675232
1614096849775,2021-02-23T16:15:40.360Z,27.285,-0.06083076074719429,-0.09486282616853714,-1.026685118675232
1614096849814,2021-02-23T16:15:40.362Z,27.324,-0.05790107324719429,-0.09510696679353714,-1.024731993675232
1614096849854,2021-02-23T16:15:40.377Z,27.364,-0.06131904199719429,-0.09461868554353714,-1.026929259300232
1614096849894,2021-02-23T16:15:40.391Z,27.404,-0.06034247949719429,-0.09535110741853714,-1.027661681175232
1614096849932,2021-02-23T16:15:40.421Z,27.442,-0.06131904199719429,-0.09461868554353714,-1.024731993675232
1614096849971,2021-02-23T16:15:40.435Z,27.481,-0.06327216327190399,-0.09461868554353714,-1.026929259300232
1614096850011,2021-02-23T16:15:40.450Z,27.521,-0.06376044452190399,-0.09657181054353714,-1.024976134300232
1614096850050,2021-02-23T16:15:40.452Z,27.56,-0.06058662012219429,-0.09583938866853714,-1.026685118675232
1614096850090,2021-02-23T16:15:40.466Z,27.6,-0.06180732324719429,-0.09632766991853714,-1.025220274925232
1614096850129,2021-02-23T16:15:40.481Z,27.639,-0.06205146387219429,-0.09608352929353714,-1.025464415550232
1614096850169,2021-02-23T16:15:40.497Z,27.679,-0.06180732324719429,-0.09706009179353714,-1.024976134300232
1614096850208,2021-02-23T16:15:40.526Z,27.718,-0.06180732324719429,-0.09632766991853714,-1.023755431175232
1614096850247,2021-02-23T16:15:40.540Z,27.757,-0.06156318262219429,-0.09510696679353714,-1.026685118675232
1614096850286,2021-02-23T16:15:40.542Z,27.796,-0.06083076074719429,-0.09486282616853714,-1.024976134300232
1614096850326,2021-02-23T16:15:40.557Z,27.836,-0.06156318262219429,-0.09706009179353714,-1.026685118675232
1614096850365,2021-02-23T16:15:40.571Z,27.875,-0.06253974139690399,-0.09583938866853714,-1.024487853050232
1614096850405,2021-02-23T16:15:40.586Z,27.915,-0.06302802264690399,-0.09315384179353714,-1.023267149925232
1614096850444,2021-02-23T16:15:40.600Z,27.954,-0.06229560449719429,-0.09681595116853714,-1.023999571800232
1614096850484,2021-02-23T16:15:40.630Z,27.994,-0.06327216327190399,-0.09657181054353714,-1.026440978050232
1614096850523,2021-02-23T16:15:40.632Z,28.033,-0.06278388202190399,-0.09510696679353714,-1.025952696800232
1614096850561,2021-02-23T16:15:40.661Z,28.071,-0.06351630389690399,-0.09706009179353714,-1.024976134300232
1614096850601,2021-02-23T16:15:40.675Z,28.111,-0.06229560449719429,-0.09437454491853714,-1.024731993675232
1614096850641,2021-02-23T16:15:40.690Z,28.151,-0.06180732324719429,-0.09559524804353714,-1.024487853050232
1614096850680,2021-02-23T16:15:40.692Z,28.19,-0.06107490137219429,-0.09510696679353714,-1.025952696800232
1614096850720,2021-02-23T16:15:40.706Z,28.23,-0.06253974139690399,-0.09535110741853714,-1.024487853050232
1614096850759,2021-02-23T16:15:40.736Z,28.269,-0.06058662012219429,-0.09681595116853714,-1.024731993675232
1614096850799,2021-02-23T16:15:40.766Z,28.309,-0.06156318262219429,-0.09486282616853714,-1.024731993675232
1614096850838,2021-02-23T16:15:40.780Z,28.348,-0.05961005762219429,-0.09413040429353714,-1.023023009300232
1614096850876,2021-02-23T16:15:40.782Z,28.386,-0.06009833887219429,-0.09583938866853714,-1.023267149925232
1614096850916,2021-02-23T16:15:40.796Z,28.426,-0.06034247949719429,-0.09559524804353714,-1.023267149925232
1614096850956,2021-02-23T16:15:40.811Z,28.466,-0.06131904199719429,-0.09657181054353714,-1.024976134300232
1614096850995,2021-02-23T16:15:40.826Z,28.505,-0.06083076074719429,-0.09413040429353714,-1.025952696800232
1614096851035,2021-02-23T16:15:40.840Z,28.545,-0.06131904199719429,-0.09632766991853714,-1.024487853050232
1614096851074,2021-02-23T16:15:40.841Z,28.584,-0.05912177637219429,-0.09461868554353714,-1.026929259300232
1614096851114,2021-02-23T16:15:40.871Z,28.624,-0.05961005762219429,-0.09486282616853714,-1.024976134300232
1614096851153,2021-02-23T16:15:40.886Z,28.663,-0.05765693262219429,-0.09510696679353714,-1.024243712425232
1614096851191,2021-02-23T16:15:40.900Z,28.701,-0.05985419824719429,-0.09583938866853714,-1.024976134300232
1614096851231,2021-02-23T16:15:40.902Z,28.741,-0.05863349512219429,-0.09608352929353714,-1.026196837425232
1614096851270,2021-02-23T16:15:40.930Z,28.78,-0.05961005762219429,-0.09608352929353714,-1.025220274925232
1614096851310,2021-02-23T16:15:40.932Z,28.82,-0.06083076074719429,-0.09632766991853714,-1.028394103050232
1614096851350,2021-02-23T16:15:40.946Z,28.86,-0.05936591699719429,-0.09657181054353714,-1.023511290550232
1614096851389,2021-02-23T16:15:40.976Z,28.899,-0.06034247949719429,-0.09657181054353714,-1.025220274925232
1614096851429,2021-02-23T16:15:40.991Z,28.939,-0.06009833887219429,-0.09803665429353714,-1.027661681175232
1614096851467,2021-02-23T16:15:41.005Z,28.977,-0.05863349512219429,-0.09608352929353714,-1.026196837425232
1614096851506,2021-02-23T16:15:41.007Z,29.016,-0.05936591699719429,-0.09754837304353714,-1.022778868675232
1614096851546,2021-02-23T16:15:41.051Z,29.056,-0.05985419824719429,-0.09779251366853714,-1.026929259300232
1614096851585,2021-02-23T16:15:41.080Z,29.095,-0.06009833887219429,-0.09828079491853714,-1.023023009300232
1614096851625,2021-02-23T16:15:41.082Z,29.135,-0.06107490137219429,-0.09754837304353714,-1.025220274925232
1614096851664,2021-02-23T16:15:41.156Z,29.174,-0.06107490137219429,-0.09779251366853714,-1.026196837425232
1614096851704,2021-02-23T16:15:41.185Z,29.214,-0.05838935449719429,-0.09828079491853714,-1.025464415550232
1614096851744,2021-02-23T16:15:41.187Z,29.254,-0.05985419824719429,-0.09828079491853714,-1.025220274925232
1614096851782,2021-02-23T16:15:41.217Z,29.292,-0.05936591699719429,-0.09852493554353714,-1.025952696800232
1614096851821,2021-02-23T16:15:41.246Z,29.331,-0.05985419824719429,-0.09852493554353714,-1.028149962425232
1614096851861,2021-02-23T16:15:41.261Z,29.371,-0.06034247949719429,-0.09706009179353714,-1.025952696800232
1614096851900,2021-02-23T16:15:41.290Z,29.41,-0.05985419824719429,-0.09852493554353714,-1.025220274925232
1614096851940,2021-02-23T16:15:41.320Z,29.45,-0.06009833887219429,-0.09803665429353714,-1.023755431175232
1614096851979,2021-02-23T16:15:41.322Z,29.489,-0.05936591699719429,-0.09828079491853714,-1.024731993675232
1614096852019,2021-02-23T16:15:41.336Z,29.529,-0.06107490137219429,-0.09925735741853714,-1.026196837425232
1614096852059,2021-02-23T16:15:41.351Z,29.569,-0.06083076074719429,-0.09803665429353714,-1.024487853050232
1614096852097,2021-02-23T16:15:41.366Z,29.607,-0.06180732324719429,-0.09828079491853714,-1.024243712425232
1614096852136,2021-02-23T16:15:41.380Z,29.646,-0.06131904199719429,-0.09950149804353714,-1.023999571800232
1614096852176,2021-02-23T16:15:41.382Z,29.686,-0.06058662012219429,-0.09754837304353714,-1.027417540550232
1614096852215,2021-02-23T16:15:41.396Z,29.725,-0.06107490137219429,-0.09706009179353714,-1.025952696800232
1614096852255,2021-02-23T16:15:41.426Z,29.765,-0.06034247949719429,-0.09974563866853714,-1.026440978050232
1614096852294,2021-02-23T16:15:41.441Z,29.804,-0.06131904199719429,-0.09779251366853714,-1.025220274925232
1614096852334,2021-02-23T16:15:41.455Z,29.844,-0.05936591699719429,-0.09828079491853714,-1.026929259300232
1614096852373,2021-02-23T16:15:41.471Z,29.883,-0.06180732324719429,-0.09925735741853714,-1.027173399925232
1614096852412,2021-02-23T16:15:41.486Z,29.922,-0.06131904199719429,-0.09925735741853714,-1.024243712425232
1614096852451,2021-02-23T16:15:41.500Z,29.961,-0.06107490137219429,-0.09925735741853714,-1.026440978050232
1614096852491,2021-02-23T16:15:41.502Z,30.001,-0.06180732324719429,-0.09974563866853714,-1.024487853050232
1614096852530,2021-02-23T16:15:41.531Z,30.04,-0.05985419824719429,-0.09901321679353714,-1.026685118675232
1614096852570,2021-02-23T16:15:41.575Z,30.08,-0.06205146387219429,-0.09950149804353714,-1.025708556175232
1614096852609,2021-02-23T16:15:41.577Z,30.119,-0.06058662012219429,-0.09730423241853714,-1.024731993675232
1614096852649,2021-02-23T16:15:41.605Z,30.159,-0.06034247949719429,-0.09974563866853714,-1.024731993675232
1614096852688,2021-02-23T16:15:41.607Z,30.198,-0.06131904199719429,-0.09998977929353714,-1.024731993675232
1614096852727,2021-02-23T16:15:41.637Z,30.237,-0.05863349512219429,-0.09852493554353714,-1.023267149925232
1614096852766,2021-02-23T16:15:41.666Z,30.276,-0.06156318262219429,-0.10096634179353714,-1.024487853050232
1614096852806,2021-02-23T16:15:41.681Z,30.316,-0.05961005762219429,-0.09925735741853714,-1.024976134300232
1614096852845,2021-02-23T16:15:41.695Z,30.355,-0.06083076074719429,-0.09998977929353714,-1.023999571800232
1614096852885,2021-02-23T16:15:41.710Z,30.395,-0.05985419824719429,-0.09950149804353714,-1.026440978050232
1614096852924,2021-02-23T16:15:41.712Z,30.434,-0.06131904199719429,-0.09876907616853714,-1.025708556175232
1614096852964,2021-02-23T16:15:41.740Z,30.474,-0.06302802264690399,-0.09974563866853714,-1.024731993675232
1614096853002,2021-02-23T16:15:41.742Z,30.512,-0.06131904199719429,-0.09950149804353714,-1.025220274925232
1614096853041,2021-02-23T16:15:41.772Z,30.551,-0.06156318262219429,-0.10145462304353714,-1.025708556175232
1614096853081,2021-02-23T16:15:41.800Z,30.591,-0.06156318262219429,-0.10096634179353714,-1.023755431175232
1614096853121,2021-02-23T16:15:41.802Z,30.631,-0.06229560449719429,-0.09974563866853714,-1.025464415550232
1614096853160,2021-02-23T16:15:41.816Z,30.67,-0.06229560449719429,-0.09901321679353714,-1.023999571800232
1614096853200,2021-02-23T16:15:41.831Z,30.71,-0.06205146387219429,-0.10047806054353714,-1.025952696800232
1614096853239,2021-02-23T16:15:41.846Z,30.749,-0.06058662012219429,-0.10218704491853714,-1.022534728050232
1614096853279,2021-02-23T16:15:41.875Z,30.789,-0.06351630389690399,-0.10047806054353714,-1.024243712425232
1614096853317,2021-02-23T16:15:41.877Z,30.827,-0.06376044452190399,-0.09998977929353714,-1.024487853050232
1614096853356,2021-02-23T16:15:41.892Z,30.866,-0.06498114764690399,-0.09925735741853714,-1.026440978050232
1614096853396,2021-02-23T16:15:41.906Z,30.906,-0.06327216327190399,-0.09950149804353714,-1.023755431175232
1614096853435,2021-02-23T16:15:41.921Z,30.945,-0.06424872577190399,-0.10169876366853714,-1.025708556175232
1614096853475,2021-02-23T16:15:41.935Z,30.985,-0.06449286639690399,-0.09998977929353714,-1.026440978050232
1614096853515,2021-02-23T16:15:41.950Z,31.025,-0.06498114764690399,-0.09852493554353714,-1.024976134300232
1614096853554,2021-02-23T16:15:41.952Z,31.064,-0.06400458514690399,-0.09974563866853714,-1.027173399925232
1614096853594,2021-02-23T16:15:41.981Z,31.104,-0.06620185077190399,-0.10121048241853714,-1.023023009300232
1614096853632,2021-02-23T16:15:41.996Z,31.142,-0.06351630389690399,-0.10121048241853714,-1.025220274925232
1614096853671,2021-02-23T16:15:42.011Z,31.181,-0.06424872577190399,-0.09876907616853714,-1.025952696800232
1614096853711,2021-02-23T16:15:42.025Z,31.221,-0.06546942889690399,-0.09925735741853714,-1.024487853050232
1614096853750,2021-02-23T16:15:42.027Z,31.26,-0.06449286639690399,-0.09852493554353714,-1.022046446800232
1614096853790,2021-02-23T16:15:42.041Z,31.3,-0.06449286639690399,-0.10047806054353714,-1.026685118675232
1614096853830,2021-02-23T16:15:42.056Z,31.34,-0.06522528827190399,-0.09974563866853714,-1.026440978050232
1614096853869,2021-02-23T16:15:42.101Z,31.379,-0.06571356952190399,-0.09730423241853714,-1.024243712425232
1614096853907,2021-02-23T16:15:42.116Z,31.417,-0.06449286639690399,-0.09950149804353714,-1.025952696800232
1614096853947,2021-02-23T16:15:42.130Z,31.457,-0.06595771014690399,-0.09974563866853714,-1.025952696800232
1614096853986,2021-02-23T16:15:42.145Z,31.496,-0.06498114764690399,-0.09901321679353714,-1.024976134300232
1614096854026,2021-02-23T16:15:42.161Z,31.536,-0.06693427264690399,-0.10023391991853714,-1.027173399925232
1614096854065,2021-02-23T16:15:42.190Z,31.575,-0.06449286639690399,-0.09950149804353714,-1.024976134300232
1614096854105,2021-02-23T16:15:42.192Z,31.615,-0.06449286639690399,-0.09925735741853714,-1.025464415550232
1614096854144,2021-02-23T16:15:42.222Z,31.654,-0.06400458514690399,-0.09901321679353714,-1.023267149925232
1614096854184,2021-02-23T16:15:42.236Z,31.694,-0.06571356952190399,-0.09901321679353714,-1.025464415550232
1614096854222,2021-02-23T16:15:42.250Z,31.732,-0.06571356952190399,-0.09901321679353714,-1.024976134300232
1614096854262,2021-02-23T16:15:42.265Z,31.772,-0.06473700702190399,-0.09998977929353714,-1.026196837425232
1614096854301,2021-02-23T16:15:42.267Z,31.811,-0.06546942889690399,-0.09779251366853714,-1.025952696800232
1614096854341,2021-02-23T16:15:42.296Z,31.851,-0.06595771014690399,-0.10072220116853714,-1.025708556175232
1614096854380,2021-02-23T16:15:42.326Z,31.89,-0.06595771014690399,-0.09803665429353714,-1.024976134300232
1614096854420,2021-02-23T16:15:42.342Z,31.93,-0.06669013202190399,-0.09803665429353714,-1.025952696800232
1614096854459,2021-02-23T16:15:42.356Z,31.969,-0.06620185077190399,-0.10023391991853714,-1.026685118675232
1614096854499,2021-02-23T16:15:42.371Z,32.009,-0.06791083514690399,-0.09608352929353714,-1.025708556175232
1614096854537,2021-02-23T16:15:42.400Z,32.047,-0.06595771014690399,-0.09828079491853714,-1.026440978050232
1614096854577,2021-02-23T16:15:42.430Z,32.087,-0.06546942889690399,-0.09681595116853714,-1.025220274925232
1614096854616,2021-02-23T16:15:42.446Z,32.126,-0.06522528827190399,-0.09950149804353714,-1.021802306175232
1614096854656,2021-02-23T16:15:42.447Z,32.166,-0.06522528827190399,-0.09901321679353714,-1.025464415550232
1614096854695,2021-02-23T16:15:42.461Z,32.205,-0.06620185077190399,-0.09779251366853714,-1.025464415550232
1614096854735,2021-02-23T16:15:42.476Z,32.245,-0.06669013202190399,-0.09754837304353714,-1.025708556175232
1614096854774,2021-02-23T16:15:42.551Z,32.284,-0.06498114764690399,-0.09828079491853714,-1.023267149925232
1614096854814,2021-02-23T16:15:42.566Z,32.324,-0.06522528827190399,-0.09681595116853714,-1.026196837425232
1614096854852,2021-02-23T16:15:42.580Z,32.362,-0.06644599139690399,-0.09779251366853714,-1.023755431175232
1614096854892,2021-02-23T16:15:42.582Z,32.402,-0.06595771014690399,-0.09657181054353714,-1.024243712425232
1614096854931,2021-02-23T16:15:42.596Z,32.441,-0.06766669452190399,-0.09632766991853714,-1.026685118675232
1614096854971,2021-02-23T16:15:42.611Z,32.481,-0.06644599139690399,-0.09706009179353714,-1.025464415550232
1614096855010,2021-02-23T16:15:42.641Z,32.52,-0.06424872577190399,-0.09779251366853714,-1.024243712425232
1614096855050,2021-02-23T16:15:42.655Z,32.56,-0.06620185077190399,-0.09657181054353714,-1.024731993675232
1614096855089,2021-02-23T16:15:42.657Z,32.599,-0.06693427264690399,-0.09754837304353714,-1.023999571800232
1614096855129,2021-02-23T16:15:42.672Z,32.639,-0.06449286639690399,-0.09559524804353714,-1.024243712425232
1614096855167,2021-02-23T16:15:42.686Z,32.677,-0.06498114764690399,-0.09754837304353714,-1.026196837425232
1614096855206,2021-02-23T16:15:42.701Z,32.716,-0.06449286639690399,-0.09706009179353714,-1.023999571800232
1614096855246,2021-02-23T16:15:42.716Z,32.756,-0.06400458514690399,-0.09779251366853714,-1.025708556175232
1614096855286,2021-02-23T16:15:42.746Z,32.796,-0.06473700702190399,-0.09706009179353714,-1.025464415550232
1614096855325,2021-02-23T16:15:42.775Z,32.835,-0.06302802264690399,-0.09510696679353714,-1.023999571800232
1614096855365,2021-02-23T16:15:42.777Z,32.875,-0.06376044452190399,-0.09730423241853714,-1.025708556175232
1614096855404,2021-02-23T16:15:42.791Z,32.914,-0.06571356952190399,-0.09632766991853714,-1.025220274925232
1614096855444,2021-02-23T16:15:42.807Z,32.954,-0.06522528827190399,-0.09266556054353714,-1.026440978050232
1614096855482,2021-02-23T16:15:42.821Z,32.992,-0.06376044452190399,-0.09657181054353714,-1.023755431175232
1614096855521,2021-02-23T16:15:42.835Z,33.031,-0.06302802264690399,-0.09364212304353714,-1.025952696800232
1614096855561,2021-02-23T16:15:42.851Z,33.071,-0.06424872577190399,-0.09461868554353714,-1.025708556175232
1614096855601,2021-02-23T16:15:42.881Z,33.111,-0.06546942889690399,-0.09461868554353714,-1.024243712425232
1614096855640,2021-02-23T16:15:42.895Z,33.15,-0.06327216327190399,-0.09486282616853714,-1.026440978050232
1614096855680,2021-02-23T16:15:42.897Z,33.19,-0.06595771014690399,-0.09461868554353714,-1.024243712425232
1614096855719,2021-02-23T16:15:42.911Z,33.229,-0.06669013202190399,-0.09437454491853714,-1.026929259300232
1614096855759,2021-02-23T16:15:42.926Z,33.269,-0.06376044452190399,-0.09413040429353714,-1.026929259300232
1614096855797,2021-02-23T16:15:42.941Z,33.307,-0.06571356952190399,-0.09461868554353714,-1.027417540550232
1614096855836,2021-02-23T16:15:42.955Z,33.346,-0.06449286639690399,-0.09242141991853714,-1.025708556175232
1614096855876,2021-02-23T16:15:42.957Z,33.386,-0.06473700702190399,-0.09266556054353714,-1.027661681175232
1614096855915,2021-02-23T16:15:42.987Z,33.425,-0.06522528827190399,-0.09120071679353714,-1.026196837425232
1614096855955,2021-02-23T16:15:43.001Z,33.465,-0.06498114764690399,-0.09315384179353714,-1.026685118675232
1614096855995,2021-02-23T16:15:43.016Z,33.505,-0.06669013202190399,-0.09217727929353714,-1.023999571800232
1614096856034,2021-02-23T16:15:43.030Z,33.544,-0.06815497577190399,-0.09266556054353714,-1.026929259300232
1614096856074,2021-02-23T16:15:43.045Z,33.584,-0.06669013202190399,-0.09266556054353714,-1.026685118675232
1614096856112,2021-02-23T16:15:43.047Z,33.622,-0.06742255389690399,-0.09193313866853714,-1.024487853050232
1614096856151,2021-02-23T16:15:43.061Z,33.661,-0.06839911639690399,-0.09120071679353714,-1.027661681175232
1614096856191,2021-02-23T16:15:43.091Z,33.701,-0.06742255389690399,-0.09217727929353714,-1.023755431175232
1614096856230,2021-02-23T16:15:43.106Z,33.74,-0.06766669452190399,-0.09120071679353714,-1.024976134300232
1614096856270,2021-02-23T16:15:43.120Z,33.78,-0.06742255389690399,-0.09095657616853714,-1.024731993675232
1614096856310,2021-02-23T16:15:43.122Z,33.82,-0.06791083514690399,-0.09071243554353714,-1.024487853050232
1614096856349,2021-02-23T16:15:43.136Z,33.859,-0.06791083514690399,-0.09120071679353714,-1.023999571800232
1614096856389,2021-02-23T16:15:43.151Z,33.899,-0.06620185077190399,-0.09120071679353714,-1.025708556175232
1614096856427,2021-02-23T16:15:43.166Z,33.937,-0.06791083514690399,-0.09168899804353714,-1.024731993675232
1614096856466,2021-02-23T16:15:43.210Z,33.976,-0.06864325702190399,-0.09168899804353714,-1.027417540550232
1614096856506,2021-02-23T16:15:43.226Z,34.016,-0.06766669452190399,-0.08998001366853714,-1.026929259300232
1614096856545,2021-02-23T16:15:43.241Z,34.055,-0.06937567889690399,-0.09022415429353714,-1.025708556175232
1614096856585,2021-02-23T16:15:43.256Z,34.095,-0.06766669452190399,-0.09046829491853714,-1.022778868675232
1614096856624,2021-02-23T16:15:43.271Z,34.134,-0.07059638202190399,-0.09046829491853714,-1.024487853050232
1614096856664,2021-02-23T16:15:43.302Z,34.174,-0.06913153827190399,-0.08753860741853714,-1.025220274925232
1614096856704,2021-02-23T16:15:43.331Z,34.214,-0.06766669452190399,-0.08875931054353714,-1.024487853050232
1614096856742,2021-02-23T16:15:43.345Z,34.252,-0.06913153827190399,-0.08924759179353714,-1.026440978050232
1614096856781,2021-02-23T16:15:43.347Z,34.291,-0.06961981952190399,-0.08900345116853714,-1.025464415550232
1614096856821,2021-02-23T16:15:43.361Z,34.331,-0.07059638202190399,-0.08827102929353714,-1.024243712425232
1614096856860,2021-02-23T16:15:43.376Z,34.37,-0.06961981952190399,-0.08973587304353714,-1.024731993675232
1614096856900,2021-02-23T16:15:43.391Z,34.41,-0.06864325702190399,-0.08778274804353714,-1.023999571800232
1614096856939,2021-02-23T16:15:43.406Z,34.449,-0.06913153827190399,-0.08753860741853714,-1.024976134300232
1614096856979,2021-02-23T16:15:43.436Z,34.489,-0.07035224139690399,-0.08973587304353714,-1.024487853050232
1614096857017,2021-02-23T16:15:43.451Z,34.527,-0.06791083514690399,-0.08851516991853714,-1.024487853050232
1614096857057,2021-02-23T16:15:43.465Z,34.567,-0.07108466327190399,-0.08656204491853714,-1.026196837425232
1614096857096,2021-02-23T16:15:43.467Z,34.606,-0.06937567889690399,-0.08924759179353714,-1.026440978050232
1614096857136,2021-02-23T16:15:43.511Z,34.646,-0.06864325702190399,-0.08875931054353714,-1.027905821800232
1614096857175,2021-02-23T16:15:43.541Z,34.685,-0.06888739764690399,-0.08802688866853714,-1.026440978050232
1614096857215,2021-02-23T16:15:43.555Z,34.725,-0.07059638202190399,-0.08802688866853714,-1.024243712425232
1614096857254,2021-02-23T16:15:43.557Z,34.764,-0.06864325702190399,-0.08680618554353714,-1.023267149925232
1614096857294,2021-02-23T16:15:43.572Z,34.804,-0.07132880389690399,-0.08924759179353714,-1.023511290550232
1614096857332,2021-02-23T16:15:43.601Z,34.842,-0.06888739764690399,-0.08949173241853714,-1.025464415550232
1614096857372,2021-02-23T16:15:43.616Z,34.882,-0.06864325702190399,-0.08802688866853714,-1.024487853050232
1614096857411,2021-02-23T16:15:43.645Z,34.921,-0.06986396014690399,-0.08827102929353714,-1.025952696800232
1614096857451,2021-02-23T16:15:43.660Z,34.961,-0.06815497577190399,-0.08656204491853714,-1.025464415550232
1614096857490,2021-02-23T16:15:43.662Z,35,-0.06961981952190399,-0.08680618554353714,-1.025708556175232
1614096857530,2021-02-23T16:15:43.676Z,35.04,-0.07084052264690399,-0.08949173241853714,-1.025708556175232
1614096857569,2021-02-23T16:15:43.705Z,35.079,-0.06742255389690399,-0.08607376366853714,-1.027661681175232
1614096857609,2021-02-23T16:15:43.720Z,35.119,-0.06864325702190399,-0.08827102929353714,-1.025708556175232
1614096857647,2021-02-23T16:15:43.722Z,35.157,-0.06913153827190399,-0.08778274804353714,-1.023755431175232
1614096857686,2021-02-23T16:15:43.751Z,35.196,-0.07010810077190399,-0.08705032616853714,-1.025952696800232
1614096857726,2021-02-23T16:15:43.766Z,35.236,-0.06986396014690399,-0.08705032616853714,-1.028149962425232
1614096857766,2021-02-23T16:15:43.781Z,35.276,-0.07157294452190399,-0.08900345116853714,-1.026685118675232
1614096857805,2021-02-23T16:15:43.795Z,35.315,-0.06961981952190399,-0.08753860741853714,-1.023023009300232
1614096857845,2021-02-23T16:15:43.811Z,35.355,-0.07010810077190399,-0.08705032616853714,-1.024243712425232
1614096857884,2021-02-23T16:15:43.857Z,35.394,-0.06888739764690399,-0.08900345116853714,-1.023999571800232
1614096857924,2021-02-23T16:15:43.871Z,35.434,-0.07035224139690399,-0.08875931054353714,-1.023999571800232
1614096857962,2021-02-23T16:15:43.886Z,35.472,-0.07181708514690399,-0.08656204491853714,-1.026196837425232
1614096858001,2021-02-23T16:15:43.916Z,35.511,-0.07059638202190399,-0.08973587304353714,-1.025708556175232
1614096858041,2021-02-23T16:15:43.931Z,35.551,-0.06839911639690399,-0.08753860741853714,-1.025464415550232
1614096858081,2021-02-23T16:15:43.945Z,35.591,-0.06937567889690399,-0.08827102929353714,-1.025952696800232
1614096858120,2021-02-23T16:15:43.961Z,35.63,-0.07254950702190399,-0.08705032616853714,-1.023999571800232
1614096858160,2021-02-23T16:15:43.991Z,35.67,-0.07108466327190399,-0.08900345116853714,-1.024976134300232
1614096858199,2021-02-23T16:15:44.005Z,35.709,-0.06986396014690399,-0.08656204491853714,-1.027417540550232
1614096858239,2021-02-23T16:15:44.006Z,35.749,-0.06986396014690399,-0.08509720116853714,-1.027173399925232
1614096858277,2021-02-23T16:15:44.021Z,35.787,-0.07059638202190399,-0.08875931054353714,-1.026440978050232
1614096858316,2021-02-23T16:15:44.036Z,35.826,-0.07108466327190399,-0.08607376366853714,-1.025952696800232
1614096858356,2021-02-23T16:15:44.050Z,35.866,-0.06888739764690399,-0.08753860741853714,-1.025708556175232
1614096858395,2021-02-23T16:15:44.052Z,35.905,-0.06961981952190399,-0.08753860741853714,-1.024487853050232
1614096858435,2021-02-23T16:15:44.066Z,35.945,-0.07108466327190399,-0.08802688866853714,-1.027417540550232
1614096858475,2021-02-23T16:15:44.096Z,35.985,-0.07010810077190399,-0.08729446679353714,-1.024487853050232
1614096858514,2021-02-23T16:15:44.111Z,36.024,-0.07035224139690399,-0.08729446679353714,-1.023999571800232
1614096858554,2021-02-23T16:15:44.125Z,36.064,-0.06913153827190399,-0.08509720116853714,-1.025220274925232
1614096858592,2021-02-23T16:15:44.127Z,36.102,-0.07132880389690399,-0.08631790429353714,-1.027417540550232
1614096858631,2021-02-23T16:15:44.142Z,36.141,-0.07084052264690399,-0.08729446679353714,-1.024487853050232
1614096858671,2021-02-23T16:15:44.156Z,36.181,-0.07059638202190399,-0.08607376366853714,-1.026685118675232
1614096858710,2021-02-23T16:15:44.171Z,36.22,-0.07230536639690399,-0.08778274804353714,-1.026196837425232
1614096858750,2021-02-23T16:15:44.200Z,36.26,-0.07157294452190399,-0.08680618554353714,-1.025464415550232
1614096858789,2021-02-23T16:15:44.215Z,36.299,-0.07059638202190399,-0.08680618554353714,-1.024243712425232
1614096858829,2021-02-23T16:15:44.217Z,36.339,-0.07132880389690399,-0.08656204491853714,-1.025708556175232
1614096858867,2021-02-23T16:15:44.231Z,36.377,-0.06864325702190399,-0.08778274804353714,-1.025708556175232
1614096858907,2021-02-23T16:15:44.246Z,36.417,-0.06937567889690399,-0.08802688866853714,-1.025464415550232
1614096858946,2021-02-23T16:15:44.261Z,36.456,-0.07181708514690399,-0.08900345116853714,-1.023267149925232
1614096858986,2021-02-23T16:15:44.275Z,36.496,-0.07157294452190399,-0.08558548241853714,-1.023267149925232
1614096859025,2021-02-23T16:15:44.277Z,36.535,-0.07279364764690399,-0.08680618554353714,-1.024487853050232
1614096859065,2021-02-23T16:15:44.307Z,36.575,-0.07059638202190399,-0.08729446679353714,-1.025464415550232
1614096859104,2021-02-23T16:15:44.322Z,36.614,-0.07035224139690399,-0.08705032616853714,-1.024243712425232
1614096859144,2021-02-23T16:15:44.337Z,36.654,-0.07035224139690399,-0.08509720116853714,-1.027905821800232
1614096859182,2021-02-23T16:15:44.351Z,36.692,-0.07181708514690399,-0.08705032616853714,-1.022046446800232
1614096859222,2021-02-23T16:15:44.365Z,36.732,-0.07206122577190399,-0.08705032616853714,-1.027173399925232
1614096859261,2021-02-23T16:15:44.381Z,36.771,-0.07132880389690399,-0.08631790429353714,-1.026685118675232
1614096859301,2021-02-23T16:15:44.411Z,36.811,-0.07059638202190399,-0.08607376366853714,-1.024243712425232
1614096859340,2021-02-23T16:15:44.425Z,36.85,-0.07010810077190399,-0.08729446679353714,-1.024976134300232
1614096859380,2021-02-23T16:15:44.441Z,36.89,-0.07132880389690399,-0.08753860741853714,-1.025952696800232
1614096859419,2021-02-23T16:15:44.456Z,36.929,-0.06961981952190399,-0.08534134179353714,-1.024243712425232
1614096859459,2021-02-23T16:15:44.470Z,36.969,-0.07230536639690399,-0.08680618554353714,-1.024487853050232
1614096859497,2021-02-23T16:15:44.472Z,37.007,-0.07157294452190399,-0.08607376366853714,-1.025220274925232
1614096859537,2021-02-23T16:15:44.487Z,37.047,-0.07035224139690399,-0.08582962304353714,-1.024243712425232
1614096859576,2021-02-23T16:15:44.515Z,37.086,-0.07181708514690399,-0.08729446679353714,-1.026685118675232
1614096859616,2021-02-23T16:15:44.517Z,37.126,-0.06986396014690399,-0.08582962304353714,-1.026440978050232
1614096859655,2021-02-23T16:15:44.546Z,37.165,-0.07279364764690399,-0.08656204491853714,-1.025464415550232
1614096859695,2021-02-23T16:15:44.561Z,37.205,-0.07254950702190399,-0.08607376366853714,-1.025464415550232
1614096859734,2021-02-23T16:15:44.576Z,37.244,-0.07303778827190399,-0.08436477929353714,-1.023511290550232
1614096859774,2021-02-23T16:15:44.590Z,37.284,-0.07254950702190399,-0.08582962304353714,-1.024976134300232
1614096859812,2021-02-23T16:15:44.592Z,37.322,-0.07010810077190399,-0.08729446679353714,-1.024731993675232
1614096859852,2021-02-23T16:15:44.607Z,37.362,-0.07157294452190399,-0.08778274804353714,-1.026929259300232
1614096859891,2021-02-23T16:15:44.622Z,37.401,-0.07132880389690399,-0.08827102929353714,-1.025952696800232
1614096859931,2021-02-23T16:15:44.651Z,37.441,-0.07084052264690399,-0.08631790429353714,-1.026440978050232
1614096859970,2021-02-23T16:15:44.665Z,37.48,-0.07035224139690399,-0.08485306054353714,-1.025220274925232
1614096860010,2021-02-23T16:15:44.680Z,37.52,-0.07157294452190399,-0.08778274804353714,-1.023023009300232
1614096860049,2021-02-23T16:15:44.682Z,37.559,-0.07084052264690399,-0.08607376366853714,-1.024243712425232
1614096860089,2021-02-23T16:15:44.696Z,37.599,-0.06986396014690399,-0.08485306054353714,-1.023999571800232
1614096860127,2021-02-23T16:15:44.711Z,37.637,-0.07230536639690399,-0.08509720116853714,-1.024976134300232
1614096860166,2021-02-23T16:15:44.726Z,37.676,-0.07010810077190399,-0.08558548241853714,-1.025220274925232
1614096860206,2021-02-23T16:15:44.755Z,37.716,-0.07181708514690399,-0.08607376366853714,-1.024243712425232
1614096860246,2021-02-23T16:15:44.757Z,37.756,-0.07157294452190399,-0.08509720116853714,-1.026685118675232
1614096860285,2021-02-23T16:15:44.771Z,37.795,-0.07181708514690399,-0.08485306054353714,-1.027661681175232
1614096860325,2021-02-23T16:15:44.786Z,37.835,-0.07035224139690399,-0.08534134179353714,-1.026685118675232
1614096860364,2021-02-23T16:15:44.801Z,37.874,-0.07181708514690399,-0.08680618554353714,-1.024976134300232
1614096860404,2021-02-23T16:15:44.815Z,37.914,-0.07328192889690399,-0.08631790429353714,-1.025220274925232
1614096860442,2021-02-23T16:15:44.817Z,37.952,-0.07108466327190399,-0.08387649804353714,-1.023999571800232
1614096860481,2021-02-23T16:15:44.832Z,37.991,-0.07230536639690399,-0.08412063866853714,-1.024487853050232
1614096860521,2021-02-23T16:15:44.876Z,38.031,-0.07181708514690399,-0.08436477929353714,-1.025708556175232
1614096860560,2021-02-23T16:15:44.890Z,38.07,-0.07279364764690399,-0.08412063866853714,-1.025220274925232
1614096860600,2021-02-23T16:15:44.892Z,38.11,-0.07254950702190399,-0.08558548241853714,-1.026440978050232
1614096860640,2021-02-23T16:15:44.907Z,38.15,-0.07206122577190399,-0.08534134179353714,-1.025708556175232
1614096860679,2021-02-23T16:15:44.936Z,38.189,-0.07279364764690399,-0.08363235741853714,-1.026440978050232
1614096860719,2021-02-23T16:15:44.938Z,38.229,-0.07108466327190399,-0.08509720116853714,-1.025464415550232
1614096860757,2021-02-23T16:15:44.966Z,38.267,-0.07084052264690399,-0.08412063866853714,-1.022778868675232
1614096860796,2021-02-23T16:15:44.996Z,38.306,-0.07108466327190399,-0.08485306054353714,-1.025952696800232
1614096860836,2021-02-23T16:15:45.011Z,38.346,-0.07157294452190399,-0.08582962304353714,-1.023023009300232
1614096860875,2021-02-23T16:15:45.025Z,38.385,-0.07279364764690399,-0.08509720116853714,-1.025464415550232
1614096860915,2021-02-23T16:15:45.027Z,38.425,-0.07279364764690399,-0.08363235741853714,-1.026440978050232
1614096860955,2021-02-23T16:15:45.042Z,38.465,-0.07230536639690399,-0.08436477929353714,-1.023755431175232
1614096860994,2021-02-23T16:15:45.102Z,38.504,-0.07181708514690399,-0.08582962304353714,-1.024731993675232
1614096861032,2021-02-23T16:15:45.131Z,38.542,-0.07206122577190399,-0.08558548241853714,-1.022778868675232
1614096861072,2021-02-23T16:15:45.146Z,38.582,-0.07206122577190399,-0.08558548241853714,-1.024976134300232
1614096861111,2021-02-23T16:15:45.160Z,38.621,-0.07328192889690399,-0.08582962304353714,-1.026440978050232
1614096861151,2021-02-23T16:15:45.162Z,38.661,-0.07059638202190399,-0.08534134179353714,-1.026440978050232
1614096861190,2021-02-23T16:15:45.177Z,38.7,-0.07206122577190399,-0.08387649804353714,-1.024731993675232
1614096861230,2021-02-23T16:15:45.206Z,38.74,-0.06961981952190399,-0.08460891991853714,-1.022778868675232
1614096861269,2021-02-23T16:15:45.235Z,38.779,-0.07303778827190399,-0.08680618554353714,-1.024243712425232
1614096861309,2021-02-23T16:15:45.237Z,38.819,-0.07230536639690399,-0.08582962304353714,-1.023999571800232
1614096861347,2021-02-23T16:15:45.252Z,38.857,-0.07377021014690399,-0.08534134179353714,-1.025220274925232
1614096861387,2021-02-23T16:15:45.266Z,38.897,-0.07328192889690399,-0.08558548241853714,-1.024487853050232
1614096861426,2021-02-23T16:15:45.281Z,38.936,-0.07279364764690399,-0.08485306054353714,-1.023023009300232
1614096861466,2021-02-23T16:15:45.310Z,38.976,-0.07230536639690399,-0.08436477929353714,-1.023999571800232
1614096861505,2021-02-23T16:15:45.325Z,39.015,-0.07401435077190399,-0.08460891991853714,-1.024731993675232
1614096861545,2021-02-23T16:15:45.327Z,39.055,-0.07108466327190399,-0.08485306054353714,-1.025708556175232
1614096861584,2021-02-23T16:15:45.341Z,39.094,-0.07303778827190399,-0.08485306054353714,-1.025952696800232
1614096861624,2021-02-23T16:15:45.356Z,39.134,-0.07303778827190399,-0.08363235741853714,-1.024487853050232
1614096861662,2021-02-23T16:15:45.371Z,39.172,-0.07132880389690399,-0.08631790429353714,-1.025464415550232
1614096861702,2021-02-23T16:15:45.385Z,39.212,-0.07377021014690399,-0.08412063866853714,-1.024487853050232
1614096861741,2021-02-23T16:15:45.387Z,39.251,-0.07108466327190399,-0.08631790429353714,-1.023755431175232
1614096861781,2021-02-23T16:15:45.416Z,39.291,-0.07132880389690399,-0.08485306054353714,-1.025220274925232
1614096861820,2021-02-23T16:15:45.431Z,39.33,-0.07157294452190399,-0.08387649804353714,-1.029126524925232
1614096861860,2021-02-23T16:15:45.445Z,39.37,-0.07254950702190399,-0.08412063866853714,-1.025220274925232
1614096861899,2021-02-23T16:15:45.447Z,39.409,-0.07352606952190399,-0.08412063866853714,-1.025708556175232
1614096861939,2021-02-23T16:15:45.461Z,39.449,-0.07328192889690399,-0.08485306054353714,-1.023999571800232
1614096861977,2021-02-23T16:15:45.490Z,39.487,-0.07328192889690399,-0.08436477929353714,-1.026440978050232
1614096862017,2021-02-23T16:15:45.492Z,39.527,-0.07328192889690399,-0.08363235741853714,-1.026196837425232
1614096862056,2021-02-23T16:15:45.522Z,39.566,-0.07157294452190399,-0.08656204491853714,-1.026196837425232
1614096862096,2021-02-23T16:15:45.566Z,39.606,-0.07303778827190399,-0.08460891991853714,-1.025952696800232
1614096862135,2021-02-23T16:15:45.581Z,39.645,-0.07157294452190399,-0.08534134179353714,-1.021558165550232
1614096862175,2021-02-23T16:15:45.595Z,39.685,-0.07230536639690399,-0.08167923241853714,-1.026440978050232
1614096862214,2021-02-23T16:15:45.597Z,39.724,-0.07303778827190399,-0.08753860741853714,-1.026196837425232
1614096862254,2021-02-23T16:15:45.625Z,39.764,-0.07206122577190399,-0.08436477929353714,-1.024243712425232
1614096862292,2021-02-23T16:15:45.670Z,39.802,-0.07206122577190399,-0.08558548241853714,-1.025464415550232
1614096862331,2021-02-23T16:15:45.672Z,39.841,-0.07157294452190399,-0.08241165429353714,-1.025708556175232
1614096862371,2021-02-23T16:15:45.686Z,39.881,-0.07206122577190399,-0.08412063866853714,-1.026685118675232
1614096862411,2021-02-23T16:15:45.701Z,39.921,-0.07401435077190399,-0.08656204491853714,-1.023267149925232
1614096862450,2021-02-23T16:15:45.716Z,39.96,-0.07279364764690399,-0.08582962304353714,-1.026440978050232
1614096862490,2021-02-23T16:15:45.730Z,40,-0.07206122577190399,-0.08509720116853714,-1.026685118675232
1614096862529,2021-02-23T16:15:45.732Z,40.039,-0.07254950702190399,-0.08485306054353714,-1.022778868675232
1614096862569,2021-02-23T16:15:45.776Z,40.079,-0.07474677264690399,-0.08314407616853714,-1.024487853050232
1614096862607,2021-02-23T16:15:45.791Z,40.117,-0.07254950702190399,-0.08460891991853714,-1.023755431175232
1614096862646,2021-02-23T16:15:45.806Z,40.156,-0.07425849139690399,-0.08314407616853714,-1.024731993675232
1614096862686,2021-02-23T16:15:45.820Z,40.196,-0.07303778827190399,-0.08363235741853714,-1.026685118675232
1614096862726,2021-02-23T16:15:45.835Z,40.236,-0.07523505389690399,-0.08412063866853714,-1.023755431175232
1614096862765,2021-02-23T16:15:45.837Z,40.275,-0.07181708514690399,-0.08534134179353714,-1.025952696800232
1614096862805,2021-02-23T16:15:45.867Z,40.315,-0.07181708514690399,-0.08509720116853714,-1.024487853050232
1614096862844,2021-02-23T16:15:45.881Z,40.354,-0.07352606952190399,-0.08485306054353714,-1.024976134300232
1614096862884,2021-02-23T16:15:45.896Z,40.394,-0.07425849139690399,-0.08460891991853714,-1.026196837425232
1614096862922,2021-02-23T16:15:45.910Z,40.432,-0.07377021014690399,-0.08509720116853714,-1.026929259300232
1614096862961,2021-02-23T16:15:45.912Z,40.471,-0.07328192889690399,-0.08558548241853714,-1.025220274925232
1614096863001,2021-02-23T16:15:45.926Z,40.511,-0.07132880389690399,-0.08338821679353714,-1.025220274925232
1614096863040,2021-02-23T16:15:45.941Z,40.55,-0.07352606952190399,-0.08558548241853714,-1.023267149925232
1614096863080,2021-02-23T16:15:45.971Z,40.59,-0.07401435077190399,-0.08338821679353714,-1.026685118675232
1614096863120,2021-02-23T16:15:45.985Z,40.63,-0.07328192889690399,-0.08607376366853714,-1.023511290550232
1614096863159,2021-02-23T16:15:45.987Z,40.669,-0.07401435077190399,-0.08363235741853714,-1.023999571800232
1614096863199,2021-02-23T16:15:46.002Z,40.709,-0.07352606952190399,-0.08558548241853714,-1.023755431175232
1614096863237,2021-02-23T16:15:46.016Z,40.747,-0.07499091327190399,-0.08558548241853714,-1.024243712425232
1614096863276,2021-02-23T16:15:46.031Z,40.786,-0.07450263202190399,-0.08412063866853714,-1.025220274925232
1614096863316,2021-02-23T16:15:46.046Z,40.826,-0.07401435077190399,-0.08460891991853714,-1.022778868675232
1614096863355,2021-02-23T16:15:46.076Z,40.865,-0.07303778827190399,-0.08387649804353714,-1.025464415550232
1614096863395,2021-02-23T16:15:46.091Z,40.905,-0.07450263202190399,-0.08607376366853714,-1.023267149925232
1614096863435,2021-02-23T16:15:46.106Z,40.945,-0.07547919452190399,-0.08436477929353714,-1.025708556175232
1614096863474,2021-02-23T16:15:46.107Z,40.984,-0.07499091327190399,-0.08558548241853714,-1.024976134300232
1614096863514,2021-02-23T16:15:46.122Z,41.024,-0.07523505389690399,-0.08363235741853714,-1.023999571800232
1614096863552,2021-02-23T16:15:46.136Z,41.062,-0.07450263202190399,-0.08436477929353714,-1.026196837425232
1614096863591,2021-02-23T16:15:46.151Z,41.101,-0.07474677264690399,-0.08387649804353714,-1.024243712425232
1614096863631,2021-02-23T16:15:46.180Z,41.141,-0.07645575702190399,-0.08412063866853714,-1.024487853050232
1614096863670,2021-02-23T16:15:46.195Z,41.18,-0.07523505389690399,-0.08485306054353714,-1.025464415550232
1614096863710,2021-02-23T16:15:46.197Z,41.22,-0.07523505389690399,-0.08631790429353714,-1.026929259300232
1614096863749,2021-02-23T16:15:46.211Z,41.259,-0.07572333514690399,-0.08412063866853714,-1.024976134300232
1614096863789,2021-02-23T16:15:46.226Z,41.299,-0.07474677264690399,-0.08509720116853714,-1.026685118675232
1614096863827,2021-02-23T16:15:46.241Z,41.337,-0.07474677264690399,-0.08607376366853714,-1.023999571800232
1614096863867,2021-02-23T16:15:46.255Z,41.377,-0.07621161639690399,-0.08387649804353714,-1.024731993675232
1614096863906,2021-02-23T16:15:46.257Z,41.416,-0.07450263202190399,-0.08338821679353714,-1.024731993675232
1614096863946,2021-02-23T16:15:46.286Z,41.456,-0.07450263202190399,-0.08705032616853714,-1.024487853050232
1614096863985,2021-02-23T16:15:46.316Z,41.495,-0.07621161639690399,-0.08656204491853714,-1.026440978050232
1614096864025,2021-02-23T16:15:46.331Z,41.535,-0.07377021014690399,-0.08460891991853714,-1.025464415550232
1614096864064,2021-02-23T16:15:46.376Z,41.574,-0.07401435077190399,-0.08289993554353714,-1.024731993675232
1614096864104,2021-02-23T16:15:46.391Z,41.614,-0.07474677264690399,-0.08558548241853714,-1.024731993675232
1614096864142,2021-02-23T16:15:46.421Z,41.652,-0.07572333514690399,-0.08436477929353714,-1.023755431175232
1614096864182,2021-02-23T16:15:46.435Z,41.692,-0.07523505389690399,-0.08436477929353714,-1.026929259300232
1614096864221,2021-02-23T16:15:46.450Z,41.731,-0.07499091327190399,-0.08558548241853714,-1.024243712425232
1614096864261,2021-02-23T16:15:46.452Z,41.771,-0.07450263202190399,-0.08607376366853714,-1.025708556175232
1614096864300,2021-02-23T16:15:46.467Z,41.81,-0.07474677264690399,-0.08509720116853714,-1.025708556175232
1614096864340,2021-02-23T16:15:46.496Z,41.85,-0.07377021014690399,-0.08460891991853714,-1.023267149925232
1614096864379,2021-02-23T16:15:46.526Z,41.889,-0.07401435077190399,-0.08582962304353714,-1.025220274925232
1614096864419,2021-02-23T16:15:46.541Z,41.929,-0.07303778827190399,-0.08558548241853714,-1.025708556175232
1614096864457,2021-02-23T16:15:46.555Z,41.967,-0.07450263202190399,-0.08265579491853714,-1.024487853050232
1614096864497,2021-02-23T16:15:46.557Z,42.007,-0.07303778827190399,-0.08485306054353714,-1.026440978050232
1614096864536,2021-02-23T16:15:46.572Z,42.046,-0.07279364764690399,-0.08680618554353714,-1.024976134300232
1614096864576,2021-02-23T16:15:46.600Z,42.086,-0.07352606952190399,-0.08705032616853714,-1.023511290550232
1614096864615,2021-02-23T16:15:46.602Z,42.125,-0.07377021014690399,-0.08656204491853714,-1.024976134300232
1614096864655,2021-02-23T16:15:46.631Z,42.165,-0.07474677264690399,-0.08509720116853714,-1.026685118675232
1614096864694,2021-02-23T16:15:46.661Z,42.204,-0.07425849139690399,-0.08558548241853714,-1.026196837425232
1614096864734,2021-02-23T16:15:46.675Z,42.244,-0.07303778827190399,-0.08485306054353714,-1.025708556175232
1614096864772,2021-02-23T16:15:46.677Z,42.282,-0.07303778827190399,-0.08607376366853714,-1.026685118675232
1614096864811,2021-02-23T16:15:46.691Z,42.321,-0.07450263202190399,-0.08314407616853714,-1.023999571800232
1614096864851,2021-02-23T16:15:46.706Z,42.361,-0.07328192889690399,-0.08582962304353714,-1.026929259300232
1614096864891,2021-02-23T16:15:46.721Z,42.401,-0.07206122577190399,-0.08656204491853714,-1.025952696800232
1614096864930,2021-02-23T16:15:46.737Z,42.44,-0.07084052264690399,-0.08582962304353714,-1.025708556175232
1614096864970,2021-02-23T16:15:46.766Z,42.48,-0.07157294452190399,-0.08582962304353714,-1.026196837425232
1614096865009,2021-02-23T16:15:46.781Z,42.519,-0.07303778827190399,-0.08509720116853714,-1.024976134300232
1614096865049,2021-02-23T16:15:46.795Z,42.559,-0.07132880389690399,-0.08436477929353714,-1.022290587425232
1614096865087,2021-02-23T16:15:46.797Z,42.597,-0.07206122577190399,-0.08485306054353714,-1.024487853050232
1614096865126,2021-02-23T16:15:46.811Z,42.636,-0.07084052264690399,-0.08729446679353714,-1.025952696800232
1614096865166,2021-02-23T16:15:46.826Z,42.676,-0.06986396014690399,-0.08509720116853714,-1.023999571800232
1614096865206,2021-02-23T16:15:46.841Z,42.716,-0.07132880389690399,-0.08485306054353714,-1.025708556175232
1614096865245,2021-02-23T16:15:46.870Z,42.755,-0.07059638202190399,-0.08412063866853714,-1.026685118675232
1614096865285,2021-02-23T16:15:46.872Z,42.795,-0.07157294452190399,-0.08460891991853714,-1.024487853050232
1614096865324,2021-02-23T16:15:46.887Z,42.834,-0.07181708514690399,-0.08631790429353714,-1.024976134300232
1614096865364,2021-02-23T16:15:46.901Z,42.874,-0.07010810077190399,-0.08485306054353714,-1.024487853050232
1614096865402,2021-02-23T16:15:46.915Z,42.912,-0.07059638202190399,-0.08607376366853714,-1.025220274925232
1614096865441,2021-02-23T16:15:46.917Z,42.951,-0.06864325702190399,-0.08607376366853714,-1.024731993675232
1614096865481,2021-02-23T16:15:46.932Z,42.991,-0.06961981952190399,-0.08485306054353714,-1.024731993675232
1614096865520,2021-02-23T16:15:46.946Z,43.03,-0.06839911639690399,-0.08827102929353714,-1.024976134300232
1614096865560,2021-02-23T16:15:46.976Z,43.07,-0.06937567889690399,-0.08485306054353714,-1.025220274925232
1614096865600,2021-02-23T16:15:46.991Z,43.11,-0.06913153827190399,-0.08753860741853714,-1.024487853050232
1614096865639,2021-02-23T16:15:47.005Z,43.149,-0.06839911639690399,-0.08607376366853714,-1.026196837425232
1614096865677,2021-02-23T16:15:47.008Z,43.187,-0.06717841327190399,-0.08656204491853714,-1.023755431175232
1614096865717,2021-02-23T16:15:47.021Z,43.227,-0.06888739764690399,-0.08656204491853714,-1.026685118675232
1614096865756,2021-02-23T16:15:47.037Z,43.266,-0.06839911639690399,-0.08949173241853714,-1.025220274925232
1614096865796,2021-02-23T16:15:47.051Z,43.306,-0.07035224139690399,-0.08778274804353714,-1.024731993675232
1614096865835,2021-02-23T16:15:47.080Z,43.345,-0.06913153827190399,-0.08729446679353714,-1.024976134300232
1614096865875,2021-02-23T16:15:47.082Z,43.385,-0.07035224139690399,-0.08729446679353714,-1.024487853050232
1614096865914,2021-02-23T16:15:47.098Z,43.424,-0.06986396014690399,-0.08705032616853714,-1.025952696800232
1614096865954,2021-02-23T16:15:47.111Z,43.464,-0.06766669452190399,-0.08875931054353714,-1.022778868675232
1614096865992,2021-02-23T16:15:47.126Z,43.502,-0.06937567889690399,-0.08875931054353714,-1.024976134300232
1614096866032,2021-02-23T16:15:47.140Z,43.542,-0.06888739764690399,-0.08753860741853714,-1.024731993675232
1614096866071,2021-02-23T16:15:47.156Z,43.581,-0.06913153827190399,-0.08949173241853714,-1.024731993675232
1614096866111,2021-02-23T16:15:47.171Z,43.621,-0.06961981952190399,-0.08656204491853714,-1.023999571800232
1614096866150,2021-02-23T16:15:47.186Z,43.66,-0.07084052264690399,-0.08949173241853714,-1.026685118675232
1614096866190,2021-02-23T16:15:47.215Z,43.7,-0.06888739764690399,-0.08802688866853714,-1.024487853050232
1614096866229,2021-02-23T16:15:47.230Z,43.739,-0.06937567889690399,-0.08924759179353714,-1.023511290550232
1614096866269,2021-02-23T16:15:47.232Z,43.779,-0.06693427264690399,-0.08705032616853714,-1.025464415550232
1614096866307,2021-02-23T16:15:47.246Z,43.817,-0.06864325702190399,-0.08900345116853714,-1.023267149925232
1614096866347,2021-02-23T16:15:47.261Z,43.857,-0.06913153827190399,-0.08949173241853714,-1.026440978050232
1614096866386,2021-02-23T16:15:47.276Z,43.896,-0.06839911639690399,-0.08753860741853714,-1.025952696800232
1614096866426,2021-02-23T16:15:47.291Z,43.936,-0.06888739764690399,-0.08827102929353714,-1.027173399925232
1614096866465,2021-02-23T16:15:47.321Z,43.975,-0.06913153827190399,-0.08851516991853714,-1.025952696800232
1614096866505,2021-02-23T16:15:47.335Z,44.015,-0.06864325702190399,-0.08851516991853714,-1.023999571800232
1614096866544,2021-02-23T16:15:47.350Z,44.054,-0.06815497577190399,-0.08875931054353714,-1.021314024925232
1614096866584,2021-02-23T16:15:47.352Z,44.094,-0.06815497577190399,-0.08900345116853714,-1.024487853050232
1614096866622,2021-02-23T16:15:47.367Z,44.132,-0.06839911639690399,-0.09071243554353714,-1.024243712425232
1614096866662,2021-02-23T16:15:47.381Z,44.172,-0.06791083514690399,-0.08875931054353714,-1.026196837425232
1614096866701,2021-02-23T16:15:47.396Z,44.211,-0.06815497577190399,-0.08973587304353714,-1.022778868675232
1614096866741,2021-02-23T16:15:47.425Z,44.251,-0.06693427264690399,-0.08998001366853714,-1.025220274925232
1614096866780,2021-02-23T16:15:47.427Z,44.29,-0.06864325702190399,-0.08973587304353714,-1.023999571800232
1614096866820,2021-02-23T16:15:47.441Z,44.33,-0.06913153827190399,-0.08753860741853714,-1.027417540550232
1614096866859,2021-02-23T16:15:47.456Z,44.369,-0.06913153827190399,-0.08924759179353714,-1.025708556175232
1614096866899,2021-02-23T16:15:47.485Z,44.409,-0.06864325702190399,-0.08729446679353714,-1.025220274925232
1614096866937,2021-02-23T16:15:47.487Z,44.447,-0.06742255389690399,-0.08998001366853714,-1.023755431175232
1614096866977,2021-02-23T16:15:47.501Z,44.487,-0.06815497577190399,-0.08949173241853714,-1.026685118675232
1614096867016,2021-02-23T16:15:47.531Z,44.526,-0.06669013202190399,-0.08924759179353714,-1.024731993675232
1614096867056,2021-02-23T16:15:47.546Z,44.566,-0.07035224139690399,-0.08998001366853714,-1.026440978050232
1614096867095,2021-02-23T16:15:47.560Z,44.605,-0.06839911639690399,-0.08924759179353714,-1.027417540550232
1614096867135,2021-02-23T16:15:47.562Z,44.645,-0.06717841327190399,-0.08924759179353714,-1.023267149925232
1614096867174,2021-02-23T16:15:47.636Z,44.684,-0.06937567889690399,-0.08900345116853714,-1.023511290550232
1614096867214,2021-02-23T16:15:47.650Z,44.724,-0.06937567889690399,-0.08900345116853714,-1.025464415550232
1614096867252,2021-02-23T16:15:47.665Z,44.762,-0.06864325702190399,-0.09022415429353714,-1.023511290550232
1614096867291,2021-02-23T16:15:47.668Z,44.801,-0.06961981952190399,-0.08851516991853714,-1.026196837425232
1614096867331,2021-02-23T16:15:47.710Z,44.841,-0.06888739764690399,-0.08778274804353714,-1.023999571800232
1614096867371,2021-02-23T16:15:47.712Z,44.881,-0.06595771014690399,-0.08851516991853714,-1.027905821800232
1614096867410,2021-02-23T16:15:47.742Z,44.92,-0.06791083514690399,-0.08851516991853714,-1.025464415550232
1614096867450,2021-02-23T16:15:47.771Z,44.96,-0.06913153827190399,-0.08900345116853714,-1.023999571800232
1614096867489,2021-02-23T16:15:47.801Z,44.999,-0.06937567889690399,-0.08827102929353714,-1.024243712425232
1614096867529,2021-02-23T16:15:47.815Z,45.039,-0.06864325702190399,-0.08949173241853714,-1.022534728050232
1614096867567,2021-02-23T16:15:47.845Z,45.077,-0.06742255389690399,-0.08924759179353714,-1.024976134300232
1614096867606,2021-02-23T16:15:47.847Z,45.116,-0.06791083514690399,-0.09095657616853714,-1.024731993675232
1614096867646,2021-02-23T16:15:47.876Z,45.156,-0.06913153827190399,-0.08998001366853714,-1.026440978050232
1614096867685,2021-02-23T16:15:47.891Z,45.195,-0.06839911639690399,-0.08998001366853714,-1.023755431175232
1614096867725,2021-02-23T16:15:47.906Z,45.235,-0.06693427264690399,-0.08998001366853714,-1.025220274925232
1614096867765,2021-02-23T16:15:47.920Z,45.275,-0.06864325702190399,-0.09046829491853714,-1.025464415550232
1614096867804,2021-02-23T16:15:47.922Z,45.314,-0.06913153827190399,-0.08998001366853714,-1.023023009300232
1614096867844,2021-02-23T16:15:47.936Z,45.354,-0.06620185077190399,-0.08973587304353714,-1.026929259300232
1614096867882,2021-02-23T16:15:47.951Z,45.392,-0.06742255389690399,-0.09046829491853714,-1.026196837425232
1614096867921,2021-02-23T16:15:47.981Z,45.431,-0.06913153827190399,-0.08973587304353714,-1.022290587425232
1614096867961,2021-02-23T16:15:47.995Z,45.471,-0.06913153827190399,-0.08998001366853714,-1.023999571800232
1614096868000,2021-02-23T16:15:47.997Z,45.51,-0.06913153827190399,-0.08949173241853714,-1.024487853050232
1614096868040,2021-02-23T16:15:48.012Z,45.55,-0.06839911639690399,-0.08973587304353714,-1.024243712425232
1614096868080,2021-02-23T16:15:48.026Z,45.59,-0.06693427264690399,-0.08900345116853714,-1.026196837425232
1614096868119,2021-02-23T16:15:48.041Z,45.629,-0.06815497577190399,-0.08900345116853714,-1.025708556175232
1614096868157,2021-02-23T16:15:48.055Z,45.667,-0.06766669452190399,-0.08973587304353714,-1.025220274925232
1614096868197,2021-02-23T16:15:48.085Z,45.707,-0.06961981952190399,-0.09071243554353714,-1.024487853050232
1614096868236,2021-02-23T16:15:48.087Z,45.746,-0.07035224139690399,-0.08998001366853714,-1.025708556175232
1614096868276,2021-02-23T16:15:48.101Z,45.786,-0.06498114764690399,-0.08998001366853714,-1.025952696800232
1614096868315,2021-02-23T16:15:48.116Z,45.825,-0.06913153827190399,-0.08778274804353714,-1.025708556175232
1614096868355,2021-02-23T16:15:48.131Z,45.865,-0.06644599139690399,-0.08875931054353714,-1.024976134300232
1614096868394,2021-02-23T16:15:48.145Z,45.904,-0.06839911639690399,-0.08924759179353714,-1.026440978050232
1614096868434,2021-02-23T16:15:48.147Z,45.944,-0.06864325702190399,-0.09022415429353714,-1.022290587425232
1614096868474,2021-02-23T16:15:48.161Z,45.984,-0.06986396014690399,-0.08949173241853714,-1.025952696800232
1614096868512,2021-02-23T16:15:48.191Z,46.022,-0.06864325702190399,-0.08802688866853714,-1.027417540550232
1614096868551,2021-02-23T16:15:48.221Z,46.061,-0.06864325702190399,-0.09046829491853714,-1.026196837425232
1614096868591,2021-02-23T16:15:48.235Z,46.101,-0.07010810077190399,-0.08875931054353714,-1.024243712425232
1614096868630,2021-02-23T16:15:48.250Z,46.14,-0.07035224139690399,-0.08998001366853714,-1.025220274925232
1614096868670,2021-02-23T16:15:48.266Z,46.18,-0.06913153827190399,-0.08900345116853714,-1.024731993675232
1614096868709,2021-02-23T16:15:48.295Z,46.219,-0.06864325702190399,-0.08973587304353714,-1.026685118675232
1614096868749,2021-02-23T16:15:48.297Z,46.259,-0.06791083514690399,-0.08973587304353714,-1.023755431175232
1614096868787,2021-02-23T16:15:48.312Z,46.297,-0.06913153827190399,-0.09095657616853714,-1.026685118675232
1614096868827,2021-02-23T16:15:48.326Z,46.337,-0.06888739764690399,-0.09046829491853714,-1.023755431175232
1614096868866,2021-02-23T16:15:48.341Z,46.376,-0.06937567889690399,-0.08973587304353714,-1.025952696800232
1614096868906,2021-02-23T16:15:48.355Z,46.416,-0.06766669452190399,-0.09071243554353714,-1.025708556175232
1614096868945,2021-02-23T16:15:48.370Z,46.455,-0.06717841327190399,-0.08875931054353714,-1.025952696800232
1614096868985,2021-02-23T16:15:48.371Z,46.495,-0.07035224139690399,-0.09144485741853714,-1.025464415550232
1614096869024,2021-02-23T16:15:48.386Z,46.534,-0.06986396014690399,-0.08900345116853714,-1.024487853050232
1614096869064,2021-02-23T16:15:48.401Z,46.574,-0.06791083514690399,-0.08998001366853714,-1.024243712425232
1614096869102,2021-02-23T16:15:48.431Z,46.612,-0.06595771014690399,-0.09071243554353714,-1.024976134300232
1614096869142,2021-02-23T16:15:48.446Z,46.652,-0.06839911639690399,-0.08875931054353714,-1.023755431175232
1614096869181,2021-02-23T16:15:48.460Z,46.691,-0.06864325702190399,-0.09120071679353714,-1.024976134300232
1614096869221,2021-02-23T16:15:48.462Z,46.731,-0.06864325702190399,-0.09168899804353714,-1.022534728050232
1614096869260,2021-02-23T16:15:48.477Z,46.77,-0.06864325702190399,-0.08827102929353714,-1.025464415550232
1614096869300,2021-02-23T16:15:48.491Z,46.81,-0.06888739764690399,-0.08949173241853714,-1.025952696800232
1614096869339,2021-02-23T16:15:48.506Z,46.849,-0.07084052264690399,-0.09168899804353714,-1.021558165550232
1614096869379,2021-02-23T16:15:48.535Z,46.889,-0.06937567889690399,-0.09095657616853714,-1.024487853050232
1614096869417,2021-02-23T16:15:48.550Z,46.927,-0.07059638202190399,-0.09168899804353714,-1.024243712425232
1614096869456,2021-02-23T16:15:48.552Z,46.966,-0.06937567889690399,-0.09022415429353714,-1.024487853050232
1614096869496,2021-02-23T16:15:48.567Z,47.006,-0.07084052264690399,-0.09071243554353714,-1.025708556175232
1614096869536,2021-02-23T16:15:48.581Z,47.046,-0.07035224139690399,-0.09071243554353714,-1.024243712425232
1614096869575,2021-02-23T16:15:48.597Z,47.085,-0.06913153827190399,-0.09242141991853714,-1.024976134300232
1614096869615,2021-02-23T16:15:48.611Z,47.125,-0.07010810077190399,-0.09071243554353714,-1.024487853050232
1614096869654,2021-02-23T16:15:48.640Z,47.164,-0.06913153827190399,-0.09290970116853714,-1.025464415550232
1614096869694,2021-02-23T16:15:48.642Z,47.204,-0.06913153827190399,-0.09290970116853714,-1.026929259300232
1614096869732,2021-02-23T16:15:48.657Z,47.242,-0.06913153827190399,-0.09144485741853714,-1.024976134300232
1614096869771,2021-02-23T16:15:48.671Z,47.281,-0.06913153827190399,-0.09120071679353714,-1.024243712425232
1614096869811,2021-02-23T16:15:48.686Z,47.321,-0.06864325702190399,-0.08924759179353714,-1.027417540550232
1614096869851,2021-02-23T16:15:48.700Z,47.361,-0.06913153827190399,-0.08924759179353714,-1.023999571800232
1614096869890,2021-02-23T16:15:48.715Z,47.4,-0.06839911639690399,-0.09168899804353714,-1.026196837425232
1614096869930,2021-02-23T16:15:48.717Z,47.44,-0.07010810077190399,-0.09144485741853714,-1.026440978050232
1614096869969,2021-02-23T16:15:48.746Z,47.479,-0.06913153827190399,-0.08924759179353714,-1.024976134300232
1614096870009,2021-02-23T16:15:48.761Z,47.519,-0.06839911639690399,-0.09217727929353714,-1.027905821800232
1614096870047,2021-02-23T16:15:48.776Z,47.557,-0.06986396014690399,-0.08924759179353714,-1.026440978050232
1614096870086,2021-02-23T16:15:48.790Z,47.596,-0.06888739764690399,-0.09266556054353714,-1.024976134300232
1614096870126,2021-02-23T16:15:48.792Z,47.636,-0.06913153827190399,-0.09193313866853714,-1.026929259300232
1614096870165,2021-02-23T16:15:48.820Z,47.675,-0.06888739764690399,-0.09266556054353714,-1.024243712425232
1614096870205,2021-02-23T16:15:48.850Z,47.715,-0.06937567889690399,-0.09168899804353714,-1.024976134300232
1614096870245,2021-02-23T16:15:48.852Z,47.755,-0.06864325702190399,-0.09193313866853714,-1.023023009300232
1614096870284,2021-02-23T16:15:48.911Z,47.794,-0.06986396014690399,-0.09095657616853714,-1.024976134300232
1614096870324,2021-02-23T16:15:48.926Z,47.834,-0.06913153827190399,-0.09242141991853714,-1.025708556175232
1614096870362,2021-02-23T16:15:48.955Z,47.872,-0.06864325702190399,-0.09266556054353714,-1.024731993675232
1614096870401,2021-02-23T16:15:48.957Z,47.911,-0.06888739764690399,-0.09071243554353714,-1.024487853050232
1614096870441,2021-02-23T16:15:49.001Z,47.951,-0.06986396014690399,-0.09217727929353714,-1.023999571800232
1614096870480,2021-02-23T16:15:49.016Z,47.99,-0.07084052264690399,-0.08998001366853714,-1.022290587425232
1614096870520,2021-02-23T16:15:49.030Z,48.03,-0.07035224139690399,-0.09242141991853714,-1.023267149925232
1614096870560,2021-02-23T16:15:49.032Z,48.07,-0.07035224139690399,-0.09022415429353714,-1.025708556175232
1614096870599,2021-02-23T16:15:49.061Z,48.109,-0.06986396014690399,-0.09217727929353714,-1.024243712425232
1614096870637,2021-02-23T16:15:49.090Z,48.147,-0.07181708514690399,-0.09071243554353714,-1.023999571800232
1614096870677,2021-02-23T16:15:49.092Z,48.187,-0.07084052264690399,-0.09413040429353714,-1.024487853050232
1614096870716,2021-02-23T16:15:49.106Z,48.226,-0.07010810077190399,-0.09168899804353714,-1.025220274925232
1614096870756,2021-02-23T16:15:49.122Z,48.266,-0.06986396014690399,-0.09339798241853714,-1.024487853050232
1614096870795,2021-02-23T16:15:49.136Z,48.305,-0.07010810077190399,-0.09242141991853714,-1.024487853050232
1614096870835,2021-02-23T16:15:49.150Z,48.345,-0.07084052264690399,-0.09022415429353714,-1.023023009300232
1614096870874,2021-02-23T16:15:49.152Z,48.384,-0.06986396014690399,-0.09071243554353714,-1.026685118675232
1614096870914,2021-02-23T16:15:49.167Z,48.424,-0.07035224139690399,-0.09168899804353714,-1.023023009300232
1614096870952,2021-02-23T16:15:49.197Z,48.462,-0.07132880389690399,-0.09437454491853714,-1.022290587425232
1614096870992,2021-02-23T16:15:49.211Z,48.502,-0.07132880389690399,-0.09046829491853714,-1.025220274925232
1614096871031,2021-02-23T16:15:49.226Z,48.541,-0.07059638202190399,-0.09144485741853714,-1.025952696800232
1614096871071,2021-02-23T16:15:49.241Z,48.581,-0.06986396014690399,-0.09120071679353714,-1.025708556175232
1614096871110,2021-02-23T16:15:49.255Z,48.62,-0.06986396014690399,-0.09266556054353714,-1.024487853050232
1614096871150,2021-02-23T16:15:49.271Z,48.66,-0.07157294452190399,-0.09193313866853714,-1.024976134300232
1614096871189,2021-02-23T16:15:49.300Z,48.699,-0.07108466327190399,-0.09339798241853714,-1.022778868675232
1614096871229,2021-02-23T16:15:49.315Z,48.739,-0.07059638202190399,-0.09290970116853714,-1.024487853050232
1614096871267,2021-02-23T16:15:49.317Z,48.777,-0.07206122577190399,-0.09242141991853714,-1.026685118675232
1614096871307,2021-02-23T16:15:49.345Z,48.817,-0.07181708514690399,-0.09120071679353714,-1.024487853050232
1614096871346,2021-02-23T16:15:49.360Z,48.856,-0.07230536639690399,-0.09095657616853714,-1.025464415550232
1614096871386,2021-02-23T16:15:49.376Z,48.896,-0.07206122577190399,-0.09071243554353714,-1.024731993675232
1614096871425,2021-02-23T16:15:49.405Z,48.935,-0.07181708514690399,-0.09217727929353714,-1.024731993675232
1614096871465,2021-02-23T16:15:49.421Z,48.975,-0.07084052264690399,-0.09168899804353714,-1.024243712425232
1614096871504,2021-02-23T16:15:49.436Z,49.014,-0.07254950702190399,-0.09168899804353714,-1.025220274925232
1614096871544,2021-02-23T16:15:49.450Z,49.054,-0.07132880389690399,-0.09095657616853714,-1.026440978050232
1614096871582,2021-02-23T16:15:49.452Z,49.092,-0.07206122577190399,-0.08998001366853714,-1.024243712425232
1614096871622,2021-02-23T16:15:49.467Z,49.132,-0.07035224139690399,-0.09144485741853714,-1.024731993675232
1614096871661,2021-02-23T16:15:49.482Z,49.171,-0.07254950702190399,-0.09120071679353714,-1.024731993675232
1614096871701,2021-02-23T16:15:49.511Z,49.211,-0.07303778827190399,-0.09046829491853714,-1.025220274925232
1614096871740,2021-02-23T16:15:49.525Z,49.25,-0.07181708514690399,-0.09095657616853714,-1.025220274925232
1614096871780,2021-02-23T16:15:49.527Z,49.29,-0.07254950702190399,-0.08924759179353714,-1.024731993675232
1614096871819,2021-02-23T16:15:49.542Z,49.329,-0.07181708514690399,-0.09193313866853714,-1.024731993675232
1614096871859,2021-02-23T16:15:49.556Z,49.369,-0.07181708514690399,-0.09095657616853714,-1.024243712425232
1614096871897,2021-02-23T16:15:49.571Z,49.407,-0.07181708514690399,-0.09144485741853714,-1.025952696800232
1614096871936,2021-02-23T16:15:49.585Z,49.446,-0.07377021014690399,-0.09095657616853714,-1.024731993675232
1614096871976,2021-02-23T16:15:49.615Z,49.486,-0.07303778827190399,-0.09095657616853714,-1.025464415550232
1614096872016,2021-02-23T16:15:49.617Z,49.526,-0.07230536639690399,-0.09095657616853714,-1.025952696800232
1614096872055,2021-02-23T16:15:49.660Z,49.565,-0.07181708514690399,-0.09095657616853714,-1.022290587425232
1614096872095,2021-02-23T16:15:49.662Z,49.605,-0.07328192889690399,-0.08827102929353714,-1.024487853050232
1614096872134,2021-02-23T16:15:49.677Z,49.644,-0.07181708514690399,-0.09022415429353714,-1.023999571800232
1614096872174,2021-02-23T16:15:49.691Z,49.684,-0.07230536639690399,-0.09046829491853714,-1.025464415550232
1614096872212,2021-02-23T16:15:49.706Z,49.722,-0.07352606952190399,-0.09046829491853714,-1.026440978050232
1614096872251,2021-02-23T16:15:49.720Z,49.761,-0.07328192889690399,-0.08998001366853714,-1.027417540550232
1614096872291,2021-02-23T16:15:49.765Z,49.801,-0.07254950702190399,-0.08949173241853714,-1.025220274925232
1614096872331,2021-02-23T16:15:49.767Z,49.841,-0.07547919452190399,-0.08949173241853714,-1.023999571800232
1614096872370,2021-02-23T16:15:49.781Z,49.88,-0.07523505389690399,-0.09022415429353714,-1.025708556175232
1614096872410,2021-02-23T16:15:49.796Z,49.92,-0.07401435077190399,-0.08949173241853714,-1.024731993675232
1614096872449,2021-02-23T16:15:49.812Z,49.959,-0.07499091327190399,-0.09095657616853714,-1.024976134300232
1614096872487,2021-02-23T16:15:49.825Z,49.997,-0.07328192889690399,-0.08827102929353714,-1.025220274925232
1614096872527,2021-02-23T16:15:49.827Z,50.037,-0.07377021014690399,-0.08802688866853714,-1.025464415550232
1614096872566,2021-02-23T16:15:49.871Z,50.076,-0.07572333514690399,-0.08753860741853714,-1.025220274925232
1614096872606,2021-02-23T16:15:49.886Z,50.116,-0.07718817889690399,-0.08998001366853714,-1.025464415550232
1614096872645,2021-02-23T16:15:49.901Z,50.155,-0.07450263202190399,-0.08705032616853714,-1.022778868675232
1614096872685,2021-02-23T16:15:49.916Z,50.195,-0.07743231952190399,-0.08900345116853714,-1.025708556175232
1614096872725,2021-02-23T16:15:49.931Z,50.235,-0.07547919452190399,-0.08753860741853714,-1.023755431175232
1614096872764,2021-02-23T16:15:49.961Z,50.274,-0.07547919452190399,-0.08534134179353714,-1.026196837425232
1614096872802,2021-02-23T16:15:49.990Z,50.312,-0.07596747577190399,-0.08778274804353714,-1.024976134300232
1614096872842,2021-02-23T16:15:49.992Z,50.352,-0.07450263202190399,-0.08705032616853714,-1.025464415550232
1614096872881,2021-02-23T16:15:50.006Z,50.391,-0.07743231952190399,-0.08802688866853714,-1.025464415550232
1614096872921,2021-02-23T16:15:50.021Z,50.431,-0.07743231952190399,-0.08680618554353714,-1.023999571800232
1614096872960,2021-02-23T16:15:50.036Z,50.47,-0.07499091327190399,-0.08753860741853714,-1.023999571800232
1614096873000,2021-02-23T16:15:50.065Z,50.51,-0.07596747577190399,-0.08656204491853714,-1.028394103050232
1614096873039,2021-02-23T16:15:50.068Z,50.549,-0.07572333514690399,-0.08680618554353714,-1.023511290550232
1614096873079,2021-02-23T16:15:50.098Z,50.589,-0.07645575702190399,-0.08558548241853714,-1.025464415550232
1614096873117,2021-02-23T16:15:50.112Z,50.627,-0.07718817889690399,-0.08680618554353714,-1.024487853050232
1614096873157,2021-02-23T16:15:50.126Z,50.667,-0.07547919452190399,-0.08656204491853714,-1.026685118675232
1614096873196,2021-02-23T16:15:50.140Z,50.706,-0.07840888202190399,-0.08534134179353714,-1.023755431175232
1614096873236,2021-02-23T16:15:50.155Z,50.746,-0.07792060077190399,-0.08582962304353714,-1.023267149925232
1614096873275,2021-02-23T16:15:50.157Z,50.785,-0.07669989764690399,-0.08631790429353714,-1.024976134300232
1614096873315,2021-02-23T16:15:50.171Z,50.825,-0.07743231952190399,-0.08485306054353714,-1.024487853050232
1614096873354,2021-02-23T16:15:50.201Z,50.864,-0.07694403827190399,-0.08607376366853714,-1.023023009300232
1614096873394,2021-02-23T16:15:50.246Z,50.904,-0.07938544452190399,-0.08509720116853714,-1.026196837425232
1614096873432,2021-02-23T16:15:50.261Z,50.942,-0.07840888202190399,-0.08534134179353714,-1.025708556175232
1614096873472,2021-02-23T16:15:50.276Z,50.982,-0.07694403827190399,-0.08705032616853714,-1.025220274925232
1614096873511,2021-02-23T16:15:50.305Z,51.021,-0.07865302264690399,-0.08631790429353714,-1.022778868675232
1614096873551,2021-02-23T16:15:50.307Z,51.061,-0.07718817889690399,-0.08631790429353714,-1.023511290550232
1614096873590,2021-02-23T16:15:50.321Z,51.1,-0.07889716327190399,-0.08363235741853714,-1.025708556175232
1614096873630,2021-02-23T16:15:50.336Z,51.14,-0.07816474139690399,-0.08485306054353714,-1.023023009300232
1614096873669,2021-02-23T16:15:50.351Z,51.179,-0.07743231952190399,-0.08460891991853714,-1.022290587425232
1614096873709,2021-02-23T16:15:50.365Z,51.219,-0.07914130389690399,-0.08436477929353714,-1.025464415550232
1614096873747,2021-02-23T16:15:50.367Z,51.257,-0.07669989764690399,-0.08534134179353714,-1.026440978050232
1614096873787,2021-02-23T16:15:50.382Z,51.297,-0.07816474139690399,-0.08460891991853714,-1.027173399925232
1614096873826,2021-02-23T16:15:50.412Z,51.336,-0.07962958514690399,-0.08534134179353714,-1.024243712425232
1614096873866,2021-02-23T16:15:50.441Z,51.376,-0.07914130389690399,-0.08314407616853714,-1.026929259300232
1614096873905,2021-02-23T16:15:50.456Z,51.415,-0.07792060077190399,-0.08314407616853714,-1.023999571800232
1614096873945,2021-02-23T16:15:50.485Z,51.455,-0.07694403827190399,-0.08387649804353714,-1.021802306175232
1614096873984,2021-02-23T16:15:50.487Z,51.494,-0.07889716327190399,-0.08705032616853714,-1.028638243675232
1614096874024,2021-02-23T16:15:50.530Z,51.534,-0.07865302264690399,-0.08460891991853714,-1.023999571800232
1614096874062,2021-02-23T16:15:50.532Z,51.572,-0.08011786639690399,-0.08460891991853714,-1.025464415550232
1614096874102,2021-02-23T16:15:50.547Z,51.612,-0.07840888202190399,-0.08241165429353714,-1.026685118675232
1614096874141,2021-02-23T16:15:50.561Z,51.651,-0.08036200702190399,-0.08485306054353714,-1.025220274925232
1614096874181,2021-02-23T16:15:50.576Z,51.691,-0.07962958514690399,-0.08363235741853714,-1.024487853050232
1614096874220,2021-02-23T16:15:50.591Z,51.73,-0.08085028827190399,-0.08412063866853714,-1.025220274925232
1614096874260,2021-02-23T16:15:50.605Z,51.77,-0.08011786639690399,-0.08412063866853714,-1.024487853050232
1614096874299,2021-02-23T16:15:50.621Z,51.809,-0.08036200702190399,-0.08485306054353714,-1.024243712425232
1614096874337,2021-02-23T16:15:50.650Z,51.847,-0.07792060077190399,-0.08338821679353714,-1.024487853050232
1614096874377,2021-02-23T16:15:50.665Z,51.887,-0.08085028827190399,-0.08412063866853714,-1.024487853050232
1614096874416,2021-02-23T16:15:50.667Z,51.926,-0.07938544452190399,-0.08485306054353714,-1.025220274925232
1614096874456,2021-02-23T16:15:50.682Z,51.966,-0.07840888202190399,-0.08485306054353714,-1.023023009300232
1614096874496,2021-02-23T16:15:50.696Z,52.006,-0.08060614764690399,-0.08289993554353714,-1.023999571800232
1614096874535,2021-02-23T16:15:50.726Z,52.045,-0.07889716327190399,-0.08387649804353714,-1.023267149925232
1614096874575,2021-02-23T16:15:50.755Z,52.085,-0.08036200702190399,-0.08363235741853714,-1.023999571800232
1614096874614,2021-02-23T16:15:50.757Z,52.124,-0.07938544452190399,-0.08534134179353714,-1.023755431175232
1614096874652,2021-02-23T16:15:50.772Z,52.162,-0.07840888202190399,-0.08436477929353714,-1.024243712425232
1614096874692,2021-02-23T16:15:50.786Z,52.202,-0.08036200702190399,-0.08387649804353714,-1.023267149925232
1614096874731,2021-02-23T16:15:50.801Z,52.241,-0.07962958514690399,-0.08338821679353714,-1.022778868675232
1614096874771,2021-02-23T16:15:50.831Z,52.281,-0.07962958514690399,-0.08485306054353714,-1.026196837425232
1614096874810,2021-02-23T16:15:50.860Z,52.32,-0.08109442889690399,-0.08192337304353714,-1.024731993675232
1614096874850,2021-02-23T16:15:50.875Z,52.36,-0.08060614764690399,-0.08241165429353714,-1.023267149925232
1614096874890,2021-02-23T16:15:50.877Z,52.4,-0.08060614764690399,-0.08314407616853714,-1.024243712425232
1614096874929,2021-02-23T16:15:50.891Z,52.439,-0.08133856952190399,-0.08412063866853714,-1.024487853050232
1614096874967,2021-02-23T16:15:50.906Z,52.477,-0.07938544452190399,-0.08460891991853714,-1.023023009300232
1614096875007,2021-02-23T16:15:50.921Z,52.517,-0.08158271014690399,-0.08412063866853714,-1.022534728050232
1614096875046,2021-02-23T16:15:50.935Z,52.556,-0.08011786639690399,-0.08119095116853714,-1.024976134300232
1614096875086,2021-02-23T16:15:50.937Z,52.596,-0.07865302264690399,-0.08338821679353714,-1.025464415550232
1614096875125,2021-02-23T16:15:50.967Z,52.635,-0.07987372577190399,-0.08241165429353714,-1.024243712425232
1614096875165,2021-02-23T16:15:50.982Z,52.675,-0.08011786639690399,-0.08387649804353714,-1.022534728050232
1614096875205,2021-02-23T16:15:50.996Z,52.715,-0.07889716327190399,-0.08436477929353714,-1.026196837425232
1614096875244,2021-02-23T16:15:51.012Z,52.754,-0.08085028827190399,-0.08045852929353714,-1.025220274925232
1614096875282,2021-02-23T16:15:51.026Z,52.792,-0.07962958514690399,-0.08314407616853714,-1.024731993675232
1614096875322,2021-02-23T16:15:51.043Z,52.832,-0.07962958514690399,-0.08363235741853714,-1.024976134300232
1614096875361,2021-02-23T16:15:51.085Z,52.871,-0.07914130389690399,-0.08241165429353714,-1.025708556175232
1614096875401,2021-02-23T16:15:51.087Z,52.911,-0.08182685077190399,-0.08338821679353714,-1.024731993675232
1614096875440,2021-02-23T16:15:51.101Z,52.95,-0.08182685077190399,-0.08412063866853714,-1.024731993675232
1614096875480,2021-02-23T16:15:51.117Z,52.99,-0.07938544452190399,-0.08289993554353714,-1.024731993675232
1614096875519,2021-02-23T16:15:51.131Z,53.029,-0.07962958514690399,-0.08241165429353714,-1.024243712425232
1614096875558,2021-02-23T16:15:51.145Z,53.068,-0.08109442889690399,-0.08314407616853714,-1.025464415550232
1614096875597,2021-02-23T16:15:51.147Z,53.107,-0.08158271014690399,-0.08119095116853714,-1.025464415550232
1614096875637,2021-02-23T16:15:51.177Z,53.147,-0.08329169452190399,-0.08143509179353714,-1.024243712425232
1614096875676,2021-02-23T16:15:51.206Z,53.186,-0.08011786639690399,-0.08338821679353714,-1.023511290550232
1614096875716,2021-02-23T16:15:51.221Z,53.226,-0.08011786639690399,-0.08363235741853714,-1.023755431175232
1614096875755,2021-02-23T16:15:51.235Z,53.265,-0.08085028827190399,-0.08216751366853714,-1.022046446800232
1614096875795,2021-02-23T16:15:51.250Z,53.305,-0.07914130389690399,-0.08485306054353714,-1.026440978050232
1614096875834,2021-02-23T16:15:51.252Z,53.344,-0.08231513202190399,-0.08216751366853714,-1.024243712425232
1614096875873,2021-02-23T16:15:51.281Z,53.383,-0.08207099139690399,-0.08338821679353714,-1.024487853050232
1614096875912,2021-02-23T16:15:51.311Z,53.422,-0.08353583514690399,-0.08241165429353714,-1.026929259300232
1614096875952,2021-02-23T16:15:51.326Z,53.462,-0.08085028827190399,-0.08192337304353714,-1.024487853050232
1614096875991,2021-02-23T16:15:51.340Z,53.501,-0.08158271014690399,-0.08216751366853714,-1.023267149925232
1614096876031,2021-02-23T16:15:51.342Z,53.541,-0.08158271014690399,-0.08143509179353714,-1.024487853050232
1614096876070,2021-02-23T16:15:51.357Z,53.58,-0.08182685077190399,-0.08070266991853714,-1.023999571800232
1614096876110,2021-02-23T16:15:51.385Z,53.62,-0.08085028827190399,-0.08314407616853714,-1.025220274925232
1614096876149,2021-02-23T16:15:51.386Z,53.659,-0.08133856952190399,-0.08045852929353714,-1.023023009300232
1614096876187,2021-02-23T16:15:51.416Z,53.697,-0.07889716327190399,-0.08241165429353714,-1.024487853050232
1614096876227,2021-02-23T16:15:51.430Z,53.737,-0.08231513202190399,-0.08192337304353714,-1.023511290550232
1614096876267,2021-02-23T16:15:51.445Z,53.777,-0.08060614764690399,-0.08216751366853714,-1.023999571800232
1614096876306,2021-02-23T16:15:51.447Z,53.816,-0.08231513202190399,-0.08167923241853714,-1.022290587425232
1614096876346,2021-02-23T16:15:51.461Z,53.856,-0.08182685077190399,-0.08387649804353714,-1.026440978050232
1614096876385,2021-02-23T16:15:51.476Z,53.895,-0.08060614764690399,-0.08143509179353714,-1.025464415550232
1614096876425,2021-02-23T16:15:51.491Z,53.935,-0.08158271014690399,-0.08167923241853714,-1.024487853050232
1614096876464,2021-02-23T16:15:51.520Z,53.974,-0.08329169452190399,-0.08192337304353714,-1.025952696800232
1614096876502,2021-02-23T16:15:51.566Z,54.012,-0.08133856952190399,-0.08216751366853714,-1.025220274925232
1614096876542,2021-02-23T16:15:51.581Z,54.052,-0.07987372577190399,-0.08021438866853714,-1.023999571800232
1614096876581,2021-02-23T16:15:51.597Z,54.091,-0.08085028827190399,-0.08241165429353714,-1.023511290550232
1614096876621,2021-02-23T16:15:51.626Z,54.131,-0.08060614764690399,-0.08021438866853714,-1.024243712425232
1614096876661,2021-02-23T16:15:51.655Z,54.171,-0.08133856952190399,-0.08143509179353714,-1.023511290550232
1614096876700,2021-02-23T16:15:51.658Z,54.21,-0.07938544452190399,-0.08314407616853714,-1.025952696800232
1614096876740,2021-02-23T16:15:51.686Z,54.25,-0.08158271014690399,-0.08241165429353714,-1.024487853050232
1614096876779,2021-02-23T16:15:51.701Z,54.289,-0.08329169452190399,-0.08241165429353714,-1.023511290550232
1614096876817,2021-02-23T16:15:51.716Z,54.327,-0.08255927264690399,-0.08216751366853714,-1.024731993675232
1614096876857,2021-02-23T16:15:51.731Z,54.367,-0.07914130389690399,-0.08338821679353714,-1.023999571800232
1614096876896,2021-02-23T16:15:51.761Z,54.406,-0.08329169452190399,-0.08167923241853714,-1.022534728050232
1614096876936,2021-02-23T16:15:51.790Z,54.446,-0.07938544452190399,-0.08070266991853714,-1.024976134300232
1614096876976,2021-02-23T16:15:51.805Z,54.486,-0.08158271014690399,-0.08216751366853714,-1.025708556175232
1614096877015,2021-02-23T16:15:51.807Z,54.525,-0.08085028827190399,-0.08143509179353714,-1.022534728050232
1614096877055,2021-02-23T16:15:51.821Z,54.565,-0.08207099139690399,-0.08119095116853714,-1.025952696800232
1614096877093,2021-02-23T16:15:51.836Z,54.603,-0.08280341327190399,-0.08119095116853714,-1.024976134300232
1614096877132,2021-02-23T16:15:51.866Z,54.642,-0.08158271014690399,-0.08192337304353714,-1.024976134300232
1614096877172,2021-02-23T16:15:51.895Z,54.682,-0.08182685077190399,-0.08363235741853714,-1.025952696800232
1614096877211,2021-02-23T16:15:51.897Z,54.721,-0.08353583514690399,-0.08094681054353714,-1.024976134300232
1614096877251,2021-02-23T16:15:51.912Z,54.761,-0.08133856952190399,-0.08070266991853714,-1.022046446800232
1614096877290,2021-02-23T16:15:51.927Z,54.8,-0.08109442889690399,-0.08192337304353714,-1.025708556175232
1614096877330,2021-02-23T16:15:51.941Z,54.84,-0.08353583514690399,-0.08216751366853714,-1.024976134300232
1614096877370,2021-02-23T16:15:51.970Z,54.88,-0.08280341327190399,-0.08241165429353714,-1.024243712425232
1614096877408,2021-02-23T16:15:51.985Z,54.918,-0.08255927264690399,-0.08192337304353714,-1.024976134300232
1614096877447,2021-02-23T16:15:51.987Z,54.957,-0.08231513202190399,-0.08070266991853714,-1.024243712425232
1614096877487,2021-02-23T16:15:52.015Z,54.997,-0.08304755389690399,-0.08070266991853714,-1.024487853050232
1614096877526,2021-02-23T16:15:52.017Z,55.036,-0.08207099139690399,-0.08119095116853714,-1.021314024925232
1614096877566,2021-02-23T16:15:52.032Z,55.076,-0.08304755389690399,-0.08314407616853714,-1.024487853050232
1614096877605,2021-02-23T16:15:52.046Z,55.115,-0.08329169452190399,-0.07874954491853714,-1.023023009300232
1614096877645,2021-02-23T16:15:52.076Z,55.155,-0.08158271014690399,-0.07948196679353714,-1.023023009300232
1614096877685,2021-02-23T16:15:52.090Z,55.195,-0.08085028827190399,-0.08045852929353714,-1.024731993675232
1614096877723,2021-02-23T16:15:52.120Z,55.233,-0.08207099139690399,-0.08241165429353714,-1.025952696800232
1614096877762,2021-02-23T16:15:52.122Z,55.272,-0.08304755389690399,-0.08119095116853714,-1.025220274925232
1614096877802,2021-02-23T16:15:52.150Z,55.312,-0.08280341327190399,-0.08143509179353714,-1.024487853050232
1614096877841,2021-02-23T16:15:52.152Z,55.351,-0.08255927264690399,-0.08265579491853714,-1.027173399925232
1614096877881,2021-02-23T16:15:52.180Z,55.391,-0.08182685077190399,-0.08021438866853714,-1.025708556175232
1614096877920,2021-02-23T16:15:52.182Z,55.43,-0.08255927264690399,-0.08070266991853714,-1.025464415550232
1614096877960,2021-02-23T16:15:52.227Z,55.47,-0.08158271014690399,-0.08265579491853714,-1.021314024925232
1614096877999,2021-02-23T16:15:52.241Z,55.509,-0.08085028827190399,-0.08045852929353714,-1.024243712425232
1614096878038,2021-02-23T16:15:52.256Z,55.548,-0.08133856952190399,-0.08216751366853714,-1.024976134300232
1614096878077,2021-02-23T16:15:52.270Z,55.587,-0.08182685077190399,-0.08021438866853714,-1.024487853050232
1614096878117,2021-02-23T16:15:52.286Z,55.627,-0.08377997577190399,-0.07972610741853714,-1.023267149925232
1614096878156,2021-02-23T16:15:52.315Z,55.666,-0.08280341327190399,-0.08216751366853714,-1.023999571800232
1614096878196,2021-02-23T16:15:52.330Z,55.706,-0.08011786639690399,-0.07997024804353714,-1.027905821800232
1614096878235,2021-02-23T16:15:52.332Z,55.745,-0.08255927264690399,-0.08143509179353714,-1.022046446800232
1614096878275,2021-02-23T16:15:52.346Z,55.785,-0.08304755389690399,-0.08143509179353714,-1.024243712425232
1614096878314,2021-02-23T16:15:52.361Z,55.824,-0.08475653827190399,-0.08167923241853714,-1.024731993675232
1614096878352,2021-02-23T16:15:52.376Z,55.862,-0.08231513202190399,-0.08021438866853714,-1.023755431175232
1614096878392,2021-02-23T16:15:52.390Z,55.902,-0.08060614764690399,-0.08192337304353714,-1.023755431175232
1614096878432,2021-02-23T16:15:52.392Z,55.942,-0.08231513202190399,-0.08070266991853714,-1.024243712425232
1614096878471,2021-02-23T16:15:52.421Z,55.981,-0.08085028827190399,-0.07923782616853714,-1.023755431175232
1614096878511,2021-02-23T16:15:52.436Z,56.021,-0.08085028827190399,-0.08143509179353714,-1.023511290550232
1614096878550,2021-02-23T16:15:52.451Z,56.06,-0.08402411639690399,-0.08094681054353714,-1.024487853050232
1614096878590,2021-02-23T16:15:52.465Z,56.1,-0.08329169452190399,-0.08192337304353714,-1.023511290550232
1614096878628,2021-02-23T16:15:52.467Z,56.138,-0.08451239764690399,-0.07997024804353714,-1.023755431175232
1614096878667,2021-02-23T16:15:52.482Z,56.177,-0.08377997577190399,-0.07850540429353714,-1.025220274925232
1614096878707,2021-02-23T16:15:52.496Z,56.217,-0.08426825702190399,-0.08216751366853714,-1.025464415550232
1614096878747,2021-02-23T16:15:52.526Z,56.257,-0.08353583514690399,-0.08314407616853714,-1.023511290550232
1614096878786,2021-02-23T16:15:52.540Z,56.296,-0.08255927264690399,-0.08021438866853714,-1.025952696800232
1614096878826,2021-02-23T16:15:52.556Z,56.336,-0.08231513202190399,-0.08192337304353714,-1.024487853050232
1614096878865,2021-02-23T16:15:52.570Z,56.375,-0.08304755389690399,-0.08241165429353714,-1.023755431175232
1614096878905,2021-02-23T16:15:52.573Z,56.415,-0.08475653827190399,-0.08289993554353714,-1.023023009300232
1614096878943,2021-02-23T16:15:52.586Z,56.453,-0.08255927264690399,-0.07997024804353714,-1.025708556175232
1614096878982,2021-02-23T16:15:52.601Z,56.492,-0.08231513202190399,-0.08070266991853714,-1.023511290550232
1614096879022,2021-02-23T16:15:52.631Z,56.532,-0.08377997577190399,-0.08143509179353714,-1.026196837425232
1614096879061,2021-02-23T16:15:52.645Z,56.571,-0.08548896014690399,-0.08045852929353714,-1.024976134300232
1614096879101,2021-02-23T16:15:52.647Z,56.611,-0.08280341327190399,-0.08216751366853714,-1.023511290550232
1614096879141,2021-02-23T16:15:52.676Z,56.651,-0.08158271014690399,-0.08143509179353714,-1.024487853050232
1614096879180,2021-02-23T16:15:52.690Z,56.69,-0.08133856952190399,-0.08094681054353714,-1.023267149925232
1614096879220,2021-02-23T16:15:52.706Z,56.73,-0.08377997577190399,-0.08143509179353714,-1.025464415550232
1614096879258,2021-02-23T16:15:52.735Z,56.768,-0.08426825702190399,-0.07997024804353714,-1.025220274925232
1614096879297,2021-02-23T16:15:52.750Z,56.807,-0.08402411639690399,-0.08045852929353714,-1.024731993675232
1614096879337,2021-02-23T16:15:52.752Z,56.847,-0.08353583514690399,-0.08167923241853714,-1.024487853050232
1614096879376,2021-02-23T16:15:52.766Z,56.886,-0.08255927264690399,-0.07899368554353714,-1.023755431175232
1614096879416,2021-02-23T16:15:52.781Z,56.926,-0.08426825702190399,-0.08192337304353714,-1.022778868675232
1614096879456,2021-02-23T16:15:52.796Z,56.966,-0.08426825702190399,-0.08192337304353714,-1.027417540550232
1614096879495,2021-02-23T16:15:52.810Z,57.005,-0.08280341327190399,-0.08167923241853714,-1.023755431175232
1614096879535,2021-02-23T16:15:52.812Z,57.045,-0.08085028827190399,-0.08143509179353714,-1.023999571800232
1614096879573,2021-02-23T16:15:52.871Z,57.083,-0.08231513202190399,-0.08070266991853714,-1.024487853050232
1614096879612,2021-02-23T16:15:52.885Z,57.122,-0.08402411639690399,-0.08167923241853714,-1.022534728050232
1614096879652,2021-02-23T16:15:52.888Z,57.162,-0.08280341327190399,-0.07752884179353714,-1.022778868675232
1614096879691,2021-02-23T16:15:52.901Z,57.201,-0.08426825702190399,-0.07997024804353714,-1.025952696800232
1614096879731,2021-02-23T16:15:52.916Z,57.241,-0.08231513202190399,-0.08021438866853714,-1.025464415550232
1614096879770,2021-02-23T16:15:52.945Z,57.28,-0.08280341327190399,-0.07923782616853714,-1.023755431175232
1614096879810,2021-02-23T16:15:52.947Z,57.32,-0.08377997577190399,-0.08045852929353714,-1.025464415550232
1614096879850,2021-02-23T16:15:52.992Z,57.36,-0.08304755389690399,-0.07899368554353714,-1.020581603050232
1614096879888,2021-02-23T16:15:53.006Z,57.398,-0.08500067889690399,-0.08045852929353714,-1.025708556175232
1614096879927,2021-02-23T16:15:53.021Z,57.437,-0.08304755389690399,-0.08167923241853714,-1.024487853050232
1614096879967,2021-02-23T16:15:53.051Z,57.477,-0.08500067889690399,-0.08045852929353714,-1.024976134300232
1614096880006,2021-02-23T16:15:53.081Z,57.516,-0.08500067889690399,-0.08216751366853714,-1.023755431175232
1614096880046,2021-02-23T16:15:53.095Z,57.556,-0.08280341327190399,-0.07997024804353714,-1.026196837425232
1614096880085,2021-02-23T16:15:53.097Z,57.595,-0.08353583514690399,-0.07899368554353714,-1.024243712425232
1614096880125,2021-02-23T16:15:53.112Z,57.635,-0.08377997577190399,-0.08216751366853714,-1.022778868675232
1614096880164,2021-02-23T16:15:53.127Z,57.674,-0.08426825702190399,-0.08094681054353714,-1.024487853050232
1614096880203,2021-02-23T16:15:53.141Z,57.713,-0.08255927264690399,-0.08119095116853714,-1.024731993675232
1614096880242,2021-02-23T16:15:53.155Z,57.752,-0.08500067889690399,-0.08021438866853714,-1.023755431175232
1614096880282,2021-02-23T16:15:53.185Z,57.792,-0.08304755389690399,-0.07874954491853714,-1.024243712425232
1614096880321,2021-02-23T16:15:53.187Z,57.831,-0.08426825702190399,-0.07923782616853714,-1.025464415550232
1614096880361,2021-02-23T16:15:53.201Z,57.871,-0.08280341327190399,-0.08119095116853714,-1.023023009300232
1614096880400,2021-02-23T16:15:53.230Z,57.91,-0.08280341327190399,-0.08241165429353714,-1.027905821800232
1614096880440,2021-02-23T16:15:53.245Z,57.95,-0.08475653827190399,-0.08021438866853714,-1.021558165550232
1614096880479,2021-02-23T16:15:53.261Z,57.989,-0.08207099139690399,-0.08070266991853714,-1.024487853050232
1614096880518,2021-02-23T16:15:53.275Z,58.028,-0.08182685077190399,-0.07948196679353714,-1.024731993675232
1614096880557,2021-02-23T16:15:53.291Z,58.067,-0.08573310077190399,-0.07972610741853714,-1.022046446800232
1614096880597,2021-02-23T16:15:53.321Z,58.107,-0.08402411639690399,-0.08070266991853714,-1.023999571800232
1614096880636,2021-02-23T16:15:53.335Z,58.146,-0.08426825702190399,-0.07972610741853714,-1.024243712425232
1614096880676,2021-02-23T16:15:53.337Z,58.186,-0.08573310077190399,-0.07948196679353714,-1.024243712425232
1614096880715,2021-02-23T16:15:53.351Z,58.225,-0.08426825702190399,-0.08289993554353714,-1.024976134300232
1614096880755,2021-02-23T16:15:53.366Z,58.265,-0.08329169452190399,-0.08070266991853714,-1.022778868675232
1614096880794,2021-02-23T16:15:53.381Z,58.304,-0.08548896014690399,-0.08070266991853714,-1.021558165550232
1614096880832,2021-02-23T16:15:53.396Z,58.342,-0.08524481952190399,-0.07899368554353714,-1.024731993675232
1614096880872,2021-02-23T16:15:53.426Z,58.382,-0.08353583514690399,-0.07972610741853714,-1.024243712425232
1614096880912,2021-02-23T16:15:53.441Z,58.422,-0.08329169452190399,-0.07801712304353714,-1.023999571800232
1614096880951,2021-02-23T16:15:53.455Z,58.461,-0.08255927264690399,-0.08070266991853714,-1.022778868675232
1614096880991,2021-02-23T16:15:53.457Z,58.501,-0.08524481952190399,-0.08021438866853714,-1.023023009300232
1614096881030,2021-02-23T16:15:53.472Z,58.54,-0.08475653827190399,-0.08021438866853714,-1.023511290550232
1614096881070,2021-02-23T16:15:53.487Z,58.58,-0.08500067889690399,-0.08265579491853714,-1.022778868675232
1614096881108,2021-02-23T16:15:53.501Z,58.618,-0.08500067889690399,-0.07997024804353714,-1.025464415550232
1614096881147,2021-02-23T16:15:53.530Z,58.657,-0.08426825702190399,-0.07972610741853714,-1.021558165550232
1614096881187,2021-02-23T16:15:53.532Z,58.697,-0.08622138202190399,-0.07923782616853714,-1.024976134300232
1614096881227,2021-02-23T16:15:53.547Z,58.737,-0.08329169452190399,-0.08021438866853714,-1.023511290550232
1614096881266,2021-02-23T16:15:53.561Z,58.776,-0.08548896014690399,-0.07826126366853714,-1.024731993675232
1614096881306,2021-02-23T16:15:53.576Z,58.816,-0.08377997577190399,-0.08094681054353714,-1.025708556175232
1614096881345,2021-02-23T16:15:53.590Z,58.855,-0.08451239764690399,-0.08167923241853714,-1.023755431175232
1614096881385,2021-02-23T16:15:53.605Z,58.895,-0.08353583514690399,-0.07997024804353714,-1.025708556175232
1614096881423,2021-02-23T16:15:53.607Z,58.933,-0.08353583514690399,-0.08045852929353714,-1.023755431175232
1614096881462,2021-02-23T16:15:53.636Z,58.972,-0.08353583514690399,-0.07997024804353714,-1.022290587425232
1614096881502,2021-02-23T16:15:53.652Z,59.012,-0.08524481952190399,-0.07972610741853714,-1.024976134300232
1614096881541,2021-02-23T16:15:53.666Z,59.051,-0.08475653827190399,-0.08070266991853714,-1.027173399925232
1614096881581,2021-02-23T16:15:53.680Z,59.091,-0.08573310077190399,-0.07997024804353714,-1.022290587425232
1614096881621,2021-02-23T16:15:53.682Z,59.131,-0.08475653827190399,-0.07948196679353714,-1.022046446800232
1614096881660,2021-02-23T16:15:53.696Z,59.17,-0.08426825702190399,-0.07948196679353714,-1.023023009300232
1614096881700,2021-02-23T16:15:53.711Z,59.21,-0.08255927264690399,-0.07997024804353714,-1.025952696800232
1614096881738,2021-02-23T16:15:53.741Z,59.248,-0.08548896014690399,-0.07850540429353714,-1.024243712425232
1614096881777,2021-02-23T16:15:53.755Z,59.287,-0.08377997577190399,-0.07997024804353714,-1.022534728050232
1614096881817,2021-02-23T16:15:53.757Z,59.327,-0.08426825702190399,-0.08045852929353714,-1.025220274925232
1614096881856,2021-02-23T16:15:53.786Z,59.366,-0.08451239764690399,-0.08021438866853714,-1.024976134300232
1614096881896,2021-02-23T16:15:53.800Z,59.406,-0.08451239764690399,-0.07997024804353714,-1.025464415550232
1614096881935,2021-02-23T16:15:53.816Z,59.445,-0.08573310077190399,-0.07923782616853714,-1.025708556175232
1614096881975,2021-02-23T16:15:53.845Z,59.485,-0.08377997577190399,-0.07948196679353714,-1.023511290550232
1614096882015,2021-02-23T16:15:53.860Z,59.525,-0.08548896014690399,-0.08094681054353714,-1.023999571800232
1614096882053,2021-02-23T16:15:53.862Z,59.563,-0.08573310077190399,-0.07850540429353714,-1.023023009300232
1614096882092,2021-02-23T16:15:53.876Z,59.602,-0.08500067889690399,-0.08021438866853714,-1.026685118675232
1614096882132,2021-02-23T16:15:53.891Z,59.642,-0.08475653827190399,-0.08143509179353714,-1.027905821800232
1614096882171,2021-02-23T16:15:53.906Z,59.681,-0.08573310077190399,-0.08094681054353714,-1.023755431175232
1614096882211,2021-02-23T16:15:53.920Z,59.721,-0.08402411639690399,-0.07948196679353714,-1.023267149925232
1614096882250,2021-02-23T16:15:53.922Z,59.76,-0.08500067889690399,-0.08094681054353714,-1.025220274925232
1614096882290,2021-02-23T16:15:53.951Z,59.8,-0.08622138202190399,-0.08045852929353714,-1.022046446800232
1614096882330,2021-02-23T16:15:53.981Z,59.84,-0.08426825702190399,-0.08241165429353714,-1.024976134300232
1614096882368,2021-02-23T16:15:53.996Z,59.878,-0.08451239764690399,-0.07923782616853714,-1.025464415550232
1614096882407,2021-02-23T16:15:54.010Z,59.917,-0.08646552264690399,-0.07997024804353714,-1.023999571800232
1614096882447,2021-02-23T16:15:54.012Z,59.957,-0.08377997577190399,-0.07997024804353714,-1.023023009300232
1614096882486,2021-02-23T16:15:54.027Z,59.996,-0.08500067889690399,-0.08265579491853714,-1.025464415550232
1614096882526,2021-02-23T16:15:54.057Z,60.036,-0.08377997577190399,-0.08241165429353714,-1.025464415550232
1614096882565,2021-02-23T16:15:54.086Z,60.075,-0.08426825702190399,-0.07948196679353714,-1.023511290550232
1614096882605,2021-02-23T16:15:54.100Z,60.115,-0.08377997577190399,-0.07874954491853714,-1.025708556175232
1614096882644,2021-02-23T16:15:54.115Z,60.154,-0.08402411639690399,-0.08314407616853714,-1.024243712425232
1614096882683,2021-02-23T16:15:54.146Z,60.193,-0.08426825702190399,-0.08045852929353714,-1.023511290550232
1614096882722,2021-02-23T16:15:54.161Z,60.232,-0.08524481952190399,-0.07972610741853714,-1.023755431175232
1614096882762,2021-02-23T16:15:54.191Z,60.272,-0.08402411639690399,-0.08021438866853714,-1.024487853050232
1614096882801,2021-02-23T16:15:54.205Z,60.311,-0.08377997577190399,-0.08045852929353714,-1.025220274925232
1614096882841,2021-02-23T16:15:54.220Z,60.351,-0.08524481952190399,-0.08094681054353714,-1.023511290550232
1614096882880,2021-02-23T16:15:54.222Z,60.39,-0.08280341327190399,-0.08192337304353714,-1.024487853050232
1614096882920,2021-02-23T16:15:54.250Z,60.43,-0.08475653827190399,-0.07948196679353714,-1.024487853050232
1614096882959,2021-02-23T16:15:54.252Z,60.469,-0.08402411639690399,-0.08119095116853714,-1.023267149925232
1614096882998,2021-02-23T16:15:54.267Z,60.508,-0.08304755389690399,-0.08167923241853714,-1.023511290550232
1614096883037,2021-02-23T16:15:54.296Z,60.547,-0.08451239764690399,-0.07972610741853714,-1.025708556175232
1614096883077,2021-02-23T16:15:54.311Z,60.587,-0.08353583514690399,-0.08070266991853714,-1.023999571800232
1614096883116,2021-02-23T16:15:54.325Z,60.626,-0.08255927264690399,-0.08143509179353714,-1.022534728050232
1614096883156,2021-02-23T16:15:54.341Z,60.666,-0.08036200702190399,-0.08143509179353714,-1.025708556175232
1614096883195,2021-02-23T16:15:54.370Z,60.705,-0.08231513202190399,-0.08094681054353714,-1.023267149925232
1614096883235,2021-02-23T16:15:54.372Z,60.745,-0.08109442889690399,-0.08216751366853714,-1.022534728050232
1614096883274,2021-02-23T16:15:54.402Z,60.784,-0.08280341327190399,-0.08045852929353714,-1.025220274925232
1614096883312,2021-02-23T16:15:54.416Z,60.822,-0.08280341327190399,-0.08119095116853714,-1.025220274925232
1614096883352,2021-02-23T16:15:54.431Z,60.862,-0.08207099139690399,-0.08289993554353714,-1.024731993675232
1614096883392,2021-02-23T16:15:54.460Z,60.902,-0.08280341327190399,-0.08387649804353714,-1.024731993675232
1614096883431,2021-02-23T16:15:54.462Z,60.941,-0.08231513202190399,-0.08363235741853714,-1.022046446800232
1614096883471,2021-02-23T16:15:54.477Z,60.981,-0.08255927264690399,-0.08143509179353714,-1.024976134300232
1614096883510,2021-02-23T16:15:54.506Z,61.02,-0.08255927264690399,-0.08289993554353714,-1.025464415550232
1614096883550,2021-02-23T16:15:54.536Z,61.06,-0.08304755389690399,-0.08363235741853714,-1.024243712425232
1614096883589,2021-02-23T16:15:54.550Z,61.099,-0.08280341327190399,-0.08412063866853714,-1.024487853050232
1614096883627,2021-02-23T16:15:54.565Z,61.137,-0.08231513202190399,-0.08289993554353714,-1.024487853050232
1614096883667,2021-02-23T16:15:54.567Z,61.177,-0.08133856952190399,-0.08460891991853714,-1.025952696800232
1614096883706,2021-02-23T16:15:54.581Z,61.216,-0.08133856952190399,-0.08412063866853714,-1.023023009300232
1614096883746,2021-02-23T16:15:54.611Z,61.256,-0.08011786639690399,-0.08509720116853714,-1.024731993675232
1614096883786,2021-02-23T16:15:54.641Z,61.296,-0.08109442889690399,-0.08485306054353714,-1.026440978050232
1614096883825,2021-02-23T16:15:54.655Z,61.335,-0.08207099139690399,-0.08631790429353714,-1.024243712425232
1614096883865,2021-02-23T16:15:54.657Z,61.375,-0.08109442889690399,-0.08412063866853714,-1.023755431175232
1614096883903,2021-02-23T16:15:54.671Z,61.413,-0.08255927264690399,-0.08460891991853714,-1.024243712425232
1614096883942,2021-02-23T16:15:54.686Z,61.452,-0.08500067889690399,-0.08607376366853714,-1.022534728050232
1614096883982,2021-02-23T16:15:54.716Z,61.492,-0.08231513202190399,-0.08509720116853714,-1.021558165550232
1614096884021,2021-02-23T16:15:54.745Z,61.531,-0.08329169452190399,-0.08460891991853714,-1.023511290550232
1614096884061,2021-02-23T16:15:54.747Z,61.571,-0.08109442889690399,-0.08509720116853714,-1.024487853050232
1614096884101,2021-02-23T16:15:54.762Z,61.611,-0.08231513202190399,-0.08558548241853714,-1.024731993675232
1614096884140,2021-02-23T16:15:54.791Z,61.65,-0.08329169452190399,-0.08509720116853714,-1.022046446800232
1614096884180,2021-02-23T16:15:54.806Z,61.69,-0.08182685077190399,-0.08631790429353714,-1.025220274925232
1614096884218,2021-02-23T16:15:54.820Z,61.728,-0.08036200702190399,-0.08631790429353714,-1.024731993675232
1614096884257,2021-02-23T16:15:54.850Z,61.767,-0.08158271014690399,-0.08534134179353714,-1.024243712425232
1614096884297,2021-02-23T16:15:54.852Z,61.807,-0.08231513202190399,-0.08607376366853714,-1.024243712425232
1614096884336,2021-02-23T16:15:54.866Z,61.846,-0.08231513202190399,-0.08705032616853714,-1.023511290550232
1614096884376,2021-02-23T16:15:54.881Z,61.886,-0.08158271014690399,-0.08582962304353714,-1.022290587425232
1614096884415,2021-02-23T16:15:54.896Z,61.925,-0.08280341327190399,-0.08436477929353714,-1.025952696800232
1614096884455,2021-02-23T16:15:54.910Z,61.965,-0.08304755389690399,-0.08534134179353714,-1.023755431175232
1614096884495,2021-02-23T16:15:54.926Z,62.005,-0.08353583514690399,-0.08656204491853714,-1.024243712425232
1614096884533,2021-02-23T16:15:54.940Z,62.043,-0.08011786639690399,-0.08656204491853714,-1.024731993675232
1614096884572,2021-02-23T16:15:54.955Z,62.082,-0.08304755389690399,-0.08680618554353714,-1.025952696800232
1614096884612,2021-02-23T16:15:54.957Z,62.122,-0.08329169452190399,-0.08778274804353714,-1.024487853050232
1614096884651,2021-02-23T16:15:54.987Z,62.161,-0.08109442889690399,-0.08705032616853714,-1.024243712425232
1614096884691,2021-02-23T16:15:55.001Z,62.201,-0.08353583514690399,-0.08680618554353714,-1.023267149925232
1614096884730,2021-02-23T16:15:55.016Z,62.24,-0.08353583514690399,-0.08778274804353714,-1.022290587425232
1614096884770,2021-02-23T16:15:55.030Z,62.28,-0.08329169452190399,-0.08460891991853714,-1.024487853050232
1614096884810,2021-02-23T16:15:55.032Z,62.32,-0.08524481952190399,-0.08460891991853714,-1.021802306175232
1614096884848,2021-02-23T16:15:55.060Z,62.358,-0.08280341327190399,-0.08656204491853714,-1.023023009300232
1614096884887,2021-02-23T16:15:55.090Z,62.397,-0.08426825702190399,-0.08802688866853714,-1.023023009300232
1614096884927,2021-02-23T16:15:55.092Z,62.437,-0.08353583514690399,-0.08705032616853714,-1.024731993675232
1614096884966,2021-02-23T16:15:55.106Z,62.476,-0.08231513202190399,-0.08827102929353714,-1.026440978050232
1614096885006,2021-02-23T16:15:55.121Z,62.516,-0.08329169452190399,-0.08582962304353714,-1.022046446800232
1614096885045,2021-02-23T16:15:55.136Z,62.555,-0.08377997577190399,-0.08778274804353714,-1.024487853050232
1614096885085,2021-02-23T16:15:55.150Z,62.595,-0.08304755389690399,-0.08705032616853714,-1.023267149925232
1614096885124,2021-02-23T16:15:55.152Z,62.634,-0.08353583514690399,-0.08656204491853714,-1.023267149925232
1614096885163,2021-02-23T16:15:55.166Z,62.673,-0.08451239764690399,-0.08680618554353714,-1.023755431175232
1614096885202,2021-02-23T16:15:55.197Z,62.712,-0.08304755389690399,-0.08680618554353714,-1.024731993675232
1614096885242,2021-02-23T16:15:55.211Z,62.752,-0.08377997577190399,-0.08680618554353714,-1.023999571800232
1614096885281,2021-02-23T16:15:55.226Z,62.791,-0.08426825702190399,-0.08680618554353714,-1.023023009300232
1614096885321,2021-02-23T16:15:55.240Z,62.831,-0.08207099139690399,-0.08827102929353714,-1.021558165550232
1614096885360,2021-02-23T16:15:55.255Z,62.87,-0.08133856952190399,-0.08607376366853714,-1.022290587425232
1614096885400,2021-02-23T16:15:55.257Z,62.91,-0.08158271014690399,-0.08607376366853714,-1.024487853050232
1614096885439,2021-02-23T16:15:55.272Z,62.949,-0.08207099139690399,-0.08705032616853714,-1.024731993675232
1614096885477,2021-02-23T16:15:55.301Z,62.987,-0.08109442889690399,-0.08680618554353714,-1.026929259300232
1614096885517,2021-02-23T16:15:55.316Z,63.027,-0.08280341327190399,-0.08729446679353714,-1.022534728050232
1614096885557,2021-02-23T16:15:55.330Z,63.067,-0.08060614764690399,-0.08729446679353714,-1.023999571800232
1614096885596,2021-02-23T16:15:55.332Z,63.106,-0.08158271014690399,-0.08753860741853714,-1.022778868675232
1614096885636,2021-02-23T16:15:55.347Z,63.146,-0.08329169452190399,-0.08582962304353714,-1.023267149925232
1614096885675,2021-02-23T16:15:55.362Z,63.185,-0.08402411639690399,-0.08875931054353714,-1.023755431175232
1614096885715,2021-02-23T16:15:55.376Z,63.225,-0.08231513202190399,-0.08900345116853714,-1.023999571800232
1614096885754,2021-02-23T16:15:55.405Z,63.264,-0.08280341327190399,-0.08900345116853714,-1.024731993675232
1614096885792,2021-02-23T16:15:55.450Z,63.302,-0.08280341327190399,-0.08924759179353714,-1.025952696800232
1614096885832,2021-02-23T16:15:55.452Z,63.342,-0.08133856952190399,-0.08509720116853714,-1.024243712425232
1614096885872,2021-02-23T16:15:55.481Z,63.382,-0.08353583514690399,-0.08582962304353714,-1.024731993675232
1614096885911,2021-02-23T16:15:55.510Z,63.421,-0.08304755389690399,-0.08680618554353714,-1.024976134300232
1614096885951,2021-02-23T16:15:55.512Z,63.461,-0.08377997577190399,-0.08924759179353714,-1.023023009300232
1614096885990,2021-02-23T16:15:55.541Z,63.5,-0.08475653827190399,-0.08778274804353714,-1.023999571800232
1614096886030,2021-02-23T16:15:55.556Z,63.54,-0.08182685077190399,-0.08729446679353714,-1.023267149925232
1614096886069,2021-02-23T16:15:55.570Z,63.579,-0.08207099139690399,-0.08680618554353714,-1.024976134300232
1614096886107,2021-02-23T16:15:55.572Z,63.617,-0.08377997577190399,-0.08705032616853714,-1.024731993675232
1614096886147,2021-02-23T16:15:55.586Z,63.657,-0.08451239764690399,-0.08851516991853714,-1.023267149925232
1614096886186,2021-02-23T16:15:55.616Z,63.696,-0.08402411639690399,-0.08705032616853714,-1.024243712425232
1614096886226,2021-02-23T16:15:55.646Z,63.736,-0.08329169452190399,-0.08607376366853714,-1.024487853050232
1614096886266,2021-02-23T16:15:55.660Z,63.776,-0.08280341327190399,-0.08753860741853714,-1.024487853050232
1614096886305,2021-02-23T16:15:55.662Z,63.815,-0.08377997577190399,-0.08607376366853714,-1.025708556175232
1614096886345,2021-02-23T16:15:55.677Z,63.855,-0.08353583514690399,-0.08680618554353714,-1.024487853050232
1614096886384,2021-02-23T16:15:55.692Z,63.894,-0.08548896014690399,-0.08778274804353714,-1.023999571800232
1614096886422,2021-02-23T16:15:55.706Z,63.932,-0.08426825702190399,-0.08729446679353714,-1.022046446800232
1614096886462,2021-02-23T16:15:55.720Z,63.972,-0.08500067889690399,-0.08827102929353714,-1.021802306175232
1614096886501,2021-02-23T16:15:55.750Z,64.011,-0.08719794452190399,-0.08924759179353714,-1.024243712425232
1614096886541,2021-02-23T16:15:55.752Z,64.051,-0.08451239764690399,-0.08631790429353714,-1.023755431175232
1614096886581,2021-02-23T16:15:55.781Z,64.091,-0.08500067889690399,-0.08631790429353714,-1.026196837425232
1614096886620,2021-02-23T16:15:55.796Z,64.13,-0.08255927264690399,-0.08607376366853714,-1.024731993675232
1614096886660,2021-02-23T16:15:55.811Z,64.17,-0.08597724139690399,-0.08558548241853714,-1.023511290550232
1614096886699,2021-02-23T16:15:55.812Z,64.209,-0.08500067889690399,-0.08607376366853714,-1.024731993675232
1614096886737,2021-02-23T16:15:55.826Z,64.247,-0.08597724139690399,-0.08656204491853714,-1.023999571800232
1614096886777,2021-02-23T16:15:55.856Z,64.287,-0.08475653827190399,-0.08412063866853714,-1.022534728050232
1614096886816,2021-02-23T16:15:55.885Z,64.326,-0.08597724139690399,-0.08729446679353714,-1.023267149925232
1614096886856,2021-02-23T16:15:55.887Z,64.366,-0.08768622577190399,-0.08534134179353714,-1.025220274925232
1614096886895,2021-02-23T16:15:55.901Z,64.405,-0.08719794452190399,-0.08631790429353714,-1.022778868675232
1614096886935,2021-02-23T16:15:55.916Z,64.445,-0.08622138202190399,-0.08436477929353714,-1.025220274925232
1614096886975,2021-02-23T16:15:55.931Z,64.485,-0.08744208514690399,-0.08631790429353714,-1.024487853050232
1614096887014,2021-02-23T16:15:55.960Z,64.524,-0.08646552264690399,-0.08753860741853714,-1.023267149925232
1614096887052,2021-02-23T16:15:55.962Z,64.562,-0.08866278827190399,-0.08338821679353714,-1.023755431175232
1614096887092,2021-02-23T16:15:55.976Z,64.602,-0.08573310077190399,-0.08460891991853714,-1.021558165550232
1614096887131,2021-02-23T16:15:55.992Z,64.641,-0.08646552264690399,-0.08412063866853714,-1.024487853050232
1614096887171,2021-02-23T16:15:56.006Z,64.681,-0.08793036639690399,-0.08607376366853714,-1.022534728050232
1614096887210,2021-02-23T16:15:56.020Z,64.72,-0.08695380389690399,-0.08534134179353714,-1.024976134300232
1614096887250,2021-02-23T16:15:56.036Z,64.76,-0.08695380389690399,-0.08534134179353714,-1.026196837425232
1614096887289,2021-02-23T16:15:56.066Z,64.799,-0.08768622577190399,-0.08656204491853714,-1.025708556175232
1614096887329,2021-02-23T16:15:56.080Z,64.839,-0.08841864764690399,-0.08509720116853714,-1.023267149925232
1614096887369,2021-02-23T16:15:56.096Z,64.879,-0.08670966327190399,-0.08363235741853714,-1.021558165550232
1614096887407,2021-02-23T16:15:56.111Z,64.917,-0.08719794452190399,-0.08485306054353714,-1.023755431175232
1614096887446,2021-02-23T16:15:56.126Z,64.956,-0.08597724139690399,-0.08216751366853714,-1.024243712425232
1614096887486,2021-02-23T16:15:56.140Z,64.996,-0.08695380389690399,-0.08387649804353714,-1.023267149925232
1614096887525,2021-02-23T16:15:56.142Z,65.035,-0.08817450702190399,-0.08363235741853714,-1.022046446800232
1614096887565,2021-02-23T16:15:56.170Z,65.075,-0.08817450702190399,-0.08314407616853714,-1.023511290550232
1614096887604,2021-02-23T16:15:56.215Z,65.114,-0.08866278827190399,-0.08167923241853714,-1.022778868675232
1614096887644,2021-02-23T16:15:56.217Z,65.154,-0.08695380389690399,-0.08338821679353714,-1.025220274925232
1614096887684,2021-02-23T16:15:56.231Z,65.194,-0.08817450702190399,-0.08338821679353714,-1.023755431175232
1614096887722,2021-02-23T16:15:56.246Z,65.232,-0.08841864764690399,-0.08094681054353714,-1.025220274925232
1614096887761,2021-02-23T16:15:56.275Z,65.271,-0.08719794452190399,-0.08167923241853714,-1.025952696800232
1614096887801,2021-02-23T16:15:56.277Z,65.311,-0.08890692889690399,-0.08216751366853714,-1.023511290550232
1614096887840,2021-02-23T16:15:56.321Z,65.35,-0.08793036639690399,-0.08241165429353714,-1.023511290550232
1614096887880,2021-02-23T16:15:56.336Z,65.39,-0.08988349139690399,-0.08045852929353714,-1.025952696800232
1614096887919,2021-02-23T16:15:56.351Z,65.429,-0.08841864764690399,-0.08216751366853714,-1.024243712425232
1614096887959,2021-02-23T16:15:56.365Z,65.469,-0.08866278827190399,-0.08192337304353714,-1.022290587425232
1614096887998,2021-02-23T16:15:56.367Z,65.508,-0.08817450702190399,-0.08143509179353714,-1.024243712425232
1614096888037,2021-02-23T16:15:56.381Z,65.547,-0.08890692889690399,-0.08289993554353714,-1.025708556175232
1614096888076,2021-02-23T16:15:56.426Z,65.586,-0.08890692889690399,-0.08265579491853714,-1.026440978050232
1614096888116,2021-02-23T16:15:56.441Z,65.626,-0.08768622577190399,-0.08119095116853714,-1.024976134300232
1614096888155,2021-02-23T16:15:56.455Z,65.665,-0.08866278827190399,-0.08070266991853714,-1.024731993675232
1614096888195,2021-02-23T16:15:56.457Z,65.705,-0.08793036639690399,-0.08167923241853714,-1.026196837425232
1614096888234,2021-02-23T16:15:56.472Z,65.744,-0.08890692889690399,-0.07972610741853714,-1.024731993675232
1614096888274,2021-02-23T16:15:56.486Z,65.784,-0.08988349139690399,-0.08021438866853714,-1.024487853050232
1614096888312,2021-02-23T16:15:56.518Z,65.822,-0.08915106952190399,-0.08143509179353714,-1.024487853050232
1614096888352,2021-02-23T16:15:56.530Z,65.862,-0.09061591327190399,-0.07923782616853714,-1.022046446800232
1614096888391,2021-02-23T16:15:56.545Z,65.901,-0.09134833514690399,-0.08070266991853714,-1.024487853050232
1614096888431,2021-02-23T16:15:56.547Z,65.941,-0.09134833514690399,-0.07948196679353714,-1.022290587425232
1614096888470,2021-02-23T16:15:56.561Z,65.98,-0.09086005389690399,-0.07850540429353714,-1.023755431175232
1614096888510,2021-02-23T16:15:56.590Z,66.02,-0.09061591327190399,-0.07850540429353714,-1.023511290550232
1614096888549,2021-02-23T16:15:56.592Z,66.059,-0.09012763202190399,-0.07874954491853714,-1.021802306175232
1614096888589,2021-02-23T16:15:56.620Z,66.099,-0.09281317889690399,-0.07752884179353714,-1.021314024925232
1614096888627,2021-02-23T16:15:56.622Z,66.137,-0.09232489764690399,-0.07801712304353714,-1.021069884300232
1614096888666,2021-02-23T16:15:56.652Z,66.176,-0.09037177264690399,-0.07899368554353714,-1.024731993675232
1614096888706,2021-02-23T16:15:56.666Z,66.216,-0.09037177264690399,-0.07679641991853714,-1.022534728050232
1614096888746,2021-02-23T16:15:56.681Z,66.256,-0.09061591327190399,-0.07752884179353714,-1.022046446800232
1614096888785,2021-02-23T16:15:56.695Z,66.295,-0.09256903827190399,-0.07874954491853714,-1.023023009300232
1614096888825,2021-02-23T16:15:56.710Z,66.335,-0.09354560077190399,-0.07679641991853714,-1.023999571800232
1614096888864,2021-02-23T16:15:56.726Z,66.374,-0.09183661639690399,-0.07557571679353714,-1.022046446800232
1614096888904,2021-02-23T16:15:56.772Z,66.414,-0.09232489764690399,-0.07777298241853714,-1.025952696800232
1614096888942,2021-02-23T16:15:56.787Z,66.452,-0.09159247577190399,-0.07606399804353714,-1.023511290550232
1614096888981,2021-02-23T16:15:56.801Z,66.491,-0.09305731952190399,-0.07655227929353714,-1.024243712425232
1614096889021,2021-02-23T16:15:56.815Z,66.531,-0.09110419452190399,-0.07704056054353714,-1.024243712425232
1614096889060,2021-02-23T16:15:56.830Z,66.57,-0.09183661639690399,-0.07899368554353714,-1.024487853050232
1614096889100,2021-02-23T16:15:56.833Z,66.61,-0.09134833514690399,-0.07752884179353714,-1.024487853050232
1614096889140,2021-02-23T16:15:56.862Z,66.65,-0.09208075702190399,-0.07484329491853714,-1.024243712425232
1614096889179,2021-02-23T16:15:56.876Z,66.689,-0.09354560077190399,-0.07484329491853714,-1.024976134300232
1614096889219,2021-02-23T16:15:56.891Z,66.729,-0.09183661639690399,-0.07704056054353714,-1.023511290550232
1614096889257,2021-02-23T16:15:56.905Z,66.767,-0.09281317889690399,-0.07581985741853714,-1.022290587425232
1614096889296,2021-02-23T16:15:56.907Z,66.806,-0.09305731952190399,-0.07679641991853714,-1.023755431175232
1614096889336,2021-02-23T16:15:56.922Z,66.846,-0.09330146014690399,-0.07606399804353714,-1.023023009300232
1614096889375,2021-02-23T16:15:56.937Z,66.885,-0.09427802264690399,-0.07484329491853714,-1.023023009300232
1614096889415,2021-02-23T16:15:56.966Z,66.925,-0.09501044452190399,-0.07728470116853714,-1.024487853050232
1614096889455,2021-02-23T16:15:56.995Z,66.965,-0.09378974139690399,-0.07484329491853714,-1.023511290550232
1614096889494,2021-02-23T16:15:56.997Z,67.004,-0.09281317889690399,-0.07508743554353714,-1.023267149925232
1614096889534,2021-02-23T16:15:57.012Z,67.044,-0.09330146014690399,-0.07679641991853714,-1.024731993675232
1614096889572,2021-02-23T16:15:57.026Z,67.082,-0.09452216327190399,-0.07679641991853714,-1.020093321800232
1614096889611,2021-02-23T16:15:57.041Z,67.121,-0.09305731952190399,-0.07606399804353714,-1.024243712425232
1614096889651,2021-02-23T16:15:57.070Z,67.161,-0.09354560077190399,-0.07630813866853714,-1.023267149925232
1614096889690,2021-02-23T16:15:57.085Z,67.2,-0.09525458514690399,-0.07508743554353714,-1.024976134300232
1614096889730,2021-02-23T16:15:57.087Z,67.24,-0.09403388202190399,-0.07411087304353714,-1.023023009300232
1614096889769,2021-02-23T16:15:57.102Z,67.279,-0.09452216327190399,-0.07337845116853714,-1.023755431175232
1614096889809,2021-02-23T16:15:57.116Z,67.319,-0.09403388202190399,-0.07704056054353714,-1.021802306175232
1614096889849,2021-02-23T16:15:57.131Z,67.359,-0.09232489764690399,-0.07557571679353714,-1.024243712425232
1614096889887,2021-02-23T16:15:57.147Z,67.397,-0.09354560077190399,-0.07606399804353714,-1.022778868675232
1614096889926,2021-02-23T16:15:57.176Z,67.436,-0.09427802264690399,-0.07508743554353714,-1.024976134300232
1614096889966,2021-02-23T16:15:57.205Z,67.476,-0.09330146014690399,-0.07508743554353714,-1.022778868675232
1614096890005,2021-02-23T16:15:57.220Z,67.515,-0.09305731952190399,-0.07557571679353714,-1.023511290550232
1614096890045,2021-02-23T16:15:57.222Z,67.555,-0.09378974139690399,-0.07435501366853714,-1.023267149925232
1614096890084,2021-02-23T16:15:57.237Z,67.594,-0.09232489764690399,-0.07484329491853714,-1.023999571800232
1614096890124,2021-02-23T16:15:57.251Z,67.634,-0.09159247577190399,-0.07704056054353714,-1.022534728050232
1614096890164,2021-02-23T16:15:57.280Z,67.674,-0.09525458514690399,-0.07435501366853714,-1.020581603050232
1614096890202,2021-02-23T16:15:57.282Z,67.712,-0.09183661639690399,-0.07459915429353714,-1.024976134300232
1614096890241,2021-02-23T16:15:57.311Z,67.751,-0.09354560077190399,-0.07557571679353714,-1.022290587425232
1614096890281,2021-02-23T16:15:57.325Z,67.791,-0.09403388202190399,-0.07630813866853714,-1.023999571800232
1614096890320,2021-02-23T16:15:57.340Z,67.83,-0.09452216327190399,-0.07386673241853714,-1.025220274925232
1614096890360,2021-02-23T16:15:57.342Z,67.87,-0.09476630389690399,-0.07508743554353714,-1.023023009300232
1614096890399,2021-02-23T16:15:57.356Z,67.909,-0.09354560077190399,-0.07557571679353714,-1.022778868675232
1614096890439,2021-02-23T16:15:57.371Z,67.949,-0.09598700702190399,-0.07435501366853714,-1.021558165550232
1614096890478,2021-02-23T16:15:57.386Z,67.988,-0.09330146014690399,-0.07557571679353714,-1.022290587425232
1614096890517,2021-02-23T16:15:57.416Z,68.027,-0.09354560077190399,-0.07459915429353714,-1.026685118675232
1614096890556,2021-02-23T16:15:57.430Z,68.066,-0.09281317889690399,-0.07508743554353714,-1.022778868675232
1614096890596,2021-02-23T16:15:57.434Z,68.106,-0.09598700702190399,-0.07508743554353714,-1.021802306175232
1614096890635,2021-02-23T16:15:57.447Z,68.145,-0.09305731952190399,-0.07581985741853714,-1.023267149925232
1614096890675,2021-02-23T16:15:57.461Z,68.185,-0.09452216327190399,-0.07313431054353714,-1.024487853050232
1614096890714,2021-02-23T16:15:57.476Z,68.224,-0.09476630389690399,-0.07533157616853714,-1.023023009300232
1614096890754,2021-02-23T16:15:57.490Z,68.264,-0.09403388202190399,-0.07557571679353714,-1.024731993675232
1614096890792,2021-02-23T16:15:57.520Z,68.302,-0.09378974139690399,-0.07533157616853714,-1.023755431175232
1614096890831,2021-02-23T16:15:57.522Z,68.341,-0.09378974139690399,-0.07508743554353714,-1.022046446800232
1614096890871,2021-02-23T16:15:57.536Z,68.381,-0.09403388202190399,-0.07704056054353714,-1.021314024925232
1614096890911,2021-02-23T16:15:57.551Z,68.421,-0.09452216327190399,-0.07362259179353714,-1.022778868675232
1614096890950,2021-02-23T16:15:57.566Z,68.46,-0.09427802264690399,-0.07215774804353714,-1.023267149925232
1614096890990,2021-02-23T16:15:57.580Z,68.5,-0.09232489764690399,-0.07533157616853714,-1.020581603050232
1614096891029,2021-02-23T16:15:57.582Z,68.539,-0.09330146014690399,-0.07313431054353714,-1.023511290550232
1614096891069,2021-02-23T16:15:57.596Z,68.579,-0.09305731952190399,-0.07508743554353714,-1.024243712425232
1614096891107,2021-02-23T16:15:57.626Z,68.617,-0.09281317889690399,-0.07508743554353714,-1.025464415550232
1614096891146,2021-02-23T16:15:57.641Z,68.656,-0.09403388202190399,-0.07313431054353714,-1.023999571800232
1614096891186,2021-02-23T16:15:57.655Z,68.696,-0.09623114764690399,-0.07533157616853714,-1.022290587425232
1614096891226,2021-02-23T16:15:57.657Z,68.736,-0.09476630389690399,-0.07386673241853714,-1.023755431175232
1614096891265,2021-02-23T16:15:57.672Z,68.775,-0.09549872577190399,-0.07386673241853714,-1.022778868675232
1614096891305,2021-02-23T16:15:57.700Z,68.815,-0.09501044452190399,-0.07362259179353714,-1.020825743675232
1614096891344,2021-02-23T16:15:57.702Z,68.854,-0.09427802264690399,-0.07484329491853714,-1.021802306175232
1614096891384,2021-02-23T16:15:57.732Z,68.894,-0.09452216327190399,-0.07313431054353714,-1.022778868675232
1614096891422,2021-02-23T16:15:57.747Z,68.932,-0.09696356952190399,-0.07435501366853714,-1.023755431175232
1614096891461,2021-02-23T16:15:57.761Z,68.971,-0.09403388202190399,-0.07337845116853714,-1.024487853050232
1614096891501,2021-02-23T16:15:57.775Z,69.011,-0.09525458514690399,-0.07386673241853714,-1.023999571800232
1614096891540,2021-02-23T16:15:57.790Z,69.05,-0.09403388202190399,-0.07606399804353714,-1.024731993675232
1614096891580,2021-02-23T16:15:57.792Z,69.09,-0.09525458514690399,-0.07289016991853714,-1.023023009300232
1614096891620,2021-02-23T16:15:57.806Z,69.13,-0.09281317889690399,-0.07606399804353714,-1.022046446800232
1614096891659,2021-02-23T16:15:57.836Z,69.169,-0.09403388202190399,-0.07435501366853714,-1.023755431175232
1614096891697,2021-02-23T16:15:57.851Z,69.207,-0.09598700702190399,-0.07215774804353714,-1.023267149925232
1614096891737,2021-02-23T16:15:57.865Z,69.247,-0.09598700702190399,-0.07240188866853714,-1.023511290550232
1614096891776,2021-02-23T16:15:57.867Z,69.286,-0.09696356952190399,-0.07264602929353714,-1.024243712425232
1614096891816,2021-02-23T16:15:57.881Z,69.326,-0.09452216327190399,-0.07289016991853714,-1.021802306175232
1614096891855,2021-02-23T16:15:57.896Z,69.365,-0.09525458514690399,-0.07240188866853714,-1.023023009300232
1614096891895,2021-02-23T16:15:57.911Z,69.405,-0.09598700702190399,-0.07435501366853714,-1.021802306175232
1614096891935,2021-02-23T16:15:57.940Z,69.445,-0.09574286639690399,-0.07313431054353714,-1.025464415550232
1614096891974,2021-02-23T16:15:57.942Z,69.484,-0.09647528827190399,-0.07337845116853714,-1.024487853050232
1614096892012,2021-02-23T16:15:58.002Z,69.522,-0.09794013202190399,-0.07362259179353714,-1.024731993675232
1614096892052,2021-02-23T16:15:58.017Z,69.562,-0.09476630389690399,-0.07264602929353714,-1.023267149925232
1614096892091,2021-02-23T16:15:58.047Z,69.601,-0.09476630389690399,-0.07337845116853714,-1.023023009300232
1614096892131,2021-02-23T16:15:58.076Z,69.641,-0.09525458514690399,-0.07289016991853714,-1.023023009300232
1614096892170,2021-02-23T16:15:58.090Z,69.68,-0.09574286639690399,-0.07411087304353714,-1.023999571800232
1614096892210,2021-02-23T16:15:58.092Z,69.72,-0.09452216327190399,-0.07411087304353714,-1.023023009300232
1614096892249,2021-02-23T16:15:58.107Z,69.759,-0.09623114764690399,-0.07386673241853714,-1.024976134300232
1614096892289,2021-02-23T16:15:58.136Z,69.799,-0.09623114764690399,-0.07606399804353714,-1.022046446800232
1614096892327,2021-02-23T16:15:58.151Z,69.837,-0.09696356952190399,-0.07533157616853714,-1.025220274925232
1614096892367,2021-02-23T16:15:58.180Z,69.877,-0.09501044452190399,-0.07411087304353714,-1.025464415550232
1614096892406,2021-02-23T16:15:58.195Z,69.916,-0.09427802264690399,-0.07215774804353714,-1.023511290550232
1614096892446,2021-02-23T16:15:58.197Z,69.956,-0.09647528827190399,-0.07191360741853714,-1.023023009300232
1614096892485,2021-02-23T16:15:58.211Z,69.995,-0.09549872577190399,-0.07166946679353714,-1.022290587425232
1614096892525,2021-02-23T16:15:58.241Z,70.035,-0.09574286639690399,-0.07289016991853714,-1.024243712425232
1614096892564,2021-02-23T16:15:58.257Z,70.074,-0.09671942889690399,-0.07191360741853714,-1.023999571800232
1614096892604,2021-02-23T16:15:58.286Z,70.114,-0.09598700702190399,-0.07362259179353714,-1.023511290550232
1614096892642,2021-02-23T16:15:58.300Z,70.152,-0.09427802264690399,-0.07215774804353714,-1.023511290550232
1614096892682,2021-02-23T16:15:58.316Z,70.192,-0.09525458514690399,-0.07142532616853714,-1.024731993675232
1614096892721,2021-02-23T16:15:58.360Z,70.231,-0.09647528827190399,-0.07264602929353714,-1.022290587425232
1614096892761,2021-02-23T16:15:58.363Z,70.271,-0.09623114764690399,-0.07337845116853714,-1.021558165550232
1614096892800,2021-02-23T16:15:58.390Z,70.31,-0.09598700702190399,-0.07337845116853714,-1.025952696800232
1614096892840,2021-02-23T16:15:58.394Z,70.35,-0.09794013202190399,-0.07313431054353714,-1.021314024925232
1614096892879,2021-02-23T16:15:58.422Z,70.389,-0.09598700702190399,-0.07142532616853714,-1.025220274925232
1614096892919,2021-02-23T16:15:58.452Z,70.429,-0.09598700702190399,-0.07264602929353714,-1.021802306175232
1614096892957,2021-02-23T16:15:58.466Z,70.467,-0.09598700702190399,-0.07264602929353714,-1.022290587425232
1614096892997,2021-02-23T16:15:58.480Z,70.507,-0.09696356952190399,-0.07142532616853714,-1.024243712425232
1614096893036,2021-02-23T16:15:58.495Z,70.546,-0.09671942889690399,-0.07289016991853714,-1.023755431175232
1614096893076,2021-02-23T16:15:58.497Z,70.586,-0.09720771014690399,-0.07118118554353714,-1.023267149925232
1614096893115,2021-02-23T16:15:58.526Z,70.625,-0.09623114764690399,-0.07240188866853714,-1.023999571800232
1614096893155,2021-02-23T16:15:58.556Z,70.665,-0.09720771014690399,-0.07337845116853714,-1.021069884300232
1614096893194,2021-02-23T16:15:58.571Z,70.704,-0.09696356952190399,-0.07386673241853714,-1.023511290550232
1614096893232,2021-02-23T16:15:58.585Z,70.742,-0.09720771014690399,-0.07337845116853714,-1.024976134300232
1614096893272,2021-02-23T16:15:58.587Z,70.782,-0.09574286639690399,-0.07240188866853714,-1.023511290550232
1614096893311,2021-02-23T16:15:58.601Z,70.821,-0.09647528827190399,-0.07313431054353714,-1.024243712425232
1614096893351,2021-02-23T16:15:58.631Z,70.861,-0.09598700702190399,-0.07289016991853714,-1.022290587425232
1614096893391,2021-02-23T16:15:58.646Z,70.901,-0.09598700702190399,-0.07289016991853714,-1.023267149925232
1614096893430,2021-02-23T16:15:58.660Z,70.94,-0.09769599139690399,-0.07264602929353714,-1.023267149925232
1614096893470,2021-02-23T16:15:58.663Z,70.98,-0.09842841327190399,-0.07166946679353714,-1.024731993675232
1614096893509,2021-02-23T16:15:58.677Z,71.019,-0.09696356952190399,-0.07118118554353714,-1.022534728050232
1614096893547,2021-02-23T16:15:58.692Z,71.057,-0.09745185077190399,-0.07215774804353714,-1.023023009300232
1614096893587,2021-02-23T16:15:58.706Z,71.097,-0.09940497577190399,-0.07240188866853714,-1.022046446800232
1614096893626,2021-02-23T16:15:58.735Z,71.136,-0.09476630389690399,-0.07166946679353714,-1.024976134300232
1614096893666,2021-02-23T16:15:58.750Z,71.176,-0.09769599139690399,-0.07191360741853714,-1.022534728050232
1614096893706,2021-02-23T16:15:58.752Z,71.216,-0.09574286639690399,-0.07142532616853714,-1.021069884300232
1614096893745,2021-02-23T16:15:58.766Z,71.255,-0.09647528827190399,-0.07166946679353714,-1.021558165550232
1614096893785,2021-02-23T16:15:58.781Z,71.295,-0.09598700702190399,-0.07435501366853714,-1.022778868675232
1614096893824,2021-02-23T16:15:58.795Z,71.334,-0.09696356952190399,-0.07093704491853714,-1.024731993675232
1614096893862,2021-02-23T16:15:58.811Z,71.372,-0.09769599139690399,-0.07215774804353714,-1.023511290550232
1614096893902,2021-02-23T16:15:58.840Z,71.412,-0.09794013202190399,-0.07386673241853714,-1.018872618675232
1614096893941,2021-02-23T16:15:58.842Z,71.451,-0.09842841327190399,-0.07118118554353714,-1.021802306175232
1614096893981,2021-02-23T16:15:58.871Z,71.491,-0.09867255389690399,-0.07118118554353714,-1.023511290550232
1614096894020,2021-02-23T16:15:58.886Z,71.53,-0.09842841327190399,-0.07118118554353714,-1.023023009300232
1614096894060,2021-02-23T16:15:58.900Z,71.57,-0.09696356952190399,-0.07337845116853714,-1.024243712425232
1614096894100,2021-02-23T16:15:58.902Z,71.61,-0.09720771014690399,-0.07313431054353714,-1.022534728050232
1614096894139,2021-02-23T16:15:58.917Z,71.649,-0.09769599139690399,-0.07289016991853714,-1.024243712425232
1614096894177,2021-02-23T16:15:58.945Z,71.687,-0.09842841327190399,-0.07166946679353714,-1.025220274925232
1614096894217,2021-02-23T16:15:58.947Z,71.727,-0.09720771014690399,-0.07215774804353714,-1.022046446800232
1614096894256,2021-02-23T16:15:58.977Z,71.766,-0.09745185077190399,-0.07240188866853714,-1.024487853050232
1614096894296,2021-02-23T16:15:58.992Z,71.806,-0.09574286639690399,-0.07166946679353714,-1.022290587425232
1614096894335,2021-02-23T16:15:59.006Z,71.845,-0.09623114764690399,-0.07069290429353714,-1.022534728050232
1614096894375,2021-02-23T16:15:59.020Z,71.885,-0.09574286639690399,-0.07069290429353714,-1.021314024925232
1614096894414,2021-02-23T16:15:59.035Z,71.924,-0.09696356952190399,-0.07215774804353714,-1.025952696800232
1614096894454,2021-02-23T16:15:59.037Z,71.964,-0.09745185077190399,-0.07191360741853714,-1.022534728050232
1614096894492,2021-02-23T16:15:59.051Z,72.002,-0.09818427264690399,-0.07118118554353714,-1.021802306175232
1614096894532,2021-02-23T16:15:59.081Z,72.042,-0.09745185077190399,-0.06800735741853714,-1.023755431175232
1614096894571,2021-02-23T16:15:59.096Z,72.081,-0.09696356952190399,-0.07362259179353714,-1.022534728050232
1614096894611,2021-02-23T16:15:59.110Z,72.121,-0.09867255389690399,-0.07166946679353714,-1.024243712425232
1614096894650,2021-02-23T16:15:59.112Z,72.16,-0.09745185077190399,-0.07142532616853714,-1.022046446800232
1614096894690,2021-02-23T16:15:59.126Z,72.2,-0.09720771014690399,-0.07289016991853714,-1.023755431175232
1614096894729,2021-02-23T16:15:59.141Z,72.239,-0.09598700702190399,-0.07166946679353714,-1.023511290550232
1614096894769,2021-02-23T16:15:59.156Z,72.279,-0.09671942889690399,-0.07142532616853714,-1.022290587425232
1614096894807,2021-02-23T16:15:59.185Z,72.317,-0.09671942889690399,-0.07240188866853714,-1.023023009300232
1614096894847,2021-02-23T16:15:59.187Z,72.357,-0.09696356952190399,-0.07240188866853714,-1.025952696800232
1614096894886,2021-02-23T16:15:59.202Z,72.396,-0.09794013202190399,-0.07313431054353714,-1.024243712425232
1614096894926,2021-02-23T16:15:59.217Z,72.436,-0.09989325702190399,-0.07166946679353714,-1.024976134300232
1614096894965,2021-02-23T16:15:59.231Z,72.475,-0.09720771014690399,-0.07313431054353714,-1.023511290550232
1614096895005,2021-02-23T16:15:59.245Z,72.515,-0.09794013202190399,-0.07020462304353714,-1.020825743675232
1614096895044,2021-02-23T16:15:59.260Z,72.554,-0.09794013202190399,-0.07337845116853714,-1.025464415550232
1614096895084,2021-02-23T16:15:59.262Z,72.594,-0.09647528827190399,-0.07264602929353714,-1.021802306175232
1614096895122,2021-02-23T16:15:59.336Z,72.632,-0.09720771014690399,-0.07191360741853714,-1.021069884300232
1614096895162,2021-02-23T16:15:59.351Z,72.672,-0.09671942889690399,-0.07166946679353714,-1.022290587425232
1614096895201,2021-02-23T16:15:59.366Z,72.711,-0.09818427264690399,-0.07215774804353714,-1.025220274925232
1614096895241,2021-02-23T16:15:59.396Z,72.751,-0.09720771014690399,-0.07142532616853714,-1.021314024925232
1614096895280,2021-02-23T16:15:59.426Z,72.79,-0.09794013202190399,-0.07093704491853714,-1.021069884300232
1614096895320,2021-02-23T16:15:59.440Z,72.83,-0.09769599139690399,-0.07166946679353714,-1.024487853050232
1614096895359,2021-02-23T16:15:59.442Z,72.869,-0.09647528827190399,-0.06922806054353714,-1.022290587425232
1614096895399,2021-02-23T16:15:59.456Z,72.909,-0.09696356952190399,-0.07044876366853714,-1.022778868675232
1614096895437,2021-02-23T16:15:59.471Z,72.947,-0.09769599139690399,-0.07240188866853714,-1.023267149925232
1614096895477,2021-02-23T16:15:59.501Z,72.987,-0.09964911639690399,-0.07264602929353714,-1.022534728050232
1614096895516,2021-02-23T16:15:59.530Z,73.026,-0.09623114764690399,-0.07069290429353714,-1.024487853050232
1614096895556,2021-02-23T16:15:59.532Z,73.066,-0.09769599139690399,-0.07289016991853714,-1.023267149925232
1614096895595,2021-02-23T16:15:59.547Z,73.105,-0.09720771014690399,-0.06971634179353714,-1.021558165550232
1614096895635,2021-02-23T16:15:59.562Z,73.145,-0.09720771014690399,-0.07118118554353714,-1.023023009300232
1614096895674,2021-02-23T16:15:59.577Z,73.184,-0.09867255389690399,-0.07069290429353714,-1.023267149925232
1614096895714,2021-02-23T16:15:59.606Z,73.224,-0.09818427264690399,-0.06996048241853714,-1.022290587425232
1614096895752,2021-02-23T16:15:59.636Z,73.262,-0.09842841327190399,-0.07289016991853714,-1.023999571800232
1614096895791,2021-02-23T16:15:59.650Z,73.301,-0.09794013202190399,-0.07215774804353714,-1.023267149925232
1614096895831,2021-02-23T16:15:59.652Z,73.341,-0.09964911639690399,-0.06996048241853714,-1.023755431175232
1614096895871,2021-02-23T16:15:59.667Z,73.381,-0.09769599139690399,-0.07118118554353714,-1.023023009300232
1614096895910,2021-02-23T16:15:59.681Z,73.42,-0.09769599139690399,-0.07264602929353714,-1.023267149925232
1614096895950,2021-02-23T16:15:59.711Z,73.46,-0.09745185077190399,-0.07093704491853714,-1.023999571800232
1614096895989,2021-02-23T16:15:59.740Z,73.499,-0.10135810077190399,-0.07166946679353714,-1.019116759300232
1614096896027,2021-02-23T16:15:59.742Z,73.537,-0.09696356952190399,-0.07142532616853714,-1.023511290550232
1614096896067,2021-02-23T16:15:59.757Z,73.577,-0.09794013202190399,-0.07142532616853714,-1.022290587425232
1614096896106,2021-02-23T16:15:59.771Z,73.616,-0.09891669452190399,-0.07264602929353714,-1.022046446800232
1614096896146,2021-02-23T16:15:59.786Z,73.656,-0.09671942889690399,-0.07020462304353714,-1.022778868675232
1614096896185,2021-02-23T16:15:59.800Z,73.695,-0.09745185077190399,-0.07093704491853714,-1.025952696800232
1614096896225,2021-02-23T16:15:59.815Z,73.735,-0.09818427264690399,-0.07093704491853714,-1.023755431175232
1614096896265,2021-02-23T16:15:59.817Z,73.775,-0.09769599139690399,-0.07069290429353714,-1.023511290550232
1614096896304,2021-02-23T16:15:59.847Z,73.814,-0.09818427264690399,-0.07020462304353714,-1.024487853050232
1614096896342,2021-02-23T16:15:59.861Z,73.852,-0.09818427264690399,-0.07044876366853714,-1.021802306175232
1614096896382,2021-02-23T16:15:59.876Z,73.892,-0.09940497577190399,-0.07020462304353714,-1.022534728050232
1614096896421,2021-02-23T16:15:59.890Z,73.931,-0.09696356952190399,-0.06996048241853714,-1.023023009300232
1614096896461,2021-02-23T16:15:59.893Z,73.971,-0.09842841327190399,-0.07093704491853714,-1.022290587425232
1614096896500,2021-02-23T16:15:59.920Z,74.01,-0.09891669452190399,-0.07118118554353714,-1.022778868675232
1614096896540,2021-02-23T16:15:59.935Z,74.05,-0.10038153827190399,-0.07264602929353714,-1.021802306175232
1614096896580,2021-02-23T16:15:59.951Z,74.09,-0.09916083514690399,-0.07093704491853714,-1.023267149925232
1614096896619,2021-02-23T16:15:59.981Z,74.129,-0.09842841327190399,-0.07118118554353714,-1.023023009300232
1614096896657,2021-02-23T16:15:59.995Z,74.167,-0.09818427264690399,-0.07166946679353714,-1.023999571800232
1614096896697,2021-02-23T16:16:00.010Z,74.207,-0.09720771014690399,-0.07093704491853714,-1.023999571800232
1614096896736,2021-02-23T16:16:00.012Z,74.246,-0.09818427264690399,-0.07020462304353714,-1.022778868675232
1614096896776,2021-02-23T16:16:00.026Z,74.286,-0.09745185077190399,-0.06825149804353714,-1.023267149925232
1614096896815,2021-02-23T16:16:00.041Z,74.325,-0.09696356952190399,-0.07020462304353714,-1.022534728050232
1614096896855,2021-02-23T16:16:00.057Z,74.365,-0.09989325702190399,-0.07069290429353714,-1.022778868675232
1614096896894,2021-02-23T16:16:00.086Z,74.404,-0.09842841327190399,-0.07020462304353714,-1.021558165550232
1614096896934,2021-02-23T16:16:00.101Z,74.444,-0.10013739764690399,-0.07069290429353714,-1.021558165550232
1614096896974,2021-02-23T16:16:00.115Z,74.484,-0.09989325702190399,-0.07191360741853714,-1.025220274925232
1614096897012,2021-02-23T16:16:00.130Z,74.522,-0.09842841327190399,-0.07044876366853714,-1.022290587425232
1614096897051,2021-02-23T16:16:00.132Z,74.561,-0.10013739764690399,-0.07118118554353714,-1.025708556175232
1614096897091,2021-02-23T16:16:00.147Z,74.601,-0.09940497577190399,-0.06971634179353714,-1.022290587425232
1614096897130,2021-02-23T16:16:00.162Z,74.64,-0.09916083514690399,-0.07020462304353714,-1.023267149925232
1614096897170,2021-02-23T16:16:00.191Z,74.68,-0.09964911639690399,-0.07118118554353714,-1.024243712425232
1614096897209,2021-02-23T16:16:00.205Z,74.719,-0.09964911639690399,-0.07289016991853714,-1.022778868675232
1614096897249,2021-02-23T16:16:00.207Z,74.759,-0.09916083514690399,-0.07069290429353714,-1.021558165550232
1614096897287,2021-02-23T16:16:00.222Z,74.797,-0.09818427264690399,-0.07240188866853714,-1.023511290550232
1614096897327,2021-02-23T16:16:00.239Z,74.837,-0.10038153827190399,-0.06922806054353714,-1.023511290550232
1614096897366,2021-02-23T16:16:00.250Z,74.876,-0.09916083514690399,-0.07118118554353714,-1.022534728050232
1614096897406,2021-02-23T16:16:00.252Z,74.916,-0.09794013202190399,-0.06898391991853714,-1.021802306175232
1614096897445,2021-02-23T16:16:00.267Z,74.955,-0.10038153827190399,-0.07020462304353714,-1.022534728050232
1614096897485,2021-02-23T16:16:00.311Z,74.995,-0.10135810077190399,-0.07044876366853714,-1.022534728050232
1614096897524,2021-02-23T16:16:00.325Z,75.034,-0.10013739764690399,-0.07093704491853714,-1.023023009300232
1614096897564,2021-02-23T16:16:00.327Z,75.074,-0.09818427264690399,-0.06873977929353714,-1.023511290550232
1614096897602,2021-02-23T16:16:00.342Z,75.112,-0.09867255389690399,-0.07142532616853714,-1.023023009300232
1614096897642,2021-02-23T16:16:00.356Z,75.152,-0.10086981952190399,-0.06971634179353714,-1.023755431175232
1614096897681,2021-02-23T16:16:00.371Z,75.191,-0.09989325702190399,-0.07044876366853714,-1.021802306175232
1614096897721,2021-02-23T16:16:00.415Z,75.231,-0.10038153827190399,-0.07166946679353714,-1.023267149925232
1614096897760,2021-02-23T16:16:00.430Z,75.27,-0.09989325702190399,-0.07044876366853714,-1.021558165550232
1614096897800,2021-02-23T16:16:00.432Z,75.31,-0.09989325702190399,-0.06996048241853714,-1.023267149925232
1614096897839,2021-02-23T16:16:00.446Z,75.349,-0.09940497577190399,-0.07215774804353714,-1.023023009300232
1614096897879,2021-02-23T16:16:00.461Z,75.389,-0.10013739764690399,-0.07142532616853714,-1.022778868675232
1614096897917,2021-02-23T16:16:00.478Z,75.427,-0.10086981952190399,-0.07166946679353714,-1.022290587425232
1614096897956,2021-02-23T16:16:00.506Z,75.466,-0.09916083514690399,-0.07118118554353714,-1.022290587425232
1614096897996,2021-02-23T16:16:00.521Z,75.506,-0.10062567889690399,-0.07044876366853714,-1.022778868675232
1614096898036,2021-02-23T16:16:00.536Z,75.546,-0.10038153827190399,-0.07166946679353714,-1.022046446800232
1614096898075,2021-02-23T16:16:00.551Z,75.585,-0.10086981952190399,-0.07118118554353714,-1.021314024925232
1614096898115,2021-02-23T16:16:00.565Z,75.625,-0.10233466327190399,-0.07069290429353714,-1.022534728050232
1614096898154,2021-02-23T16:16:00.567Z,75.664,-0.10135810077190399,-0.07362259179353714,-1.021802306175232
1614096898194,2021-02-23T16:16:00.641Z,75.704,-0.09964911639690399,-0.07142532616853714,-1.024731993675232
1614096898232,2021-02-23T16:16:00.655Z,75.742,-0.10184638202190399,-0.06971634179353714,-1.023267149925232
1614096898271,2021-02-23T16:16:00.657Z,75.781,-0.10233466327190399,-0.06996048241853714,-1.022046446800232
1614096898311,2021-02-23T16:16:00.672Z,75.821,-0.10233466327190399,-0.07118118554353714,-1.024731993675232
1614096898351,2021-02-23T16:16:00.686Z,75.861,-0.10038153827190399,-0.06922806054353714,-1.023755431175232
1614096898390,2021-02-23T16:16:00.701Z,75.9,-0.10111396014690399,-0.07118118554353714,-1.022046446800232
1614096898430,2021-02-23T16:16:00.715Z,75.94,-0.10257880389690399,-0.07069290429353714,-1.023267149925232
1614096898469,2021-02-23T16:16:00.745Z,75.979,-0.10282294452190399,-0.07240188866853714,-1.023023009300232
1614096898509,2021-02-23T16:16:00.747Z,76.019,-0.10062567889690399,-0.07093704491853714,-1.023755431175232
1614096898547,2021-02-23T16:16:00.761Z,76.057,-0.10257880389690399,-0.07118118554353714,-1.023267149925232
1614096898586,2021-02-23T16:16:00.776Z,76.096,-0.10111396014690399,-0.07386673241853714,-1.022290587425232
1614096898626,2021-02-23T16:16:00.791Z,76.136,-0.10111396014690399,-0.07191360741853714,-1.020337462425232
1614096898665,2021-02-23T16:16:00.805Z,76.175,-0.10135810077190399,-0.07118118554353714,-1.023023009300232
1614096898705,2021-02-23T16:16:00.807Z,76.215,-0.09989325702190399,-0.07191360741853714,-1.021558165550232
1614096898745,2021-02-23T16:16:00.822Z,76.255,-0.10086981952190399,-0.07362259179353714,-1.021069884300232
1614096898784,2021-02-23T16:16:00.852Z,76.294,-0.10086981952190399,-0.07093704491853714,-1.025220274925232
1614096898824,2021-02-23T16:16:00.866Z,76.334,-0.09891669452190399,-0.07337845116853714,-1.021069884300232
1614096898862,2021-02-23T16:16:00.880Z,76.372,-0.10086981952190399,-0.07362259179353714,-1.023755431175232
1614096898901,2021-02-23T16:16:00.882Z,76.411,-0.10160224139690399,-0.07240188866853714,-1.021558165550232
1614096898941,2021-02-23T16:16:00.897Z,76.451,-0.10038153827190399,-0.07215774804353714,-1.020337462425232
1614096898980,2021-02-23T16:16:00.911Z,76.49,-0.09989325702190399,-0.07362259179353714,-1.021069884300232
1614096899020,2021-02-23T16:16:00.926Z,76.53,-0.10184638202190399,-0.07215774804353714,-1.024487853050232
1614096899060,2021-02-23T16:16:00.955Z,76.57,-0.10111396014690399,-0.07215774804353714,-1.023023009300232
1614096899099,2021-02-23T16:16:00.970Z,76.609,-0.09549872577190399,-0.07264602929353714,-1.023023009300232
1614096899137,2021-02-23T16:16:00.972Z,76.647,-0.09647528827190399,-0.07289016991853714,-1.023511290550232
1614096899177,2021-02-23T16:16:00.987Z,76.687,-0.09769599139690399,-0.07459915429353714,-1.022046446800232
1614096899216,2021-02-23T16:16:01.016Z,76.726,-0.09696356952190399,-0.07362259179353714,-1.023023009300232
1614096899256,2021-02-23T16:16:01.032Z,76.766,-0.09745185077190399,-0.07289016991853714,-1.023267149925232
1614096899295,2021-02-23T16:16:01.061Z,76.805,-0.09574286639690399,-0.07362259179353714,-1.022290587425232
1614096899335,2021-02-23T16:16:01.076Z,76.845,-0.09769599139690399,-0.07362259179353714,-1.023511290550232
1614096899374,2021-02-23T16:16:01.090Z,76.884,-0.09525458514690399,-0.07508743554353714,-1.021558165550232
1614096899414,2021-02-23T16:16:01.105Z,76.924,-0.09427802264690399,-0.07386673241853714,-1.022778868675232
1614096899452,2021-02-23T16:16:01.107Z,76.962,-0.09794013202190399,-0.07411087304353714,-1.022046446800232
1614096899492,2021-02-23T16:16:01.122Z,77.002,-0.09696356952190399,-0.07459915429353714,-1.021802306175232
1614096899531,2021-02-23T16:16:01.136Z,77.041,-0.09696356952190399,-0.07752884179353714,-1.022534728050232
1614096899571,2021-02-23T16:16:01.166Z,77.081,-0.09476630389690399,-0.07606399804353714,-1.022534728050232
1614096899610,2021-02-23T16:16:01.196Z,77.12,-0.09525458514690399,-0.07484329491853714,-1.023755431175232
1614096899650,2021-02-23T16:16:01.197Z,77.16,-0.09452216327190399,-0.07630813866853714,-1.023511290550232
1614096899689,2021-02-23T16:16:01.211Z,77.199,-0.09330146014690399,-0.07752884179353714,-1.021802306175232
1614096899729,2021-02-23T16:16:01.226Z,77.239,-0.09647528827190399,-0.07655227929353714,-1.023267149925232
1614096899767,2021-02-23T16:16:01.241Z,77.277,-0.09476630389690399,-0.07655227929353714,-1.023511290550232
1614096899807,2021-02-23T16:16:01.270Z,77.317,-0.09256903827190399,-0.07557571679353714,-1.024731993675232
1614096899846,2021-02-23T16:16:01.272Z,77.356,-0.09378974139690399,-0.07435501366853714,-1.023755431175232
1614096899886,2021-02-23T16:16:01.302Z,77.396,-0.09256903827190399,-0.07679641991853714,-1.021069884300232
1614096899925,2021-02-23T16:16:01.316Z,77.435,-0.09501044452190399,-0.07777298241853714,-1.025220274925232
1614096899965,2021-02-23T16:16:01.331Z,77.475,-0.09427802264690399,-0.07826126366853714,-1.024243712425232
1614096900004,2021-02-23T16:16:01.346Z,77.514,-0.09476630389690399,-0.07752884179353714,-1.023511290550232
1614096900044,2021-02-23T16:16:01.360Z,77.554,-0.09549872577190399,-0.07801712304353714,-1.024487853050232
1614096900082,2021-02-23T16:16:01.362Z,77.592,-0.09574286639690399,-0.07801712304353714,-1.021558165550232
1614096900122,2021-02-23T16:16:01.376Z,77.632,-0.09647528827190399,-0.07972610741853714,-1.024243712425232
1614096900161,2021-02-23T16:16:01.407Z,77.671,-0.09305731952190399,-0.07874954491853714,-1.022046446800232
1614096900201,2021-02-23T16:16:01.421Z,77.711,-0.09598700702190399,-0.07874954491853714,-1.024731993675232
1614096900240,2021-02-23T16:16:01.436Z,77.75,-0.09501044452190399,-0.08265579491853714,-1.024487853050232
1614096900280,2021-02-23T16:16:01.438Z,77.79,-0.09671942889690399,-0.07923782616853714,-1.023023009300232
1614096900319,2021-02-23T16:16:01.452Z,77.829,-0.09671942889690399,-0.07972610741853714,-1.023267149925232
1614096900359,2021-02-23T16:16:01.467Z,77.869,-0.09525458514690399,-0.07899368554353714,-1.025708556175232
1614096900397,2021-02-23T16:16:01.481Z,77.907,-0.09623114764690399,-0.08094681054353714,-1.024243712425232
1614096900436,2021-02-23T16:16:01.510Z,77.946,-0.09745185077190399,-0.08314407616853714,-1.022778868675232
1614096900476,2021-02-23T16:16:01.525Z,77.986,-0.09720771014690399,-0.08314407616853714,-1.020825743675232
1614096900516,2021-02-23T16:16:01.527Z,78.026,-0.09598700702190399,-0.08094681054353714,-1.022778868675232
1614096900555,2021-02-23T16:16:01.541Z,78.065,-0.09476630389690399,-0.08119095116853714,-1.022290587425232
1614096900595,2021-02-23T16:16:01.556Z,78.105,-0.09501044452190399,-0.08314407616853714,-1.022534728050232
1614096900634,2021-02-23T16:16:01.571Z,78.144,-0.09501044452190399,-0.08119095116853714,-1.026929259300232
1614096900674,2021-02-23T16:16:01.586Z,78.184,-0.09769599139690399,-0.08241165429353714,-1.024487853050232
1614096900712,2021-02-23T16:16:01.601Z,78.222,-0.09696356952190399,-0.08412063866853714,-1.021802306175232
1614096900751,2021-02-23T16:16:01.615Z,78.261,-0.09769599139690399,-0.08314407616853714,-1.023023009300232
1614096900791,2021-02-23T16:16:01.630Z,78.301,-0.09574286639690399,-0.08460891991853714,-1.020825743675232
1614096900831,2021-02-23T16:16:01.646Z,78.341,-0.09598700702190399,-0.08143509179353714,-1.025464415550232
1614096900870,2021-02-23T16:16:01.661Z,78.38,-0.09696356952190399,-0.08216751366853714,-1.022290587425232
1614096900910,2021-02-23T16:16:01.675Z,78.42,-0.09623114764690399,-0.08460891991853714,-1.026929259300232
1614096900949,2021-02-23T16:16:01.690Z,78.459,-0.09623114764690399,-0.08289993554353714,-1.020581603050232
1614096900989,2021-02-23T16:16:01.692Z,78.499,-0.09647528827190399,-0.08265579491853714,-1.024731993675232
1614096901027,2021-02-23T16:16:01.720Z,78.537,-0.09623114764690399,-0.08387649804353714,-1.022778868675232
1614096901066,2021-02-23T16:16:01.722Z,78.576,-0.09867255389690399,-0.08412063866853714,-1.021558165550232
1614096901106,2021-02-23T16:16:01.752Z,78.616,-0.09574286639690399,-0.08241165429353714,-1.023267149925232
1614096901145,2021-02-23T16:16:01.767Z,78.655,-0.09745185077190399,-0.08192337304353714,-1.021802306175232
1614096901185,2021-02-23T16:16:01.781Z,78.695,-0.09427802264690399,-0.08387649804353714,-1.022290587425232
1614096901225,2021-02-23T16:16:01.795Z,78.735,-0.09549872577190399,-0.08314407616853714,-1.022778868675232
1614096901264,2021-02-23T16:16:01.810Z,78.774,-0.09403388202190399,-0.08192337304353714,-1.025464415550232
1614096901304,2021-02-23T16:16:01.856Z,78.814,-0.09647528827190399,-0.08289993554353714,-1.021558165550232
1614096901342,2021-02-23T16:16:01.871Z,78.852,-0.09647528827190399,-0.08387649804353714,-1.023267149925232
1614096901381,2021-02-23T16:16:01.885Z,78.891,-0.09647528827190399,-0.08485306054353714,-1.024976134300232
1614096901421,2021-02-23T16:16:01.887Z,78.931,-0.09647528827190399,-0.08485306054353714,-1.021558165550232
1614096901460,2021-02-23T16:16:01.901Z,78.97,-0.09598700702190399,-0.08216751366853714,-1.024731993675232
1614096901500,2021-02-23T16:16:01.931Z,79.01,-0.09354560077190399,-0.08436477929353714,-1.022290587425232
1614096901539,2021-02-23T16:16:01.960Z,79.049,-0.09720771014690399,-0.08412063866853714,-1.023999571800232
1614096901579,2021-02-23T16:16:01.962Z,79.089,-0.09549872577190399,-0.08363235741853714,-1.023267149925232
1614096901619,2021-02-23T16:16:01.976Z,79.129,-0.09549872577190399,-0.08412063866853714,-1.023511290550232
1614096901657,2021-02-23T16:16:01.991Z,79.167,-0.09696356952190399,-0.08436477929353714,-1.023999571800232
1614096901696,2021-02-23T16:16:02.006Z,79.206,-0.09696356952190399,-0.08534134179353714,-1.021069884300232
1614096901736,2021-02-23T16:16:02.020Z,79.246,-0.09623114764690399,-0.08436477929353714,-1.022778868675232
1614096901775,2021-02-23T16:16:02.022Z,79.285,-0.09525458514690399,-0.08289993554353714,-1.022046446800232
1614096901815,2021-02-23T16:16:02.037Z,79.325,-0.09574286639690399,-0.08363235741853714,-1.023755431175232
1614096901854,2021-02-23T16:16:02.066Z,79.364,-0.09452216327190399,-0.08436477929353714,-1.023267149925232
1614096901894,2021-02-23T16:16:02.081Z,79.404,-0.09671942889690399,-0.08485306054353714,-1.022290587425232
1614096901932,2021-02-23T16:16:02.095Z,79.442,-0.09623114764690399,-0.08631790429353714,-1.023023009300232
1614096901972,2021-02-23T16:16:02.110Z,79.482,-0.09696356952190399,-0.08485306054353714,-1.025708556175232
1614096902011,2021-02-23T16:16:02.112Z,79.521,-0.09525458514690399,-0.08460891991853714,-1.023023009300232
1614096902051,2021-02-23T16:16:02.140Z,79.561,-0.09525458514690399,-0.08485306054353714,-1.021558165550232
1614096902090,2021-02-23T16:16:02.142Z,79.6,-0.09476630389690399,-0.08338821679353714,-1.022290587425232
1614096902130,2021-02-23T16:16:02.172Z,79.64,-0.09671942889690399,-0.08363235741853714,-1.023755431175232
1614096902169,2021-02-23T16:16:02.201Z,79.679,-0.09549872577190399,-0.08485306054353714,-1.022778868675232
1614096902209,2021-02-23T16:16:02.216Z,79.719,-0.09354560077190399,-0.08607376366853714,-1.024243712425232
1614096902247,2021-02-23T16:16:02.231Z,79.757,-0.09745185077190399,-0.08607376366853714,-1.023511290550232
1614096902287,2021-02-23T16:16:02.246Z,79.797,-0.09623114764690399,-0.08460891991853714,-1.023267149925232
1614096902326,2021-02-23T16:16:02.261Z,79.836,-0.09501044452190399,-0.08460891991853714,-1.023267149925232
1614096902366,2021-02-23T16:16:02.276Z,79.876,-0.09647528827190399,-0.08387649804353714,-1.022290587425232
1614096902405,2021-02-23T16:16:02.306Z,79.915,-0.09476630389690399,-0.08363235741853714,-1.021314024925232
1614096902445,2021-02-23T16:16:02.336Z,79.955,-0.09549872577190399,-0.08509720116853714,-1.024976134300232
1614096902484,2021-02-23T16:16:02.350Z,79.994,-0.09525458514690399,-0.08436477929353714,-1.022046446800232
1614096902524,2021-02-23T16:16:02.352Z,80.034,-0.09549872577190399,-0.08338821679353714,-1.023267149925232
1614096902562,2021-02-23T16:16:02.366Z,80.072,-0.09598700702190399,-0.08314407616853714,-1.019849181175232
1614096902602,2021-02-23T16:16:02.381Z,80.112,-0.09623114764690399,-0.08460891991853714,-1.024243712425232
1614096902641,2021-02-23T16:16:02.411Z,80.151,-0.09525458514690399,-0.08436477929353714,-1.020093321800232
1614096902681,2021-02-23T16:16:02.426Z,80.191,-0.09647528827190399,-0.08387649804353714,-1.021314024925232
1614096902720,2021-02-23T16:16:02.441Z,80.23,-0.09525458514690399,-0.08289993554353714,-1.022778868675232
1614096902760,2021-02-23T16:16:02.456Z,80.27,-0.09745185077190399,-0.08314407616853714,-1.021558165550232
1614096902799,2021-02-23T16:16:02.470Z,80.309,-0.09549872577190399,-0.08412063866853714,-1.021558165550232
1614096902839,2021-02-23T16:16:02.472Z,80.349,-0.09427802264690399,-0.08436477929353714,-1.022534728050232
1614096902877,2021-02-23T16:16:02.487Z,80.387,-0.09427802264690399,-0.08509720116853714,-1.023511290550232
1614096902916,2021-02-23T16:16:02.516Z,80.426,-0.09794013202190399,-0.08436477929353714,-1.023267149925232
1614096902956,2021-02-23T16:16:02.531Z,80.466,-0.09696356952190399,-0.08485306054353714,-1.024976134300232
1614096902996,2021-02-23T16:16:02.545Z,80.506,-0.09427802264690399,-0.08363235741853714,-1.023511290550232
1614096903035,2021-02-23T16:16:02.560Z,80.545,-0.09745185077190399,-0.08582962304353714,-1.023511290550232
1614096903075,2021-02-23T16:16:02.562Z,80.585,-0.09525458514690399,-0.08582962304353714,-1.021069884300232
1614096903114,2021-02-23T16:16:02.576Z,80.624,-0.09549872577190399,-0.08631790429353714,-1.024487853050232
1614096903154,2021-02-23T16:16:02.591Z,80.664,-0.09671942889690399,-0.08436477929353714,-1.022778868675232
1614096903192,2021-02-23T16:16:02.621Z,80.702,-0.09647528827190399,-0.08509720116853714,-1.021558165550232
1614096903231,2021-02-23T16:16:02.635Z,80.741,-0.09476630389690399,-0.08289993554353714,-1.023023009300232
1614096903271,2021-02-23T16:16:02.637Z,80.781,-0.09623114764690399,-0.08485306054353714,-1.022778868675232
1614096903310,2021-02-23T16:16:02.666Z,80.82,-0.09501044452190399,-0.08436477929353714,-1.020337462425232
1614096903350,2021-02-23T16:16:02.681Z,80.86,-0.09452216327190399,-0.08265579491853714,-1.021802306175232
1614096903390,2021-02-23T16:16:02.695Z,80.9,-0.09647528827190399,-0.08534134179353714,-1.024487853050232
1614096903429,2021-02-23T16:16:02.697Z,80.939,-0.09574286639690399,-0.08631790429353714,-1.021558165550232
1614096903467,2021-02-23T16:16:02.726Z,80.977,-0.09696356952190399,-0.08436477929353714,-1.022046446800232
1614096903507,2021-02-23T16:16:02.771Z,81.017,-0.09427802264690399,-0.08460891991853714,-1.023023009300232
1614096903546,2021-02-23T16:16:02.786Z,81.056,-0.09525458514690399,-0.08607376366853714,-1.025952696800232
1614096903586,2021-02-23T16:16:02.800Z,81.096,-0.09647528827190399,-0.08582962304353714,-1.022534728050232
1614096903625,2021-02-23T16:16:02.802Z,81.135,-0.09720771014690399,-0.08485306054353714,-1.022534728050232
1614096903665,2021-02-23T16:16:02.831Z,81.175,-0.09598700702190399,-0.08582962304353714,-1.025952696800232
1614096903705,2021-02-23T16:16:02.875Z,81.215,-0.09452216327190399,-0.08436477929353714,-1.021314024925232
1614096903744,2021-02-23T16:16:02.877Z,81.254,-0.09818427264690399,-0.08436477929353714,-1.022778868675232
1614096903782,2021-02-23T16:16:02.891Z,81.292,-0.09598700702190399,-0.08265579491853714,-1.021558165550232
1614096903822,2021-02-23T16:16:02.906Z,81.332,-0.09671942889690399,-0.08558548241853714,-1.022778868675232
1614096903861,2021-02-23T16:16:02.921Z,81.371,-0.09671942889690399,-0.08607376366853714,-1.021069884300232
1614096903901,2021-02-23T16:16:02.935Z,81.411,-0.09745185077190399,-0.08582962304353714,-1.024487853050232
1614096903940,2021-02-23T16:16:02.937Z,81.45,-0.09427802264690399,-0.08412063866853714,-1.022534728050232
1614096903980,2021-02-23T16:16:02.968Z,81.49,-0.09671942889690399,-0.08436477929353714,-1.022778868675232
1614096904019,2021-02-23T16:16:02.981Z,81.529,-0.09623114764690399,-0.08509720116853714,-1.021314024925232
1614096904059,2021-02-23T16:16:02.996Z,81.569,-0.09525458514690399,-0.08631790429353714,-1.024243712425232
1614096904097,2021-02-23T16:16:03.010Z,81.607,-0.09623114764690399,-0.08582962304353714,-1.022534728050232
1614096904137,2021-02-23T16:16:03.026Z,81.647,-0.09305731952190399,-0.08558548241853714,-1.023511290550232
1614096904176,2021-02-23T16:16:03.027Z,81.686,-0.09623114764690399,-0.08534134179353714,-1.022534728050232
1614096904216,2021-02-23T16:16:03.042Z,81.726,-0.09598700702190399,-0.08338821679353714,-1.020825743675232
1614096904255,2021-02-23T16:16:03.071Z,81.765,-0.09525458514690399,-0.08387649804353714,-1.022534728050232
1614096904295,2021-02-23T16:16:03.086Z,81.805,-0.09598700702190399,-0.08485306054353714,-1.022534728050232
1614096904334,2021-02-23T16:16:03.100Z,81.844,-0.09647528827190399,-0.08582962304353714,-1.021558165550232
1614096904374,2021-02-23T16:16:03.102Z,81.884,-0.09598700702190399,-0.08631790429353714,-1.023023009300232
1614096904412,2021-02-23T16:16:03.146Z,81.922,-0.09574286639690399,-0.08509720116853714,-1.023267149925232
1614096904452,2021-02-23T16:16:03.176Z,81.962,-0.09794013202190399,-0.08485306054353714,-1.021558165550232
1614096904491,2021-02-23T16:16:03.190Z,82.001,-0.09501044452190399,-0.08802688866853714,-1.020581603050232
1614096904531,2021-02-23T16:16:03.205Z,82.041,-0.09574286639690399,-0.08582962304353714,-1.023755431175232
1614096904570,2021-02-23T16:16:03.207Z,82.08,-0.09403388202190399,-0.08509720116853714,-1.020825743675232
1614096904610,2021-02-23T16:16:03.221Z,82.12,-0.09598700702190399,-0.08485306054353714,-1.020337462425232
1614096904649,2021-02-23T16:16:03.236Z,82.159,-0.09769599139690399,-0.08558548241853714,-1.022778868675232
1614096904689,2021-02-23T16:16:03.252Z,82.199,-0.09842841327190399,-0.08607376366853714,-1.023267149925232
1614096904727,2021-02-23T16:16:03.282Z,82.237,-0.09574286639690399,-0.08607376366853714,-1.021802306175232
1614096904767,2021-02-23T16:16:03.296Z,82.277,-0.09598700702190399,-0.08607376366853714,-1.021558165550232
1614096904806,2021-02-23T16:16:03.310Z,82.316,-0.09574286639690399,-0.08582962304353714,-1.023755431175232
1614096904846,2021-02-23T16:16:03.325Z,82.356,-0.09549872577190399,-0.08436477929353714,-1.022290587425232
1614096904885,2021-02-23T16:16:03.327Z,82.395,-0.09623114764690399,-0.08778274804353714,-1.020337462425232
1614096904925,2021-02-23T16:16:03.342Z,82.435,-0.09696356952190399,-0.08485306054353714,-1.022534728050232
1614096904964,2021-02-23T16:16:03.356Z,82.474,-0.09549872577190399,-0.08582962304353714,-1.023511290550232
1614096905004,2021-02-23T16:16:03.386Z,82.514,-0.09745185077190399,-0.08460891991853714,-1.022534728050232
1614096905042,2021-02-23T16:16:03.415Z,82.552,-0.09452216327190399,-0.08534134179353714,-1.022778868675232
1614096905081,2021-02-23T16:16:03.417Z,82.591,-0.09574286639690399,-0.08582962304353714,-1.023511290550232
1614096905121,2021-02-23T16:16:03.431Z,82.631,-0.09476630389690399,-0.08509720116853714,-1.021802306175232
1614096905161,2021-02-23T16:16:03.446Z,82.671,-0.09525458514690399,-0.08338821679353714,-1.023511290550232
1614096905200,2021-02-23T16:16:03.461Z,82.71,-0.09598700702190399,-0.08631790429353714,-1.020825743675232
1614096905240,2021-02-23T16:16:03.490Z,82.75,-0.09501044452190399,-0.08607376366853714,-1.019849181175232
1614096905279,2021-02-23T16:16:03.492Z,82.789,-0.09671942889690399,-0.08631790429353714,-1.023267149925232
1614096905319,2021-02-23T16:16:03.522Z,82.829,-0.09452216327190399,-0.08534134179353714,-1.022778868675232
1614096905357,2021-02-23T16:16:03.536Z,82.867,-0.09403388202190399,-0.08412063866853714,-1.020581603050232
1614096905396,2021-02-23T16:16:03.551Z,82.906,-0.09525458514690399,-0.08412063866853714,-1.021802306175232
1614096905436,2021-02-23T16:16:03.565Z,82.946,-0.09623114764690399,-0.08607376366853714,-1.020093321800232
1614096905476,2021-02-23T16:16:03.595Z,82.986,-0.09720771014690399,-0.08656204491853714,-1.023511290550232
1614096905515,2021-02-23T16:16:03.597Z,83.025,-0.09671942889690399,-0.08509720116853714,-1.021558165550232
1614096905555,2021-02-23T16:16:03.627Z,83.065,-0.09671942889690399,-0.08387649804353714,-1.025220274925232
1614096905594,2021-02-23T16:16:03.641Z,83.104,-0.09305731952190399,-0.08582962304353714,-1.023023009300232
1614096905634,2021-02-23T16:16:03.656Z,83.144,-0.09671942889690399,-0.08631790429353714,-1.021558165550232
1614096905672,2021-02-23T16:16:03.670Z,83.182,-0.09794013202190399,-0.08387649804353714,-1.023755431175232
1614096905711,2021-02-23T16:16:03.672Z,83.221,-0.09745185077190399,-0.08582962304353714,-1.022290587425232
1614096905751,2021-02-23T16:16:03.701Z,83.261,-0.09574286639690399,-0.08534134179353714,-1.021314024925232
1614096905790,2021-02-23T16:16:03.730Z,83.3,-0.09623114764690399,-0.08802688866853714,-1.023755431175232
1614096905830,2021-02-23T16:16:03.732Z,83.34,-0.09671942889690399,-0.08680618554353714,-1.022534728050232
1614096905870,2021-02-23T16:16:03.746Z,83.38,-0.09525458514690399,-0.08582962304353714,-1.023999571800232
1614096905909,2021-02-23T16:16:03.761Z,83.419,-0.09623114764690399,-0.08460891991853714,-1.023267149925232
1614096905949,2021-02-23T16:16:03.776Z,83.459,-0.09647528827190399,-0.08705032616853714,-1.024487853050232
1614096905987,2021-02-23T16:16:03.790Z,83.497,-0.09549872577190399,-0.08485306054353714,-1.021802306175232
1614096906026,2021-02-23T16:16:03.792Z,83.536,-0.09452216327190399,-0.08729446679353714,-1.021314024925232
1614096906066,2021-02-23T16:16:03.835Z,83.576,-0.09696356952190399,-0.08582962304353714,-1.023023009300232
1614096906105,2021-02-23T16:16:03.837Z,83.615,-0.09549872577190399,-0.08827102929353714,-1.020825743675232
1614096906145,2021-02-23T16:16:03.851Z,83.655,-0.09501044452190399,-0.08509720116853714,-1.022534728050232
1614096906185,2021-02-23T16:16:03.866Z,83.695,-0.09794013202190399,-0.08460891991853714,-1.025464415550232
1614096906224,2021-02-23T16:16:03.881Z,83.734,-0.09476630389690399,-0.08485306054353714,-1.021558165550232
1614096906264,2021-02-23T16:16:03.895Z,83.774,-0.09720771014690399,-0.08582962304353714,-1.021558165550232
1614096906302,2021-02-23T16:16:03.897Z,83.812,-0.09598700702190399,-0.08558548241853714,-1.019605040550232
1614096906341,2021-02-23T16:16:03.911Z,83.851,-0.09549872577190399,-0.08753860741853714,-1.023267149925232
1614096906381,2021-02-23T16:16:03.941Z,83.891,-0.09476630389690399,-0.08705032616853714,-1.022778868675232
1614096906420,2021-02-23T16:16:03.956Z,83.93,-0.09598700702190399,-0.08656204491853714,-1.022778868675232
1614096906460,2021-02-23T16:16:03.970Z,83.97,-0.09769599139690399,-0.08607376366853714,-1.022046446800232
1614096906499,2021-02-23T16:16:03.972Z,84.009,-0.09769599139690399,-0.08753860741853714,-1.023511290550232
1614096906539,2021-02-23T16:16:03.987Z,84.049,-0.09696356952190399,-0.08509720116853714,-1.022534728050232
1614096906577,2021-02-23T16:16:04.002Z,84.087,-0.09769599139690399,-0.08534134179353714,-1.023999571800232
1614096906617,2021-02-23T16:16:04.016Z,84.127,-0.09647528827190399,-0.08582962304353714,-1.022534728050232
1614096906656,2021-02-23T16:16:04.030Z,84.166,-0.09647528827190399,-0.08680618554353714,-1.023755431175232
1614096906696,2021-02-23T16:16:04.047Z,84.206,-0.09647528827190399,-0.08460891991853714,-1.021802306175232
1614096906735,2021-02-23T16:16:04.076Z,84.245,-0.09842841327190399,-0.08534134179353714,-1.022046446800232
1614096906775,2021-02-23T16:16:04.091Z,84.285,-0.09818427264690399,-0.08534134179353714,-1.022046446800232
1614096906814,2021-02-23T16:16:04.105Z,84.324,-0.09696356952190399,-0.08509720116853714,-1.023023009300232
1614096906854,2021-02-23T16:16:04.120Z,84.364,-0.09964911639690399,-0.08631790429353714,-1.023267149925232
1614096906892,2021-02-23T16:16:04.122Z,84.402,-0.09525458514690399,-0.08534134179353714,-1.024243712425232
1614096906932,2021-02-23T16:16:04.136Z,84.442,-0.09574286639690399,-0.08509720116853714,-1.024976134300232
1614096906971,2021-02-23T16:16:04.151Z,84.481,-0.09720771014690399,-0.08802688866853714,-1.022534728050232
1614096907011,2021-02-23T16:16:04.181Z,84.521,-0.09647528827190399,-0.08631790429353714,-1.020825743675232
1614096907050,2021-02-23T16:16:04.195Z,84.56,-0.09891669452190399,-0.08753860741853714,-1.021802306175232
1614096907090,2021-02-23T16:16:04.197Z,84.6,-0.09598700702190399,-0.08582962304353714,-1.021069884300232
1614096907129,2021-02-23T16:16:04.211Z,84.639,-0.09964911639690399,-0.08729446679353714,-1.022046446800232
1614096907169,2021-02-23T16:16:04.227Z,84.679,-0.09794013202190399,-0.08802688866853714,-1.022046446800232
1614096907207,2021-02-23T16:16:04.241Z,84.717,-0.09671942889690399,-0.08631790429353714,-1.025220274925232
1614096907247,2021-02-23T16:16:04.255Z,84.757,-0.09794013202190399,-0.08729446679353714,-1.019116759300232
1614096907286,2021-02-23T16:16:04.257Z,84.796,-0.09623114764690399,-0.08387649804353714,-1.023023009300232
1614096907326,2021-02-23T16:16:04.288Z,84.836,-0.09647528827190399,-0.08753860741853714,-1.024731993675232
1614096907365,2021-02-23T16:16:04.302Z,84.875,-0.09671942889690399,-0.08460891991853714,-1.020581603050232
1614096907405,2021-02-23T16:16:04.316Z,84.915,-0.09794013202190399,-0.08509720116853714,-1.021802306175232
1614096907444,2021-02-23T16:16:04.330Z,84.954,-0.09720771014690399,-0.08778274804353714,-1.023511290550232
1614096907484,2021-02-23T16:16:04.345Z,84.994,-0.09867255389690399,-0.08558548241853714,-1.023511290550232
1614096907522,2021-02-23T16:16:04.392Z,85.032,-0.09598700702190399,-0.08656204491853714,-1.022778868675232
1614096907561,2021-02-23T16:16:04.407Z,85.071,-0.09818427264690399,-0.08753860741853714,-1.023999571800232
1614096907601,2021-02-23T16:16:04.421Z,85.111,-0.09916083514690399,-0.08534134179353714,-1.023023009300232
1614096907641,2021-02-23T16:16:04.436Z,85.151,-0.09745185077190399,-0.08680618554353714,-1.023023009300232
1614096907680,2021-02-23T16:16:04.450Z,85.19,-0.09769599139690399,-0.08851516991853714,-1.021314024925232
1614096907720,2021-02-23T16:16:04.465Z,85.23,-0.09647528827190399,-0.08607376366853714,-1.021558165550232
1614096907759,2021-02-23T16:16:04.467Z,85.269,-0.09501044452190399,-0.08582962304353714,-1.022778868675232
1614096907799,2021-02-23T16:16:04.496Z,85.309,-0.09623114764690399,-0.08656204491853714,-1.022778868675232
1614096907837,2021-02-23T16:16:04.526Z,85.347,-0.09647528827190399,-0.08680618554353714,-1.020825743675232
1614096907876,2021-02-23T16:16:04.541Z,85.386,-0.09574286639690399,-0.08534134179353714,-1.022778868675232
1614096907916,2021-02-23T16:16:04.555Z,85.426,-0.09818427264690399,-0.08656204491853714,-1.025708556175232
1614096907956,2021-02-23T16:16:04.556Z,85.466,-0.09720771014690399,-0.08753860741853714,-1.021314024925232
1614096907995,2021-02-23T16:16:04.571Z,85.505,-0.09598700702190399,-0.08729446679353714,-1.023267149925232
1614096908035,2021-02-23T16:16:04.601Z,85.545,-0.09525458514690399,-0.08485306054353714,-1.021558165550232
1614096908074,2021-02-23T16:16:04.630Z,85.584,-0.09452216327190399,-0.08802688866853714,-1.024243712425232
1614096908114,2021-02-23T16:16:04.633Z,85.624,-0.09598700702190399,-0.08607376366853714,-1.021069884300232
1614096908152,2021-02-23T16:16:04.647Z,85.662,-0.09574286639690399,-0.08607376366853714,-1.023023009300232
1614096908191,2021-02-23T16:16:04.662Z,85.701,-0.09745185077190399,-0.08827102929353714,-1.023511290550232
1614096908231,2021-02-23T16:16:04.676Z,85.741,-0.09525458514690399,-0.08631790429353714,-1.022778868675232
1614096908270,2021-02-23T16:16:04.690Z,85.78,-0.09623114764690399,-0.08705032616853714,-1.021069884300232
1614096908310,2021-02-23T16:16:04.706Z,85.82,-0.09452216327190399,-0.08656204491853714,-1.021802306175232
1614096908350,2021-02-23T16:16:04.736Z,85.86,-0.09745185077190399,-0.08656204491853714,-1.021558165550232
1614096908389,2021-02-23T16:16:04.750Z,85.899,-0.09671942889690399,-0.08631790429353714,-1.021558165550232
1614096908427,2021-02-23T16:16:04.752Z,85.937,-0.09671942889690399,-0.08631790429353714,-1.022534728050232
1614096908467,2021-02-23T16:16:04.766Z,85.977,-0.09525458514690399,-0.08705032616853714,-1.023023009300232
1614096908506,2021-02-23T16:16:04.796Z,86.016,-0.09696356952190399,-0.08631790429353714,-1.023023009300232
1614096908546,2021-02-23T16:16:04.811Z,86.056,-0.09598700702190399,-0.08778274804353714,-1.023267149925232
1614096908585,2021-02-23T16:16:04.840Z,86.095,-0.09525458514690399,-0.08778274804353714,-1.023267149925232
1614096908625,2021-02-23T16:16:04.855Z,86.135,-0.09549872577190399,-0.08631790429353714,-1.024243712425232
1614096908664,2021-02-23T16:16:04.857Z,86.174,-0.09452216327190399,-0.08827102929353714,-1.023267149925232
1614096908704,2021-02-23T16:16:04.872Z,86.214,-0.09720771014690399,-0.08607376366853714,-1.023023009300232
1614096908742,2021-02-23T16:16:04.901Z,86.252,-0.09574286639690399,-0.08875931054353714,-1.023755431175232
1614096908782,2021-02-23T16:16:04.916Z,86.292,-0.09623114764690399,-0.08729446679353714,-1.022046446800232
1614096908821,2021-02-23T16:16:04.946Z,86.331,-0.09794013202190399,-0.08753860741853714,-1.021802306175232
1614096908861,2021-02-23T16:16:04.948Z,86.371,-0.09501044452190399,-0.08729446679353714,-1.024243712425232
1614096908900,2021-02-23T16:16:04.962Z,86.41,-0.09891669452190399,-0.08631790429353714,-1.019360899925232
1614096908940,2021-02-23T16:16:04.978Z,86.45,-0.09818427264690399,-0.08656204491853714,-1.023755431175232
1614096908979,2021-02-23T16:16:05.007Z,86.489,-0.09794013202190399,-0.08656204491853714,-1.020581603050232
1614096909019,2021-02-23T16:16:05.021Z,86.529,-0.09769599139690399,-0.08753860741853714,-1.020581603050232
1614096909057,2021-02-23T16:16:05.050Z,86.567,-0.09696356952190399,-0.08705032616853714,-1.022290587425232
1614096909097,2021-02-23T16:16:05.080Z,86.607,-0.09989325702190399,-0.08753860741853714,-1.021802306175232
1614096909136,2021-02-23T16:16:05.082Z,86.646,-0.09940497577190399,-0.08582962304353714,-1.022778868675232
1614096909176,2021-02-23T16:16:05.111Z,86.686,-0.09818427264690399,-0.08509720116853714,-1.022778868675232
1614096909215,2021-02-23T16:16:05.126Z,86.725,-0.09696356952190399,-0.08753860741853714,-1.023023009300232
1614096909255,2021-02-23T16:16:05.156Z,86.765,-0.09964911639690399,-0.08705032616853714,-1.023023009300232
1614096909294,2021-02-23T16:16:05.185Z,86.804,-0.09891669452190399,-0.08680618554353714,-1.025220274925232
1614096909334,2021-02-23T16:16:05.187Z,86.844,-0.09916083514690399,-0.08509720116853714,-1.023267149925232
1614096909372,2021-02-23T16:16:05.201Z,86.882,-0.09916083514690399,-0.08680618554353714,-1.024243712425232
1614096909412,2021-02-23T16:16:05.217Z,86.922,-0.09720771014690399,-0.08582962304353714,-1.022778868675232
1614096909451,2021-02-23T16:16:05.231Z,86.961,-0.10135810077190399,-0.08582962304353714,-1.022046446800232
1614096909491,2021-02-23T16:16:05.245Z,87.001,-0.09794013202190399,-0.08680618554353714,-1.022046446800232
1614096909530,2021-02-23T16:16:05.248Z,87.04,-0.09842841327190399,-0.08485306054353714,-1.022534728050232
1614096909570,2021-02-23T16:16:05.263Z,87.08,-0.10013739764690399,-0.08607376366853714,-1.022290587425232
1614096909609,2021-02-23T16:16:05.291Z,87.119,-0.09916083514690399,-0.08582962304353714,-1.021069884300232
1614096909647,2021-02-23T16:16:05.306Z,87.157,-0.09891669452190399,-0.08582962304353714,-1.022290587425232
1614096909687,2021-02-23T16:16:05.320Z,87.197,-0.09891669452190399,-0.08753860741853714,-1.023023009300232
1614096909727,2021-02-23T16:16:05.335Z,87.237,-0.09916083514690399,-0.08509720116853714,-1.021802306175232
1614096909766,2021-02-23T16:16:05.337Z,87.276,-0.09964911639690399,-0.08509720116853714,-1.020581603050232
1614096909806,2021-02-23T16:16:05.351Z,87.316,-0.10013739764690399,-0.08363235741853714,-1.023267149925232
1614096909845,2021-02-23T16:16:05.366Z,87.355,-0.09916083514690399,-0.08363235741853714,-1.023999571800232
1614096909885,2021-02-23T16:16:05.396Z,87.395,-0.09794013202190399,-0.08412063866853714,-1.023023009300232
1614096909924,2021-02-23T16:16:05.410Z,87.434,-0.09891669452190399,-0.08509720116853714,-1.020581603050232
1614096909962,2021-02-23T16:16:05.412Z,87.472,-0.10111396014690399,-0.08485306054353714,-1.024487853050232
1614096910002,2021-02-23T16:16:05.426Z,87.512,-0.10209052264690399,-0.08485306054353714,-1.023267149925232
1614096910041,2021-02-23T16:16:05.441Z,87.551,-0.10062567889690399,-0.08534134179353714,-1.021558165550232
1614096910081,2021-02-23T16:16:05.456Z,87.591,-0.10062567889690399,-0.08729446679353714,-1.023999571800232
1614096910121,2021-02-23T16:16:05.470Z,87.631,-0.09964911639690399,-0.08460891991853714,-1.021558165550232
1614096910160,2021-02-23T16:16:05.472Z,87.67,-0.10257880389690399,-0.08387649804353714,-1.021802306175232
1614096910200,2021-02-23T16:16:05.502Z,87.71,-0.10160224139690399,-0.08387649804353714,-1.020581603050232
1614096910239,2021-02-23T16:16:05.532Z,87.749,-0.10306708514690399,-0.08265579491853714,-1.023267149925232
1614096910277,2021-02-23T16:16:05.546Z,87.787,-0.10160224139690399,-0.08216751366853714,-1.022778868675232
1614096910317,2021-02-23T16:16:05.560Z,87.827,-0.10404364764690399,-0.08363235741853714,-1.021314024925232
1614096910356,2021-02-23T16:16:05.575Z,87.866,-0.10257880389690399,-0.08289993554353714,-1.021802306175232
1614096910396,2021-02-23T16:16:05.577Z,87.906,-0.10160224139690399,-0.08241165429353714,-1.024976134300232
1614096910435,2021-02-23T16:16:05.607Z,87.945,-0.10428778827190399,-0.08289993554353714,-1.023267149925232
1614096910475,2021-02-23T16:16:05.636Z,87.985,-0.10355536639690399,-0.08265579491853714,-1.023267149925232
1614096910515,2021-02-23T16:16:05.651Z,88.025,-0.10209052264690399,-0.08289993554353714,-1.021558165550232
1614096910554,2021-02-23T16:16:05.665Z,88.064,-0.10575263202190399,-0.08192337304353714,-1.023511290550232
1614096910592,2021-02-23T16:16:05.711Z,88.102,-0.10306708514690399,-0.08241165429353714,-1.023267149925232
1614096910632,2021-02-23T16:16:05.740Z,88.142,-0.10306708514690399,-0.08070266991853714,-1.021314024925232
1614096910671,2021-02-23T16:16:05.742Z,88.181,-0.10257880389690399,-0.08070266991853714,-1.023267149925232
1614096910711,2021-02-23T16:16:05.756Z,88.221,-0.10453192889690399,-0.07997024804353714,-1.023267149925232
1614096910750,2021-02-23T16:16:05.771Z,88.26,-0.10379950702190399,-0.08070266991853714,-1.022534728050232
1614096910790,2021-02-23T16:16:05.786Z,88.3,-0.10282294452190399,-0.07923782616853714,-1.022290587425232
1614096910830,2021-02-23T16:16:05.800Z,88.34,-0.10672919452190399,-0.07899368554353714,-1.023267149925232
1614096910869,2021-02-23T16:16:05.802Z,88.379,-0.10160224139690399,-0.07948196679353714,-1.023023009300232
1614096910907,2021-02-23T16:16:05.817Z,88.417,-0.10331122577190399,-0.07997024804353714,-1.023511290550232
1614096910947,2021-02-23T16:16:05.847Z,88.457,-0.10355536639690399,-0.08167923241853714,-1.023023009300232
1614096910986,2021-02-23T16:16:05.861Z,88.496,-0.10526435077190399,-0.08192337304353714,-1.024976134300232
1614096911026,2021-02-23T16:16:05.875Z,88.536,-0.10477606952190399,-0.07777298241853714,-1.021069884300232
1614096911065,2021-02-23T16:16:05.890Z,88.575,-0.10428778827190399,-0.07923782616853714,-1.024243712425232
1614096911105,2021-02-23T16:16:05.892Z,88.615,-0.10062567889690399,-0.07899368554353714,-1.019360899925232
1614096911144,2021-02-23T16:16:05.906Z,88.654,-0.10502021014690399,-0.07874954491853714,-1.023511290550232
1614096911184,2021-02-23T16:16:05.921Z,88.694,-0.10306708514690399,-0.07777298241853714,-1.022534728050232
1614096911222,2021-02-23T16:16:05.951Z,88.732,-0.10355536639690399,-0.07679641991853714,-1.023023009300232
1614096911262,2021-02-23T16:16:05.965Z,88.772,-0.10502021014690399,-0.07826126366853714,-1.022290587425232
1614096911301,2021-02-23T16:16:05.980Z,88.811,-0.10331122577190399,-0.07801712304353714,-1.022046446800232
1614096911341,2021-02-23T16:16:05.982Z,88.851,-0.10306708514690399,-0.07826126366853714,-1.022778868675232
1614096911380,2021-02-23T16:16:05.997Z,88.89,-0.10306708514690399,-0.07411087304353714,-1.024731993675232
1614096911420,2021-02-23T16:16:06.011Z,88.93,-0.10404364764690399,-0.07606399804353714,-1.024243712425232
1614096911459,2021-02-23T16:16:06.026Z,88.969,-0.10526435077190399,-0.07459915429353714,-1.026929259300232
1614096911499,2021-02-23T16:16:06.055Z,89.009,-0.10404364764690399,-0.07533157616853714,-1.021069884300232
1614096911537,2021-02-23T16:16:06.057Z,89.047,-0.10648505389690399,-0.07435501366853714,-1.021314024925232
1614096911577,2021-02-23T16:16:06.087Z,89.087,-0.10502021014690399,-0.07557571679353714,-1.024243712425232
1614096911616,2021-02-23T16:16:06.101Z,89.126,-0.10477606952190399,-0.07362259179353714,-1.021802306175232
1614096911656,2021-02-23T16:16:06.116Z,89.166,-0.10331122577190399,-0.07313431054353714,-1.021802306175232
1614096911695,2021-02-23T16:16:06.130Z,89.205,-0.10599677264690399,-0.07508743554353714,-1.021802306175232
1614096911735,2021-02-23T16:16:06.133Z,89.245,-0.10379950702190399,-0.07484329491853714,-1.023267149925232
1614096911774,2021-02-23T16:16:06.162Z,89.284,-0.10648505389690399,-0.07215774804353714,-1.020825743675232
1614096911812,2021-02-23T16:16:06.206Z,89.322,-0.10599677264690399,-0.07362259179353714,-1.022534728050232
1614096911852,2021-02-23T16:16:06.220Z,89.362,-0.10306708514690399,-0.07386673241853714,-1.021802306175232
1614096911892,2021-02-23T16:16:06.222Z,89.402,-0.10526435077190399,-0.07533157616853714,-1.023511290550232
1614096911931,2021-02-23T16:16:06.236Z,89.441,-0.10697333514690399,-0.07313431054353714,-1.022778868675232
1614096911971,2021-02-23T16:16:06.251Z,89.481,-0.10624091327190399,-0.07118118554353714,-1.024243712425232
1614096912010,2021-02-23T16:16:06.266Z,89.52,-0.10697333514690399,-0.07289016991853714,-1.023755431175232
1614096912050,2021-02-23T16:16:06.295Z,89.56,-0.10672919452190399,-0.07362259179353714,-1.023999571800232
1614096912089,2021-02-23T16:16:06.297Z,89.599,-0.10624091327190399,-0.07093704491853714,-1.021314024925232
1614096912127,2021-02-23T16:16:06.325Z,89.637,-0.10575263202190399,-0.07337845116853714,-1.020337462425232
1614096912167,2021-02-23T16:16:06.327Z,89.677,-0.10721747577190399,-0.07166946679353714,-1.021802306175232
1614096912206,2021-02-23T16:16:06.341Z,89.716,-0.10550849139690399,-0.07240188866853714,-1.022534728050232
1614096912246,2021-02-23T16:16:06.356Z,89.756,-0.10672919452190399,-0.07118118554353714,-1.021314024925232
1614096912286,2021-02-23T16:16:06.372Z,89.796,-0.10770575702190399,-0.07240188866853714,-1.022778868675232
1614096912325,2021-02-23T16:16:06.402Z,89.835,-0.10794989764690399,-0.07093704491853714,-1.020825743675232
1614096912365,2021-02-23T16:16:06.430Z,89.875,-0.10697333514690399,-0.07313431054353714,-1.024487853050232
1614096912404,2021-02-23T16:16:06.432Z,89.914,-0.10648505389690399,-0.07166946679353714,-1.022534728050232
1614096912442,2021-02-23T16:16:06.447Z,89.952,-0.10477606952190399,-0.07264602929353714,-1.021802306175232
1614096912482,2021-02-23T16:16:06.462Z,89.992,-0.10502021014690399,-0.07191360741853714,-1.021558165550232
1614096912521,2021-02-23T16:16:06.476Z,90.031,-0.10575263202190399,-0.07411087304353714,-1.023267149925232
1614096912561,2021-02-23T16:16:06.490Z,90.071,-0.10599677264690399,-0.07264602929353714,-1.021314024925232
1614096912601,2021-02-23T16:16:06.505Z,90.111,-0.10868231952190399,-0.07215774804353714,-1.019849181175232
1614096912640,2021-02-23T16:16:06.507Z,90.15,-0.10794989764690399,-0.07191360741853714,-1.023023009300232
1614096912680,2021-02-23T16:16:06.537Z,90.19,-0.10697333514690399,-0.07289016991853714,-1.024731993675232
1614096912719,2021-02-23T16:16:06.551Z,90.229,-0.10721747577190399,-0.07240188866853714,-1.023511290550232
1614096912757,2021-02-23T16:16:06.566Z,90.267,-0.10648505389690399,-0.07362259179353714,-1.023267149925232
1614096912797,2021-02-23T16:16:06.580Z,90.307,-0.10892646014690399,-0.07264602929353714,-1.022046446800232
1614096912836,2021-02-23T16:16:06.582Z,90.346,-0.10868231952190399,-0.06873977929353714,-1.020825743675232
1614096912876,2021-02-23T16:16:06.611Z,90.386,-0.10892646014690399,-0.07289016991853714,-1.022778868675232
1614096912915,2021-02-23T16:16:06.641Z,90.425,-0.10672919452190399,-0.06947220116853714,-1.021314024925232
1614096912955,2021-02-23T16:16:06.655Z,90.465,-0.10697333514690399,-0.07166946679353714,-1.023511290550232
1614096912995,2021-02-23T16:16:06.657Z,90.505,-0.10819403827190399,-0.07020462304353714,-1.022046446800232
1614096913034,2021-02-23T16:16:06.671Z,90.544,-0.10575263202190399,-0.07362259179353714,-1.022046446800232
1614096913072,2021-02-23T16:16:06.687Z,90.582,-0.10892646014690399,-0.07069290429353714,-1.022290587425232
1614096913112,2021-02-23T16:16:06.716Z,90.622,-0.10697333514690399,-0.07044876366853714,-1.021314024925232
1614096913151,2021-02-23T16:16:06.745Z,90.661,-0.10819403827190399,-0.07044876366853714,-1.022534728050232
1614096913191,2021-02-23T16:16:06.760Z,90.701,-0.10892646014690399,-0.06996048241853714,-1.024487853050232
1614096913230,2021-02-23T16:16:06.775Z,90.74,-0.10917060077190399,-0.07191360741853714,-1.019360899925232
1614096913270,2021-02-23T16:16:06.777Z,90.78,-0.11014716327190399,-0.07215774804353714,-1.023999571800232
1614096913310,2021-02-23T16:16:06.792Z,90.82,-0.10648505389690399,-0.07044876366853714,-1.022778868675232
1614096913349,2021-02-23T16:16:06.806Z,90.859,-0.10917060077190399,-0.07240188866853714,-1.023999571800232
1614096913387,2021-02-23T16:16:06.821Z,90.897,-0.10819403827190399,-0.06971634179353714,-1.023267149925232
1614096913427,2021-02-23T16:16:06.865Z,90.937,-0.10917060077190399,-0.07166946679353714,-1.021069884300232
1614096913466,2021-02-23T16:16:06.867Z,90.976,-0.10672919452190399,-0.07044876366853714,-1.024487853050232
1614096913506,2021-02-23T16:16:06.881Z,91.016,-0.10721747577190399,-0.07166946679353714,-1.021314024925232
1614096913545,2021-02-23T16:16:06.896Z,91.055,-0.10941474139690399,-0.07215774804353714,-1.021314024925232
1614096913585,2021-02-23T16:16:06.911Z,91.095,-0.10746161639690399,-0.07142532616853714,-1.022290587425232
1614096913624,2021-02-23T16:16:06.925Z,91.134,-0.10721747577190399,-0.07093704491853714,-1.021314024925232
1614096913664,2021-02-23T16:16:06.927Z,91.174,-0.10819403827190399,-0.07093704491853714,-1.021069884300232
1614096913702,2021-02-23T16:16:07.016Z,91.212,-0.10770575702190399,-0.07020462304353714,-1.021802306175232
1614096913742,2021-02-23T16:16:07.030Z,91.252,-0.10794989764690399,-0.06996048241853714,-1.021314024925232
1614096913781,2021-02-23T16:16:07.045Z,91.291,-0.10770575702190399,-0.07020462304353714,-1.023999571800232
1614096913821,2021-02-23T16:16:07.062Z,91.331,-0.10672919452190399,-0.06825149804353714,-1.022778868675232
1614096913860,2021-02-23T16:16:07.090Z,91.37,-0.10770575702190399,-0.06898391991853714,-1.023023009300232
1614096913900,2021-02-23T16:16:07.092Z,91.41,-0.10672919452190399,-0.07069290429353714,-1.022534728050232
1614096913939,2021-02-23T16:16:07.108Z,91.449,-0.10672919452190399,-0.07044876366853714,-1.021558165550232
1614096913979,2021-02-23T16:16:07.121Z,91.489,-0.10624091327190399,-0.06947220116853714,-1.020093321800232
1614096914017,2021-02-23T16:16:07.136Z,91.527,-0.10575263202190399,-0.06922806054353714,-1.022778868675232
1614096914057,2021-02-23T16:16:07.150Z,91.567,-0.10794989764690399,-0.06898391991853714,-1.022778868675232
1614096914096,2021-02-23T16:16:07.165Z,91.606,-0.10721747577190399,-0.07044876366853714,-1.021314024925232
1614096914136,2021-02-23T16:16:07.167Z,91.646,-0.10575263202190399,-0.06971634179353714,-1.019605040550232
1614096914175,2021-02-23T16:16:07.196Z,91.685,-0.10868231952190399,-0.07069290429353714,-1.023511290550232
1614096914215,2021-02-23T16:16:07.211Z,91.725,-0.10794989764690399,-0.06947220116853714,-1.022778868675232
1614096914254,2021-02-23T16:16:07.226Z,91.764,-0.10794989764690399,-0.06849563866853714,-1.023023009300232
1614096914294,2021-02-23T16:16:07.240Z,91.804,-0.10868231952190399,-0.06971634179353714,-1.023511290550232
1614096914332,2021-02-23T16:16:07.242Z,91.842,-0.10843817889690399,-0.06776321679353714,-1.021314024925232
1614096914372,2021-02-23T16:16:07.272Z,91.882,-0.10721747577190399,-0.07093704491853714,-1.021558165550232
1614096914411,2021-02-23T16:16:07.301Z,91.921,-0.10624091327190399,-0.07044876366853714,-1.020825743675232
1614096914451,2021-02-23T16:16:07.316Z,91.961,-0.10697333514690399,-0.07118118554353714,-1.023511290550232
1614096914490,2021-02-23T16:16:07.330Z,92,-0.10843817889690399,-0.07069290429353714,-1.021558165550232
1614096914530,2021-02-23T16:16:07.345Z,92.04,-0.10965888202190399,-0.07069290429353714,-1.021558165550232
1614096914569,2021-02-23T16:16:07.347Z,92.079,-0.10917060077190399,-0.06922806054353714,-1.020825743675232
1614096914609,2021-02-23T16:16:07.362Z,92.119,-0.10770575702190399,-0.07118118554353714,-1.022534728050232
1614096914647,2021-02-23T16:16:07.376Z,92.157,-0.10648505389690399,-0.06898391991853714,-1.023755431175232
1614096914686,2021-02-23T16:16:07.406Z,92.196,-0.10917060077190399,-0.06996048241853714,-1.023023009300232
1614096914726,2021-02-23T16:16:07.420Z,92.236,-0.10721747577190399,-0.06898391991853714,-1.022534728050232
1614096914766,2021-02-23T16:16:07.422Z,92.276,-0.10697333514690399,-0.06898391991853714,-1.021558165550232
1614096914805,2021-02-23T16:16:07.437Z,92.315,-0.10697333514690399,-0.06996048241853714,-1.022290587425232
1614096914845,2021-02-23T16:16:07.466Z,92.355,-0.10868231952190399,-0.06800735741853714,-1.022290587425232
1614096914884,2021-02-23T16:16:07.481Z,92.394,-0.10917060077190399,-0.07191360741853714,-1.022290587425232
1614096914922,2021-02-23T16:16:07.525Z,92.432,-0.10868231952190399,-0.06922806054353714,-1.021069884300232
1614096914962,2021-02-23T16:16:07.527Z,92.472,-0.10965888202190399,-0.06971634179353714,-1.021802306175232
1614096915001,2021-02-23T16:16:07.542Z,92.511,-0.10721747577190399,-0.07020462304353714,-1.022046446800232
1614096915041,2021-02-23T16:16:07.556Z,92.551,-0.10965888202190399,-0.06849563866853714,-1.022778868675232
1614096915081,2021-02-23T16:16:07.570Z,92.591,-0.11039130389690399,-0.06800735741853714,-1.023023009300232
1614096915120,2021-02-23T16:16:07.572Z,92.63,-0.10917060077190399,-0.06825149804353714,-1.018872618675232
1614096915160,2021-02-23T16:16:07.587Z,92.67,-0.10819403827190399,-0.07093704491853714,-1.023023009300232
1614096915199,2021-02-23T16:16:07.616Z,92.709,-0.10868231952190399,-0.06898391991853714,-1.022778868675232
1614096915237,2021-02-23T16:16:07.645Z,92.747,-0.10892646014690399,-0.06873977929353714,-1.023023009300232
1614096915277,2021-02-23T16:16:07.648Z,92.787,-0.10794989764690399,-0.06996048241853714,-1.022778868675232
1614096915316,2021-02-23T16:16:07.662Z,92.826,-0.10868231952190399,-0.06947220116853714,-1.019605040550232
1614096915356,2021-02-23T16:16:07.677Z,92.866,-0.10868231952190399,-0.06873977929353714,-1.018872618675232
1614096915395,2021-02-23T16:16:07.691Z,92.905,-0.10819403827190399,-0.06703079491853714,-1.023511290550232
1614096915435,2021-02-23T16:16:07.705Z,92.945,-0.11014716327190399,-0.06971634179353714,-1.020581603050232
1614096915475,2021-02-23T16:16:07.720Z,92.985,-0.11039130389690399,-0.07069290429353714,-1.018872618675232
1614096915514,2021-02-23T16:16:07.722Z,93.024,-0.11014716327190399,-0.06971634179353714,-1.022778868675232
1614096915552,2021-02-23T16:16:07.751Z,93.062,-0.11039130389690399,-0.07069290429353714,-1.020825743675232
1614096915592,2021-02-23T16:16:07.766Z,93.102,-0.10892646014690399,-0.06898391991853714,-1.020825743675232
1614096915631,2021-02-23T16:16:07.781Z,93.141,-0.10941474139690399,-0.06898391991853714,-1.021802306175232
1614096915671,2021-02-23T16:16:07.795Z,93.181,-0.10892646014690399,-0.06849563866853714,-1.020337462425232
1614096915710,2021-02-23T16:16:07.797Z,93.22,-0.10746161639690399,-0.06947220116853714,-1.023023009300232
1614096915750,2021-02-23T16:16:07.825Z,93.26,-0.10843817889690399,-0.06971634179353714,-1.022534728050232
1614096915789,2021-02-23T16:16:07.855Z,93.299,-0.11014716327190399,-0.06776321679353714,-1.024243712425232
1614096915828,2021-02-23T16:16:07.857Z,93.338,-0.11112372577190399,-0.07069290429353714,-1.023267149925232
1614096915867,2021-02-23T16:16:07.871Z,93.377,-0.10794989764690399,-0.06947220116853714,-1.022046446800232
1614096915907,2021-02-23T16:16:07.886Z,93.417,-0.11014716327190399,-0.06947220116853714,-1.023755431175232
1614096915946,2021-02-23T16:16:07.901Z,93.456,-0.10868231952190399,-0.06800735741853714,-1.022290587425232
1614096915986,2021-02-23T16:16:07.915Z,93.496,-0.10697333514690399,-0.06898391991853714,-1.020581603050232
1614096916025,2021-02-23T16:16:07.931Z,93.535,-0.10868231952190399,-0.06873977929353714,-1.022778868675232
1614096916065,2021-02-23T16:16:07.961Z,93.575,-0.10941474139690399,-0.06703079491853714,-1.022290587425232
1614096916104,2021-02-23T16:16:07.976Z,93.614,-0.10941474139690399,-0.06996048241853714,-1.021802306175232
1614096916143,2021-02-23T16:16:07.990Z,93.653,-0.10965888202190399,-0.06825149804353714,-1.022046446800232
1614096916182,2021-02-23T16:16:07.992Z,93.692,-0.10892646014690399,-0.06776321679353714,-1.021558165550232
1614096916222,2021-02-23T16:16:08.007Z,93.732,-0.11087958514690399,-0.06873977929353714,-1.020337462425232
1614096916261,2021-02-23T16:16:08.021Z,93.771,-0.11063544452190399,-0.06971634179353714,-1.021314024925232
1614096916301,2021-02-23T16:16:08.036Z,93.811,-0.10917060077190399,-0.06922806054353714,-1.020337462425232
1614096916340,2021-02-23T16:16:08.066Z,93.85,-0.11087958514690399,-0.06898391991853714,-1.021558165550232
1614096916380,2021-02-23T16:16:08.067Z,93.89,-0.10917060077190399,-0.06873977929353714,-1.021069884300232
1614096916419,2021-02-23T16:16:08.082Z,93.929,-0.10868231952190399,-0.07069290429353714,-1.020581603050232
1614096916457,2021-02-23T16:16:08.096Z,93.967,-0.10794989764690399,-0.06947220116853714,-1.022290587425232
1614096916497,2021-02-23T16:16:08.111Z,94.007,-0.10990302264690399,-0.06727493554353714,-1.022046446800232
1614096916537,2021-02-23T16:16:08.126Z,94.047,-0.10843817889690399,-0.06776321679353714,-1.022046446800232
1614096916576,2021-02-23T16:16:08.141Z,94.086,-0.10965888202190399,-0.06751907616853714,-1.020581603050232
1614096916616,2021-02-23T16:16:08.171Z,94.126,-0.10917060077190399,-0.06873977929353714,-1.023023009300232
1614096916655,2021-02-23T16:16:08.200Z,94.165,-0.10819403827190399,-0.06629837304353714,-1.025708556175232
1614096916695,2021-02-23T16:16:08.202Z,94.205,-0.11112372577190399,-0.06849563866853714,-1.022290587425232
1614096916734,2021-02-23T16:16:08.217Z,94.244,-0.10843817889690399,-0.06654251366853714,-1.021069884300232
1614096916772,2021-02-23T16:16:08.231Z,94.282,-0.10721747577190399,-0.06849563866853714,-1.022778868675232
1614096916812,2021-02-23T16:16:08.277Z,94.322,-0.10819403827190399,-0.06751907616853714,-1.022534728050232
1614096916852,2021-02-23T16:16:08.306Z,94.362,-0.10868231952190399,-0.06581009179353714,-1.022778868675232
1614096916891,2021-02-23T16:16:08.321Z,94.401,-0.10868231952190399,-0.06873977929353714,-1.021558165550232
1614096916931,2021-02-23T16:16:08.335Z,94.441,-0.10990302264690399,-0.06776321679353714,-1.019849181175232
1614096916970,2021-02-23T16:16:08.350Z,94.48,-0.11014716327190399,-0.06873977929353714,-1.022534728050232
1614096917010,2021-02-23T16:16:08.352Z,94.52,-0.10941474139690399,-0.06873977929353714,-1.021069884300232
1614096917048,2021-02-23T16:16:08.380Z,94.558,-0.11014716327190399,-0.06654251366853714,-1.023999571800232
1614096917087,2021-02-23T16:16:08.382Z,94.597,-0.11014716327190399,-0.06800735741853714,-1.021558165550232
1614096917127,2021-02-23T16:16:08.413Z,94.637,-0.10794989764690399,-0.06629837304353714,-1.023267149925232
1614096917166,2021-02-23T16:16:08.427Z,94.676,-0.10917060077190399,-0.06605423241853714,-1.021802306175232
1614096917206,2021-02-23T16:16:08.441Z,94.716,-0.10917060077190399,-0.06898391991853714,-1.021314024925232
1614096917246,2021-02-23T16:16:08.456Z,94.756,-0.10892646014690399,-0.06947220116853714,-1.019116759300232
1614096917285,2021-02-23T16:16:08.470Z,94.795,-0.10868231952190399,-0.06751907616853714,-1.021069884300232
1614096917325,2021-02-23T16:16:08.472Z,94.835,-0.10917060077190399,-0.06898391991853714,-1.023267149925232
1614096917363,2021-02-23T16:16:08.486Z,94.873,-0.10892646014690399,-0.06898391991853714,-1.022046446800232
1614096917402,2021-02-23T16:16:08.516Z,94.912,-0.10990302264690399,-0.06873977929353714,-1.020093321800232
1614096917442,2021-02-23T16:16:08.531Z,94.952,-0.11014716327190399,-0.06776321679353714,-1.021802306175232
1614096917481,2021-02-23T16:16:08.545Z,94.991,-0.11014716327190399,-0.06922806054353714,-1.022046446800232
1614096917521,2021-02-23T16:16:08.547Z,95.031,-0.10941474139690399,-0.06678665429353714,-1.023755431175232
1614096917560,2021-02-23T16:16:08.562Z,95.07,-0.10941474139690399,-0.06971634179353714,-1.021314024925232
1614096917600,2021-02-23T16:16:08.576Z,95.11,-0.11185614764690399,-0.06825149804353714,-1.023511290550232
1614096917640,2021-02-23T16:16:08.591Z,95.15,-0.10868231952190399,-0.06727493554353714,-1.022290587425232
1614096917678,2021-02-23T16:16:08.620Z,95.188,-0.11039130389690399,-0.06873977929353714,-1.022046446800232
1614096917717,2021-02-23T16:16:08.635Z,95.227,-0.10843817889690399,-0.06776321679353714,-1.020581603050232
1614096917757,2021-02-23T16:16:08.637Z,95.267,-0.10843817889690399,-0.06873977929353714,-1.021802306175232
1614096917796,2021-02-23T16:16:08.652Z,95.306,-0.11063544452190399,-0.06800735741853714,-1.020093321800232
1614096917836,2021-02-23T16:16:08.666Z,95.346,-0.11112372577190399,-0.06751907616853714,-1.023511290550232
1614096917875,2021-02-23T16:16:08.682Z,95.385,-0.11014716327190399,-0.06849563866853714,-1.022290587425232
1614096917915,2021-02-23T16:16:08.697Z,95.425,-0.10941474139690399,-0.06751907616853714,-1.021314024925232
1614096917955,2021-02-23T16:16:08.726Z,95.465,-0.11063544452190399,-0.06800735741853714,-1.020825743675232
1614096917993,2021-02-23T16:16:08.755Z,95.503,-0.11039130389690399,-0.06971634179353714,-1.022046446800232
1614096918032,2021-02-23T16:16:08.785Z,95.542,-0.11185614764690399,-0.06751907616853714,-1.022046446800232
1614096918072,2021-02-23T16:16:08.787Z,95.582,-0.11014716327190399,-0.06947220116853714,-1.020093321800232
1614096918111,2021-02-23T16:16:08.801Z,95.621,-0.10941474139690399,-0.06849563866853714,-1.020093321800232
1614096918151,2021-02-23T16:16:08.816Z,95.661,-0.11039130389690399,-0.06703079491853714,-1.020825743675232
1614096918190,2021-02-23T16:16:08.832Z,95.7,-0.11039130389690399,-0.06727493554353714,-1.021314024925232
1614096918230,2021-02-23T16:16:08.861Z,95.74,-0.11063544452190399,-0.06654251366853714,-1.021558165550232
1614096918269,2021-02-23T16:16:08.891Z,95.779,-0.11136786639690399,-0.06849563866853714,-1.022290587425232
1614096918308,2021-02-23T16:16:08.905Z,95.818,-0.11136786639690399,-0.06776321679353714,-1.021314024925232
1614096918347,2021-02-23T16:16:08.920Z,95.857,-0.10941474139690399,-0.06776321679353714,-1.020825743675232
1614096918387,2021-02-23T16:16:08.936Z,95.897,-0.11014716327190399,-0.06873977929353714,-1.020093321800232
1614096918426,2021-02-23T16:16:08.965Z,95.936,-0.11210028827190399,-0.06751907616853714,-1.023267149925232
1614096918466,2021-02-23T16:16:08.967Z,95.976,-0.10990302264690399,-0.06727493554353714,-1.023023009300232
1614096918505,2021-02-23T16:16:08.997Z,96.015,-0.11063544452190399,-0.06654251366853714,-1.020337462425232
1614096918545,2021-02-23T16:16:09.012Z,96.055,-0.10990302264690399,-0.06776321679353714,-1.022534728050232
1614096918584,2021-02-23T16:16:09.026Z,96.094,-0.11185614764690399,-0.06727493554353714,-1.023267149925232
1614096918623,2021-02-23T16:16:09.042Z,96.133,-0.11014716327190399,-0.06654251366853714,-1.021314024925232
1614096918662,2021-02-23T16:16:09.071Z,96.172,-0.11136786639690399,-0.06751907616853714,-1.023023009300232
1614096918702,2021-02-23T16:16:09.100Z,96.212,-0.10990302264690399,-0.06776321679353714,-1.023023009300232
1614096918741,2021-02-23T16:16:09.102Z,96.251,-0.10868231952190399,-0.06971634179353714,-1.022290587425232
1614096918781,2021-02-23T16:16:09.116Z,96.291,-0.11136786639690399,-0.06776321679353714,-1.023511290550232
1614096918820,2021-02-23T16:16:09.131Z,96.33,-0.10941474139690399,-0.06776321679353714,-1.025220274925232
1614096918860,2021-02-23T16:16:09.146Z,96.37,-0.11087958514690399,-0.06776321679353714,-1.022534728050232
1614096918899,2021-02-23T16:16:09.175Z,96.409,-0.11087958514690399,-0.06727493554353714,-1.023755431175232
1614096918937,2021-02-23T16:16:09.177Z,96.447,-0.11063544452190399,-0.06751907616853714,-1.024243712425232
1614096918977,2021-02-23T16:16:09.192Z,96.487,-0.11112372577190399,-0.06629837304353714,-1.020581603050232
1614096919017,2021-02-23T16:16:09.206Z,96.527,-0.10941474139690399,-0.06800735741853714,-1.023511290550232
1614096919056,2021-02-23T16:16:09.221Z,96.566,-0.11014716327190399,-0.06727493554353714,-1.020825743675232
1614096919096,2021-02-23T16:16:09.236Z,96.606,-0.11039130389690399,-0.06678665429353714,-1.022778868675232
1614096919135,2021-02-23T16:16:09.252Z,96.645,-0.10941474139690399,-0.06727493554353714,-1.022778868675232
1614096919175,2021-02-23T16:16:09.280Z,96.685,-0.11234442889690399,-0.06629837304353714,-1.021802306175232
1614096919214,2021-02-23T16:16:09.283Z,96.724,-0.11014716327190399,-0.06849563866853714,-1.019360899925232
1614096919252,2021-02-23T16:16:09.327Z,96.762,-0.11063544452190399,-0.06727493554353714,-1.019605040550232
1614096919292,2021-02-23T16:16:09.342Z,96.802,-0.11210028827190399,-0.06678665429353714,-1.017896056175232
1614096919331,2021-02-23T16:16:09.356Z,96.841,-0.11112372577190399,-0.06922806054353714,-1.022534728050232
1614096919371,2021-02-23T16:16:09.370Z,96.881,-0.11136786639690399,-0.06727493554353714,-1.022046446800232
1614096919411,2021-02-23T16:16:09.386Z,96.921,-0.11014716327190399,-0.06654251366853714,-1.022046446800232
1614096919450,2021-02-23T16:16:09.431Z,96.96,-0.11087958514690399,-0.06947220116853714,-1.023267149925232
1614096919490,2021-02-23T16:16:09.446Z,97,-0.11136786639690399,-0.06922806054353714,-1.023267149925232
1614096919529,2021-02-23T16:16:09.460Z,97.039,-0.11234442889690399,-0.06727493554353714,-1.022046446800232
1614096919567,2021-02-23T16:16:09.462Z,97.077,-0.11039130389690399,-0.06727493554353714,-1.023755431175232
1614096919607,2021-02-23T16:16:09.491Z,97.117,-0.11258856952190399,-0.06605423241853714,-1.021802306175232
1614096919646,2021-02-23T16:16:09.520Z,97.156,-0.11356513202190399,-0.06507766991853714,-1.021314024925232
1614096919686,2021-02-23T16:16:09.522Z,97.196,-0.10965888202190399,-0.06678665429353714,-1.022290587425232
1614096919726,2021-02-23T16:16:09.536Z,97.236,-0.11185614764690399,-0.06727493554353714,-1.022534728050232
1614096919765,2021-02-23T16:16:09.551Z,97.275,-0.11136786639690399,-0.06703079491853714,-1.023023009300232
1614096919805,2021-02-23T16:16:09.566Z,97.315,-0.11014716327190399,-0.06410110741853714,-1.023267149925232
1614096919843,2021-02-23T16:16:09.580Z,97.353,-0.11307685077190399,-0.06581009179353714,-1.020581603050232
1614096919882,2021-02-23T16:16:09.582Z,97.392,-0.11380927264690399,-0.06703079491853714,-1.022534728050232
1614096919922,2021-02-23T16:16:09.642Z,97.432,-0.11161200702190399,-0.06751907616853714,-1.022778868675232
1614096919961,2021-02-23T16:16:09.658Z,97.471,-0.11063544452190399,-0.06873977929353714,-1.020825743675232
1614096920001,2021-02-23T16:16:09.671Z,97.511,-0.11185614764690399,-0.06654251366853714,-1.024243712425232
1614096920040,2021-02-23T16:16:09.686Z,97.55,-0.11063544452190399,-0.06727493554353714,-1.022534728050232
1614096920080,2021-02-23T16:16:09.700Z,97.59,-0.11405341327190399,-0.06581009179353714,-1.022534728050232
1614096920120,2021-02-23T16:16:09.730Z,97.63,-0.11210028827190399,-0.06629837304353714,-1.022778868675232
1614096920158,2021-02-23T16:16:09.732Z,97.668,-0.11380927264690399,-0.06849563866853714,-1.021802306175232
1614096920197,2021-02-23T16:16:09.746Z,97.707,-0.11185614764690399,-0.06727493554353714,-1.023023009300232
1614096920237,2021-02-23T16:16:09.761Z,97.747,-0.11234442889690399,-0.06776321679353714,-1.020093321800232
1614096920276,2021-02-23T16:16:09.776Z,97.786,-0.11185614764690399,-0.06678665429353714,-1.023755431175232
1614096920316,2021-02-23T16:16:09.790Z,97.826,-0.11454169452190399,-0.06629837304353714,-1.021314024925232
1614096920355,2021-02-23T16:16:09.805Z,97.865,-0.11234442889690399,-0.06751907616853714,-1.023511290550232
1614096920395,2021-02-23T16:16:09.807Z,97.905,-0.11283271014690399,-0.06800735741853714,-1.018628478050232
1614096920435,2021-02-23T16:16:09.837Z,97.945,-0.11429755389690399,-0.06532181054353714,-1.018140196800232
1614096920473,2021-02-23T16:16:09.866Z,97.983,-0.11429755389690399,-0.06629837304353714,-1.021314024925232
1614096920512,2021-02-23T16:16:09.880Z,98.022,-0.11502997577190399,-0.06605423241853714,-1.020825743675232
1614096920552,2021-02-23T16:16:09.882Z,98.062,-0.11380927264690399,-0.06556595116853714,-1.023267149925232
1614096920591,2021-02-23T16:16:09.897Z,98.101,-0.11210028827190399,-0.06605423241853714,-1.020825743675232
1614096920631,2021-02-23T16:16:09.912Z,98.141,-0.11258856952190399,-0.06776321679353714,-1.021558165550232
1614096920670,2021-02-23T16:16:09.941Z,98.18,-0.11502997577190399,-0.06605423241853714,-1.020337462425232
1614096920710,2021-02-23T16:16:09.970Z,98.22,-0.11380927264690399,-0.06654251366853714,-1.023511290550232
1614096920749,2021-02-23T16:16:09.985Z,98.259,-0.11502997577190399,-0.06629837304353714,-1.022290587425232
1614096920788,2021-02-23T16:16:09.987Z,98.298,-0.11649481952190399,-0.06678665429353714,-1.021314024925232
1614096920827,2021-02-23T16:16:10.002Z,98.337,-0.11332099139690399,-0.06776321679353714,-1.023267149925232
1614096920867,2021-02-23T16:16:10.016Z,98.377,-0.11356513202190399,-0.06507766991853714,-1.023023009300232
1614096920906,2021-02-23T16:16:10.031Z,98.416,-0.11380927264690399,-0.06678665429353714,-1.020337462425232
1614096920946,2021-02-23T16:16:10.046Z,98.456,-0.11625067889690399,-0.06605423241853714,-1.020337462425232
1614096920985,2021-02-23T16:16:10.076Z,98.495,-0.11527411639690399,-0.06825149804353714,-1.022046446800232
1614096921025,2021-02-23T16:16:10.090Z,98.535,-0.11625067889690399,-0.06629837304353714,-1.020093321800232
1614096921064,2021-02-23T16:16:10.105Z,98.574,-0.11551825702190399,-0.06605423241853714,-1.021802306175232
1614096921102,2021-02-23T16:16:10.107Z,98.612,-0.11698310077190399,-0.06483352929353714,-1.023999571800232
1614096921142,2021-02-23T16:16:10.121Z,98.652,-0.11722724139690399,-0.06605423241853714,-1.021558165550232
1614096921182,2021-02-23T16:16:10.151Z,98.692,-0.11747138202190399,-0.06556595116853714,-1.022534728050232
1614096921221,2021-02-23T16:16:10.181Z,98.731,-0.11771552264690399,-0.06703079491853714,-1.020093321800232
1614096921261,2021-02-23T16:16:10.195Z,98.771,-0.11918036639690399,-0.06458938866853714,-1.021558165550232
1614096921300,2021-02-23T16:16:10.198Z,98.81,-0.11698310077190399,-0.06556595116853714,-1.021558165550232
1614096921340,2021-02-23T16:16:10.212Z,98.85,-0.11673896014690399,-0.06727493554353714,-1.022290587425232
1614096921378,2021-02-23T16:16:10.227Z,98.888,-0.11820380389690399,-0.06605423241853714,-1.020581603050232
1614096921417,2021-02-23T16:16:10.256Z,98.927,-0.11747138202190399,-0.06629837304353714,-1.020093321800232
1614096921457,2021-02-23T16:16:10.285Z,98.967,-0.11527411639690399,-0.06678665429353714,-1.022778868675232
1614096921497,2021-02-23T16:16:10.316Z,99.007,-0.11551825702190399,-0.06678665429353714,-1.021314024925232
1614096921536,2021-02-23T16:16:10.331Z,99.046,-0.11673896014690399,-0.06751907616853714,-1.021069884300232
1614096921576,2021-02-23T16:16:10.345Z,99.086,-0.11527411639690399,-0.06605423241853714,-1.020581603050232
1614096921615,2021-02-23T16:16:10.360Z,99.125,-0.11771552264690399,-0.06922806054353714,-1.022778868675232
1614096921655,2021-02-23T16:16:10.362Z,99.165,-0.11478583514690399,-0.06800735741853714,-1.021558165550232
1614096921693,2021-02-23T16:16:10.392Z,99.203,-0.11600653827190399,-0.06825149804353714,-1.021314024925232
1614096921732,2021-02-23T16:16:10.422Z,99.242,-0.11625067889690399,-0.06922806054353714,-1.021314024925232
1614096921772,2021-02-23T16:16:10.436Z,99.282,-0.11625067889690399,-0.06922806054353714,-1.022778868675232
1614096921811,2021-02-23T16:16:10.451Z,99.321,-0.11747138202190399,-0.06849563866853714,-1.022778868675232
1614096921851,2021-02-23T16:16:10.466Z,99.361,-0.11625067889690399,-0.06996048241853714,-1.020093321800232
1614096921891,2021-02-23T16:16:10.480Z,99.401,-0.11771552264690399,-0.06751907616853714,-1.021802306175232
1614096921930,2021-02-23T16:16:10.482Z,99.44,-0.11722724139690399,-0.06727493554353714,-1.020093321800232
1614096921970,2021-02-23T16:16:10.496Z,99.48,-0.11820380389690399,-0.06947220116853714,-1.023023009300232
1614096922008,2021-02-23T16:16:10.526Z,99.518,-0.11747138202190399,-0.07069290429353714,-1.022534728050232
1614096922047,2021-02-23T16:16:10.541Z,99.557,-0.12015692889690399,-0.06947220116853714,-1.018140196800232
1614096922087,2021-02-23T16:16:10.555Z,99.597,-0.12162177264690399,-0.06849563866853714,-1.018140196800232
1614096922126,2021-02-23T16:16:10.557Z,99.636,-0.12137763202190399,-0.07044876366853714,-1.020093321800232
1614096922166,2021-02-23T16:16:10.572Z,99.676,-0.12284247577190399,-0.06898391991853714,-1.021558165550232
1614096922206,2021-02-23T16:16:10.600Z,99.716,-0.125283882021904,-0.06996048241853714,-1.021558165550232
1614096922245,2021-02-23T16:16:10.602Z,99.755,-0.12333075702190399,-0.06873977929353714,-1.020581603050232
1614096922285,2021-02-23T16:16:10.631Z,99.795,-0.12381903827190399,-0.06873977929353714,-1.021314024925232
1614096922323,2021-02-23T16:16:10.646Z,99.833,-0.12357489764690399,-0.07069290429353714,-1.019605040550232
1614096922362,2021-02-23T16:16:10.660Z,99.872,-0.12137763202190399,-0.07166946679353714,-1.019116759300232
1614096922402,2021-02-23T16:16:10.662Z,99.912,-0.12040106952190399,-0.07191360741853714,-1.022046446800232
1614096922441,2021-02-23T16:16:10.677Z,99.951,-0.12479560077190399,-0.07264602929353714,-1.017896056175232
1614096922481,2021-02-23T16:16:10.706Z,99.991,-0.12162177264690399,-0.07215774804353714,-1.020093321800232
1614096922520,2021-02-23T16:16:10.735Z,100.03,-0.12235419452190399,-0.07240188866853714,-1.020337462425232
1614096922560,2021-02-23T16:16:10.737Z,100.07,-0.12406317889690399,-0.07386673241853714,-1.020825743675232
1614096922600,2021-02-23T16:16:10.751Z,100.11,-0.12381903827190399,-0.07508743554353714,-1.018628478050232
1614096922638,2021-02-23T16:16:10.766Z,100.148,-0.126260444521904,-0.07484329491853714,-1.019849181175232
1614096922677,2021-02-23T16:16:10.781Z,100.187,-0.125039741396904,-0.07386673241853714,-1.021069884300232
1614096922717,2021-02-23T16:16:10.795Z,100.227,-0.11966864764690399,-0.07704056054353714,-1.023999571800232
1614096922756,2021-02-23T16:16:10.797Z,100.266,-0.04837958887219429,-0.10706985741853714,-1.033276915550232
1614096922796,2021-02-23T16:16:10.812Z,100.306,-0.125283882021904,-0.08363235741853714,-1.015454649925232
1614096922835,2021-02-23T16:16:10.841Z,100.345,-0.08963935077190399,-0.10267532616853714,-1.023267149925232
1614096922875,2021-02-23T16:16:10.870Z,100.385,-0.08915106952190399,-0.10194290429353714,-1.026440978050232
1614096922914,2021-02-23T16:16:10.885Z,100.424,-0.05716865137219429,-0.11756790429353714,-1.030347228050232
1614096922953,2021-02-23T16:16:10.887Z,100.463,-0.08255927264690399,-0.10755813866853714,-1.023511290550232
1614096922992,2021-02-23T16:16:10.901Z,100.502,-0.04837958887219429,-0.13099564611911774,-1.021314024925232
1614096923032,2021-02-23T16:16:10.976Z,100.542,-0.02201239950954914,-0.15199173986911774,-1.015454649925232
1614096923071,2021-02-23T16:16:10.990Z,100.581,-0.05277412012219429,-0.12440384179353714,-1.019605040550232
1614096923111,2021-02-23T16:16:10.992Z,100.621,-0.03959052637219429,-0.12171829491853714,-1.019605040550232
1614096923150,2021-02-23T16:16:11.007Z,100.66,-0.0024811499752104282,-0.15907181799411774,-1.028882384300232
1614096923190,2021-02-23T16:16:11.021Z,100.7,-0.0007721657166257501,-0.15565384924411774,-1.016187071800232
1614096923228,2021-02-23T16:16:11.036Z,100.738,0.02193291299045086,-0.19422806799411774,-1.029858946800232
1614096923268,2021-02-23T16:16:11.050Z,100.778,-0.02933661825954914,-0.11683548241853714,-1.008130431175232
1614096923307,2021-02-23T16:16:11.080Z,100.817,0.06172783300280571,-0.21229447424411774,-1.021558165550232
1614096923347,2021-02-23T16:16:11.082Z,100.857,0.06587822735309601,-0.21205033361911774,-1.021558165550232
1614096923386,2021-02-23T16:16:11.096Z,100.896,0.06294853985309601,-0.21082963049411774,-1.019360899925232
1614096923426,2021-02-23T16:16:11.111Z,100.936,0.06075127050280571,-0.20545853674411774,-1.017651915550232
1614096923465,2021-02-23T16:16:11.126Z,100.975,0.05928642675280571,-0.20179642736911774,-1.015942931175232
1614096923505,2021-02-23T16:16:11.155Z,101.015,0.06123955175280571,-0.20374955236911774,-1.015698790550232
1614096923543,2021-02-23T16:16:11.157Z,101.053,0.06001884862780571,-0.20326127111911774,-1.013257384300232
1614096923582,2021-02-23T16:16:11.187Z,101.092,0.06001884862780571,-0.19984330236911774,-1.014966368675232
1614096923622,2021-02-23T16:16:11.202Z,101.132,0.10982353985309601,-0.26454055309295654,-1.019849181175232
1614096923662,2021-02-23T16:16:11.216Z,101.172,0.08296807110309601,-0.22230423986911774,-1.012769103050232
1614096923701,2021-02-23T16:16:11.245Z,101.211,0.04024345800280571,-0.18031205236911774,-1.011060118675232
1614096923741,2021-02-23T16:16:11.247Z,101.251,0.06099541112780571,-0.20179642736911774,-1.015454649925232
1614096923780,2021-02-23T16:16:11.262Z,101.29,0.06319268047809601,-0.20448197424411774,-1.012036681175232
1614096923820,2021-02-23T16:16:11.291Z,101.33,0.06001884862780571,-0.20374955236911774,-1.012769103050232
1614096923858,2021-02-23T16:16:11.306Z,101.368,0.05733330175280571,-0.20350541174411774,-1.011060118675232
1614096923897,2021-02-23T16:16:11.320Z,101.407,0.05782158300280571,-0.20301713049411774,-1.009351134300232
1614096923937,2021-02-23T16:16:11.350Z,101.447,0.05538017675280571,-0.19862259924411774,-1.014966368675232
1614096923977,2021-02-23T16:16:11.352Z,101.487,0.05464775487780571,-0.19276322424411774,-1.014966368675232
1614096924016,2021-02-23T16:16:11.366Z,101.526,0.05684502050280571,-0.19227494299411774,-1.020825743675232
1614096924056,2021-02-23T16:16:11.396Z,101.566,0.05318291112780571,-0.18812455236911774,-1.025464415550232
1614096924095,2021-02-23T16:16:11.411Z,101.605,0.05318291112780571,-0.18910111486911774,-1.016919493675232
1614096924135,2021-02-23T16:16:11.426Z,101.645,0.05293877050280571,-0.18568314611911774,-1.018384337425232
1614096924173,2021-02-23T16:16:11.440Z,101.683,0.05000908300280571,-0.18641556799411774,-1.020093321800232
1614096924212,2021-02-23T16:16:11.457Z,101.722,0.05000908300280571,-0.18788041174411774,-1.018140196800232
1614096924252,2021-02-23T16:16:11.472Z,101.762,0.04732353612780571,-0.18665970861911774,-1.020581603050232
1614096924291,2021-02-23T16:16:11.502Z,101.801,0.04512627050280571,-0.18641556799411774,-1.015210509300232
1614096924331,2021-02-23T16:16:11.531Z,101.841,0.04756767675280571,-0.18714798986911774,-1.019360899925232
1614096924371,2021-02-23T16:16:11.545Z,101.881,0.04634697362780571,-0.18519486486911774,-1.017163634300232
1614096924410,2021-02-23T16:16:11.560Z,101.92,0.04463798925280571,-0.18470658361911774,-1.018628478050232
1614096924450,2021-02-23T16:16:11.562Z,101.96,0.04439384862780571,-0.18739213049411774,-1.016675353050232
1614096924488,2021-02-23T16:16:11.576Z,101.998,0.04610283300280571,-0.18519486486911774,-1.018384337425232
1614096924527,2021-02-23T16:16:11.605Z,102.037,0.04268486425280571,-0.18299759924411774,-1.019849181175232
1614096924567,2021-02-23T16:16:11.635Z,102.077,0.04268486425280571,-0.18397416174411774,-1.019605040550232
1614096924606,2021-02-23T16:16:11.637Z,102.116,0.04366142675280571,-0.18568314611911774,-1.018628478050232
1614096924646,2021-02-23T16:16:11.666Z,102.156,0.04317314550280571,-0.18373002111911774,-1.019605040550232
1614096924685,2021-02-23T16:16:11.681Z,102.195,0.04146416112780571,-0.18373002111911774,-1.018140196800232
1614096924725,2021-02-23T16:16:11.696Z,102.235,0.04170830175280571,-0.18421830236911774,-1.020337462425232
1614096924763,2021-02-23T16:16:11.711Z,102.273,0.04170830175280571,-0.18202103674411774,-1.018140196800232
1614096924803,2021-02-23T16:16:11.741Z,102.313,0.04073173925280571,-0.18202103674411774,-1.020337462425232
1614096924842,2021-02-23T16:16:11.755Z,102.352,0.04097587987780571,-0.18202103674411774,-1.021069884300232
1614096924882,2021-02-23T16:16:11.770Z,102.392,0.04097587987780571,-0.18202103674411774,-1.018872618675232
1614096924921,2021-02-23T16:16:11.772Z,102.431,0.04219658300280571,-0.18324173986911774,-1.018872618675232
1614096924961,2021-02-23T16:16:11.787Z,102.471,0.04048759862780571,-0.18055619299411774,-1.020337462425232
1614096925000,2021-02-23T16:16:11.801Z,102.51,0.04219658300280571,-0.18104447424411774,-1.020093321800232
1614096925040,2021-02-23T16:16:11.816Z,102.55,0.03877861425280571,-0.18324173986911774,-1.019849181175232
1614096925078,2021-02-23T16:16:11.845Z,102.588,0.03951103612780571,-0.18128861486911774,-1.021314024925232
1614096925118,2021-02-23T16:16:11.847Z,102.628,0.03755791112780571,-0.18104447424411774,-1.021069884300232
1614096925157,2021-02-23T16:16:11.862Z,102.667,0.03853447362780571,-0.17933548986911774,-1.021069884300232
1614096925197,2021-02-23T16:16:11.876Z,102.707,0.03755791112780571,-0.17909134924411774,-1.021314024925232
1614096925236,2021-02-23T16:16:11.891Z,102.746,0.03902275487780571,-0.18128861486911774,-1.018872618675232
1614096925276,2021-02-23T16:16:11.905Z,102.786,0.03853447362780571,-0.18031205236911774,-1.017896056175232
1614096925315,2021-02-23T16:16:11.907Z,102.825,0.03829033300280571,-0.17933548986911774,-1.020337462425232
1614096925355,2021-02-23T16:16:11.950Z,102.865,0.03902275487780571,-0.18006791174411774,-1.020337462425232
1614096925393,2021-02-23T16:16:11.952Z,102.903,0.03877861425280571,-0.18080033361911774,-1.022046446800232
1614096925433,2021-02-23T16:16:11.967Z,102.943,0.03755791112780571,-0.18080033361911774,-1.020093321800232
1614096925472,2021-02-23T16:16:11.981Z,102.982,0.03658134862780571,-0.17909134924411774,-1.020825743675232
1614096925512,2021-02-23T16:16:11.996Z,103.022,0.03706962987780571,-0.17884720861911774,-1.021069884300232
1614096925551,2021-02-23T16:16:12.011Z,103.061,0.03755791112780571,-0.17738236486911774,-1.020337462425232
1614096925591,2021-02-23T16:16:12.026Z,103.101,0.03926689550280571,-0.17982377111911774,-1.019360899925232
1614096925630,2021-02-23T16:16:12.040Z,103.14,0.03731377050280571,-0.17738236486911774,-1.021802306175232
1614096925668,2021-02-23T16:16:12.057Z,103.178,0.03804619237780571,-0.17884720861911774,-1.020581603050232
1614096925708,2021-02-23T16:16:12.087Z,103.218,0.03413994237780571,-0.17933548986911774,-1.019360899925232
1614096925748,2021-02-23T16:16:12.101Z,103.258,0.03560478612780571,-0.17982377111911774,-1.020581603050232
1614096925787,2021-02-23T16:16:12.116Z,103.297,0.03682548925280571,-0.18080033361911774,-1.020581603050232
1614096925827,2021-02-23T16:16:12.131Z,103.337,0.03633720800280571,-0.17811478674411774,-1.021314024925232
1614096925866,2021-02-23T16:16:12.145Z,103.376,0.03633720800280571,-0.17909134924411774,-1.021802306175232
1614096925906,2021-02-23T16:16:12.160Z,103.416,0.03706962987780571,-0.17738236486911774,-1.021314024925232
1614096925945,2021-02-23T16:16:12.190Z,103.455,0.03633720800280571,-0.17884720861911774,-1.019849181175232
1614096925983,2021-02-23T16:16:12.192Z,103.493,0.03389580175280571,-0.17933548986911774,-1.019116759300232
1614096926023,2021-02-23T16:16:12.206Z,103.533,0.03413994237780571,-0.17762650549411774,-1.019360899925232
1614096926062,2021-02-23T16:16:12.221Z,103.572,0.03462822362780571,-0.17787064611911774,-1.020581603050232
1614096926102,2021-02-23T16:16:12.236Z,103.612,0.03609306737780571,-0.17860306799411774,-1.020825743675232
1614096926142,2021-02-23T16:16:12.267Z,103.652,0.03438408300280571,-0.17713822424411774,-1.019849181175232
1614096926181,2021-02-23T16:16:12.297Z,103.691,0.03511650487780571,-0.17762650549411774,-1.021802306175232
1614096926221,2021-02-23T16:16:12.311Z,103.731,0.03413994237780571,-0.17787064611911774,-1.020581603050232
1614096926260,2021-02-23T16:16:12.326Z,103.77,0.03633720800280571,-0.17762650549411774,-1.020825743675232
1614096926298,2021-02-23T16:16:12.340Z,103.808,0.03413994237780571,-0.17664994299411774,-1.020093321800232
1614096926338,2021-02-23T16:16:12.355Z,103.848,0.03462822362780571,-0.17591752111911774,-1.021069884300232
1614096926377,2021-02-23T16:16:12.357Z,103.887,0.03487236425280571,-0.17542923986911774,-1.019605040550232
1614096926417,2021-02-23T16:16:12.372Z,103.927,0.03316337987780571,-0.17640580236911774,-1.022778868675232
1614096926456,2021-02-23T16:16:12.401Z,103.966,0.03536064550280571,-0.17713822424411774,-1.020093321800232
1614096926496,2021-02-23T16:16:12.416Z,104.006,0.03340752050280571,-0.17567338049411774,-1.020093321800232
1614096926536,2021-02-23T16:16:12.430Z,104.046,0.03365166112780571,-0.17567338049411774,-1.021558165550232
1614096926575,2021-02-23T16:16:12.432Z,104.085,0.03365166112780571,-0.17738236486911774,-1.022290587425232
1614096926613,2021-02-23T16:16:12.447Z,104.123,0.03340752050280571,-0.17713822424411774,-1.020581603050232
1614096926653,2021-02-23T16:16:12.462Z,104.163,0.03389580175280571,-0.17787064611911774,-1.020581603050232
1614096926692,2021-02-23T16:16:12.476Z,104.202,0.03291923925280571,-0.17640580236911774,-1.021558165550232
1614096926732,2021-02-23T16:16:12.506Z,104.242,0.03340752050280571,-0.17762650549411774,-1.020337462425232
1614096926771,2021-02-23T16:16:12.536Z,104.281,0.03413994237780571,-0.17616166174411774,-1.020825743675232
1614096926811,2021-02-23T16:16:12.550Z,104.321,0.03389580175280571,-0.17494095861911774,-1.020581603050232
