epoch (ms),time (-07:00),elapsed (s),X-Axis (g),Y-Axis (g),Z-Axis (g)
1614722592289,2021-03-02T22:04:34.935Z,15.867,-0.31294944882392883,-0.9826326966285706,-0.013805042952299118
1614722592328,2021-03-02T22:04:34.938Z,15.905999999999999,-0.31294944882392883,-0.9938631653785706,-0.012584339827299118
1614722592368,2021-03-02T22:04:34.940Z,15.946,-0.31563499569892883,-0.9840975403785706,-0.010387074202299118
1614722592407,2021-03-02T22:04:34.952Z,15.985,-0.31319358944892883,-0.9877596497535706,-0.010142933577299118
1614722592447,2021-03-02T22:04:34.954Z,16.025,-0.31221702694892883,-0.9948397278785706,-0.014537464827299118
1614722592486,2021-03-02T22:04:34.956Z,16.064,-0.31294944882392883,-0.9958162903785706,-0.016246449202299118
1614722592526,2021-03-02T22:04:34.967Z,16.104,-0.31172874569892883,-0.9884920716285706,-0.021617542952299118
1614722592567,2021-03-02T22:04:34.970Z,16.145,-0.31636741757392883,-0.9967928528785706,-0.014049183577299118
1614722592607,2021-03-02T22:04:34.980Z,16.185,-0.31099632382392883,-0.9950838685035706,-0.018931996077299118
1614722592646,2021-03-02T22:04:34.982Z,16.224,-0.30757835507392883,-0.9928866028785706,-0.015514027327299118
1614722592686,2021-03-02T22:04:34.985Z,16.264,-0.31001976132392883,-0.9882479310035706,-0.014537464827299118
1614722592725,2021-03-02T22:04:34.996Z,16.303,-0.31075218319892883,-0.9884920716285706,-0.012828480452299118
1614722592765,2021-03-02T22:04:35.012Z,16.343,-0.30953148007392883,-0.9845858216285706,-0.010142933577299118
1614722592804,2021-03-02T22:04:35.015Z,16.382,-0.30831077694892883,-0.9867830872535706,-0.009410511702299118
1614722592844,2021-03-02T22:04:35.026Z,16.422,-0.31392601132392883,-0.9950838685035706,-0.015758167952299118
1614722592883,2021-03-02T22:04:35.041Z,16.461,-0.31612327694892883,-0.9992342591285706,-0.009898792952299118
1614722592923,2021-03-02T22:04:35.044Z,16.500999999999998,-0.31270530819892883,-0.9745760560035706,-0.029918324202299118
1614722592963,2021-03-02T22:04:35.045Z,16.541,-0.32466819882392883,-1.016080021858215,-0.015025746077299118
1614722593002,2021-03-02T22:04:35.056Z,16.58,-0.31636741757392883,-1.014371037483215,-0.019664417952299118
1614722593043,2021-03-02T22:04:35.059Z,16.621,-0.30391624569892883,-0.9760408997535706,-0.011851917952299118
1614722593083,2021-03-02T22:04:35.087Z,16.660999999999998,-0.30000999569892883,-0.9621248841285706,0.006458629388362168
1614722593122,2021-03-02T22:04:35.089Z,16.7,-0.29976585507392883,-0.9821444153785706,-0.006236683111637832
1614722593162,2021-03-02T22:04:35.101Z,16.74,-0.30709007382392883,-0.9975252747535706,-0.0006214488530531527
1614722593201,2021-03-02T22:04:35.102Z,16.779,-0.31465843319892883,-0.9943514466285706,0.00011097301467088982
1614722593241,2021-03-02T22:04:35.117Z,16.819000000000003,-0.31709983944892883,-1.014615178108215,-0.014537464827299118
1614722593280,2021-03-02T22:04:35.120Z,16.858,-0.30879905819892883,-0.9875155091285706,-0.006480823736637832
1614722593320,2021-03-02T22:04:35.130Z,16.898,-0.30147483944892883,-0.9814119935035706,-0.009410511702299118
1614722593360,2021-03-02T22:04:35.132Z,16.938,-0.30416038632392883,-0.9902010560035706,-0.003062855219468475
1614722593399,2021-03-02T22:04:35.162Z,16.977,-0.30562523007392883,-0.9970369935035706,-0.003306995844468475
1614722593439,2021-03-02T22:04:35.165Z,17.017,-0.30196312069892883,-0.9914217591285706,-0.0018421519780531528
1614722593478,2021-03-02T22:04:35.176Z,17.055999999999997,-0.30806663632392883,-0.9958162903785706,-0.007457386236637832
1614722593519,2021-03-02T22:04:35.178Z,17.097,-0.30635765194892883,-0.9921541810035706,-0.008922230452299118
1614722593559,2021-03-02T22:04:35.180Z,17.137,-0.30416038632392883,-0.9928866028785706,-0.009898792952299118
1614722593598,2021-03-02T22:04:35.191Z,17.176,-0.30709007382392883,-0.9897127747535706,-0.005992542486637832
1614722593638,2021-03-02T22:04:35.193Z,17.215999999999998,-0.30709007382392883,-0.9928866028785706,-0.008433949202299118
1614722593677,2021-03-02T22:04:35.195Z,17.255,-0.31246116757392883,-0.9955721497535706,-0.006236683111637832
1614722593717,2021-03-02T22:04:35.206Z,17.295,-0.30709007382392883,-0.9911776185035706,-0.011119496077299118
1614722593756,2021-03-02T22:04:35.209Z,17.334,-0.30953148007392883,-0.9960604310035706,-0.007457386236637832
1614722593796,2021-03-02T22:04:35.211Z,17.374000000000002,-0.30831077694892883,-0.9941073060035706,-0.013805042952299118
1614722593836,2021-03-02T22:04:35.222Z,17.414,-0.31197288632392883,-0.9928866028785706,-0.006969104986637832
1614722593875,2021-03-02T22:04:35.224Z,17.453,-0.31124046444892883,-0.9884920716285706,-0.009166371077299118
1614722593915,2021-03-02T22:04:35.236Z,17.493,-0.30586937069892883,-0.9916658997535706,-0.010142933577299118
1614722593954,2021-03-02T22:04:35.239Z,17.532,-0.30855491757392883,-0.9992342591285706,-0.008189808577299118
1614722593995,2021-03-02T22:04:35.241Z,17.573,-0.30757835507392883,-0.9897127747535706,-0.005748401861637832
1614722594035,2021-03-02T22:04:35.266Z,17.613,-0.30782249569892883,-0.9865389466285706,-0.008678089827299118
1614722594074,2021-03-02T22:04:35.268Z,17.652,-0.30904319882392883,-0.9970369935035706,-0.007945667952299118
1614722594114,2021-03-02T22:04:35.270Z,17.692,-0.31026390194892883,-0.9950838685035706,-0.006969104986637832
1614722594153,2021-03-02T22:04:35.296Z,17.730999999999998,-0.30953148007392883,-0.9914217591285706,-0.007701526861637832
1614722594193,2021-03-02T22:04:35.311Z,17.771,-0.30977562069892883,-0.9848299622535706,-0.004283558111637832
1614722594233,2021-03-02T22:04:35.326Z,17.811,-0.31075218319892883,-0.9916658997535706,-0.004283558111637832
1614722594272,2021-03-02T22:04:35.327Z,17.85,-0.30611351132392883,-1.000210881233215,-0.0013538707280531526
1614722594312,2021-03-02T22:04:35.330Z,17.89,-0.31148460507392883,-0.9926424622535706,-0.008922230452299118
1614722594351,2021-03-02T22:04:35.341Z,17.929000000000002,-0.30855491757392883,-0.9899569153785706,-0.009898792952299118
1614722594391,2021-03-02T22:04:35.356Z,17.969,-0.31075218319892883,-0.9965487122535706,-0.007457386236637832
1614722594430,2021-03-02T22:04:35.358Z,18.008,-0.30953148007392883,-0.9938631653785706,-0.007701526861637832
1614722594471,2021-03-02T22:04:35.372Z,18.049,-0.30831077694892883,-0.9909334778785706,-0.008433949202299118
1614722594511,2021-03-02T22:04:35.375Z,18.089000000000002,-0.30855491757392883,-0.9884920716285706,-0.004771839361637832
1614722594550,2021-03-02T22:04:35.386Z,18.128,-0.30538108944892883,-0.9904451966285706,-0.004771839361637832
1614722594590,2021-03-02T22:04:35.400Z,18.168,-0.31221702694892883,-0.9960604310035706,-0.0035511364694684744
1614722594630,2021-03-02T22:04:35.403Z,18.208,-0.30904319882392883,-0.9916658997535706,-0.005015979986637832
1614722594669,2021-03-02T22:04:35.405Z,18.247,-0.31148460507392883,-0.9941073060035706,-0.005015979986637832
1614722594709,2021-03-02T22:04:35.416Z,18.287,-0.31343773007392883,-0.9904451966285706,-0.011363636702299118
1614722594748,2021-03-02T22:04:35.418Z,18.326,-0.31246116757392883,-0.9953280091285706,-0.007701526861637832
1614722594788,2021-03-02T22:04:35.420Z,18.366,-0.31172874569892883,-0.9936190247535706,-0.007457386236637832
1614722594827,2021-03-02T22:04:35.432Z,18.405,-0.30782249569892883,-0.9928866028785706,-0.0037952770944684735
1614722594867,2021-03-02T22:04:35.434Z,18.445,-0.30757835507392883,-0.9877596497535706,-0.005504261236637832
1614722594908,2021-03-02T22:04:35.436Z,18.486,-0.30782249569892883,-0.9923983216285706,-0.0035511364694684744
1614722594947,2021-03-02T22:04:35.447Z,18.525,-0.30977562069892883,-0.9899569153785706,-0.008922230452299118
1614722594987,2021-03-02T22:04:35.462Z,18.565,-0.30904319882392883,-0.9914217591285706,-0.005504261236637832
1614722595027,2021-03-02T22:04:35.464Z,18.605,-0.30977562069892883,-0.9919100403785706,-0.006969104986637832
1614722595066,2021-03-02T22:04:35.466Z,18.644000000000002,-0.31075218319892883,-0.9982576966285706,-0.006480823736637832
1614722595106,2021-03-02T22:04:35.477Z,18.684,-0.30831077694892883,-0.9889803528785706,-0.004527698736637832
1614722595145,2021-03-02T22:04:35.480Z,18.723,-0.31099632382392883,-0.9948397278785706,-0.002086292719468475
1614722595185,2021-03-02T22:04:35.491Z,18.762999999999998,-0.30782249569892883,-0.9858065247535706,-0.004527698736637832
1614722595224,2021-03-02T22:04:35.493Z,18.802,-0.31172874569892883,-0.9928866028785706,-0.002086292719468475
1614722595264,2021-03-02T22:04:35.495Z,18.842,-0.30635765194892883,-0.9965487122535706,-0.006236683111637832
1614722595303,2021-03-02T22:04:35.507Z,18.881,-0.31197288632392883,-0.9914217591285706,-0.005748401861637832
1614722595343,2021-03-02T22:04:35.509Z,18.921,-0.30684593319892883,-0.9965487122535706,-0.011607777327299118
1614722595384,2021-03-02T22:04:35.511Z,18.962,-0.30782249569892883,-0.9970369935035706,-0.009166371077299118
1614722595423,2021-03-02T22:04:35.522Z,19.000999999999998,-0.30416038632392883,-0.9933748841285706,-0.0035511364694684744
1614722595463,2021-03-02T22:04:35.525Z,19.041,-0.30611351132392883,-0.9902010560035706,-0.007457386236637832
1614722595503,2021-03-02T22:04:35.536Z,19.081,-0.30245140194892883,-0.9909334778785706,-0.008189808577299118
1614722595542,2021-03-02T22:04:35.538Z,19.12,-0.30391624569892883,-0.9892244935035706,-0.005992542486637832
1614722595582,2021-03-02T22:04:35.540Z,19.16,-0.30684593319892883,-0.9923983216285706,-0.008189808577299118
1614722595621,2021-03-02T22:04:35.566Z,19.199,-0.30709007382392883,-0.9950838685035706,-0.011363636702299118
1614722595661,2021-03-02T22:04:35.581Z,19.239,-0.30733421444892883,-0.9965487122535706,-0.011119496077299118
1614722595700,2021-03-02T22:04:35.596Z,19.278,-0.30513694882392883,-0.9902010560035706,-0.013805042952299118
1614722595740,2021-03-02T22:04:35.597Z,19.317999999999998,-0.30904319882392883,-0.9965487122535706,-0.010142933577299118
1614722595779,2021-03-02T22:04:35.600Z,19.357,-0.30611351132392883,-0.9928866028785706,-0.007457386236637832
1614722595819,2021-03-02T22:04:35.611Z,19.397000000000002,-0.30489280819892883,-0.9882479310035706,-0.007945667952299118
1614722595860,2021-03-02T22:04:35.613Z,19.438,-0.30660179257392883,-0.9897127747535706,-0.005992542486637832
1614722595900,2021-03-02T22:04:35.615Z,19.477999999999998,-0.30586937069892883,-0.9926424622535706,-0.009654652327299118
1614722595939,2021-03-02T22:04:35.627Z,19.517,-0.30855491757392883,-0.9887362122535706,-0.008433949202299118
1614722595979,2021-03-02T22:04:35.629Z,19.557000000000002,-0.30611351132392883,-0.9941073060035706,-0.008433949202299118
1614722596018,2021-03-02T22:04:35.631Z,19.596,-0.30416038632392883,-0.9904451966285706,-0.013560902327299118
1614722596058,2021-03-02T22:04:35.642Z,19.636,-0.30904319882392883,-0.9960604310035706,-0.006969104986637832
1614722596097,2021-03-02T22:04:35.645Z,19.675,-0.30977562069892883,-0.9916658997535706,-0.011607777327299118
1614722596137,2021-03-02T22:04:35.656Z,19.715,-0.30562523007392883,-0.9960604310035706,-0.013072621077299118
1614722596176,2021-03-02T22:04:35.701Z,19.754,-0.31075218319892883,-0.9916658997535706,-0.010142933577299118
1614722596216,2021-03-02T22:04:35.716Z,19.794,-0.30440452694892883,-0.9928866028785706,-0.009898792952299118
1614722596256,2021-03-02T22:04:35.718Z,19.834,-0.30586937069892883,-0.9943514466285706,-0.010631214827299118
1614722596295,2021-03-02T22:04:35.721Z,19.873,-0.30757835507392883,-0.9963045716285706,-0.011119496077299118
1614722596336,2021-03-02T22:04:35.732Z,19.914,-0.30611351132392883,-0.9931307435035706,-0.009654652327299118
1614722596376,2021-03-02T22:04:35.734Z,19.954,-0.30440452694892883,-0.9916658997535706,-0.011607777327299118
1614722596415,2021-03-02T22:04:35.736Z,19.993,-0.30416038632392883,-0.9926424622535706,-0.0035511364694684744
1614722596455,2021-03-02T22:04:35.748Z,20.033,-0.30147483944892883,-0.9887362122535706,-0.004527698736637832
1614722596494,2021-03-02T22:04:35.750Z,20.072,-0.30367210507392883,-0.9904451966285706,-0.010875355452299118
1614722596534,2021-03-02T22:04:35.761Z,20.112000000000002,-0.30733421444892883,-0.9862948060035706,-0.014293324202299118
1614722596573,2021-03-02T22:04:35.762Z,20.151,-0.31221702694892883,-1.009488224983215,-0.013072621077299118
1614722596613,2021-03-02T22:04:35.765Z,20.191,-0.31319358944892883,-1.001431584358215,-0.009410511702299118
1614722596652,2021-03-02T22:04:35.776Z,20.23,-0.30660179257392883,-1.008511662483215,-0.022838246077299118
1614722596692,2021-03-02T22:04:35.778Z,20.27,-0.31709983944892883,-1.033902287483215,-0.007945667952299118
1614722596732,2021-03-02T22:04:35.780Z,20.31,-0.30318382382392883,-0.9965487122535706,-0.019908558577299118
1614722596773,2021-03-02T22:04:35.793Z,20.351,-0.29732444882392883,-0.9665194153785706,0.006702770013362168
1614722596812,2021-03-02T22:04:35.795Z,20.39,-0.28511741757392883,-0.9428377747535706,-0.008433949202299118
1614722596852,2021-03-02T22:04:35.806Z,20.43,-0.28658226132392883,-0.9489412903785706,0.012562144547700882
1614722596891,2021-03-02T22:04:35.821Z,20.469,-0.30171898007392883,-0.9960604310035706,0.017200816422700882
1614722596931,2021-03-02T22:04:35.824Z,20.509,-0.31343773007392883,-1.005826115608215,0.002308238530531525
1614722596970,2021-03-02T22:04:35.826Z,20.548000000000002,-0.31880882382392883,-1.014371037483215,-0.012096058577299118
1614722597010,2021-03-02T22:04:35.852Z,20.588,-0.31441429257392883,-1.010953068733215,-0.019176136702299118
1614722597049,2021-03-02T22:04:35.866Z,20.627,-0.30709007382392883,-1.003872990608215,-0.014049183577299118
1614722597089,2021-03-02T22:04:35.881Z,20.666999999999998,-0.29805687069892883,-0.9950838685035706,-0.004527698736637832
1614722597129,2021-03-02T22:04:35.883Z,20.706999999999997,-0.29341819882392883,-0.9858065247535706,0.002064097905531525
1614722597168,2021-03-02T22:04:35.885Z,20.746,-0.29488304257392883,-0.9887362122535706,0.0035289416555315256
1614722597208,2021-03-02T22:04:35.896Z,20.785999999999998,-0.29512718319892883,-0.9831209778785706,-0.002574573969468475
1614722597247,2021-03-02T22:04:35.911Z,20.825,-0.30586937069892883,-0.9860506653785706,-0.002330433344468475
1614722597288,2021-03-02T22:04:35.926Z,20.866,-0.30513694882392883,-0.9941073060035706,-0.012584339827299118
1614722597328,2021-03-02T22:04:35.928Z,20.906,-0.31319358944892883,-1.001431584358215,-0.012096058577299118
1614722597367,2021-03-02T22:04:35.930Z,20.945,-0.31563499569892883,-1.002896428108215,-0.010387074202299118
1614722597407,2021-03-02T22:04:35.941Z,20.985,-0.31417015194892883,-0.9992342591285706,-0.011363636702299118
1614722597446,2021-03-02T22:04:35.956Z,21.024,-0.30806663632392883,-0.9958162903785706,-0.004039417486637832
1614722597486,2021-03-02T22:04:35.957Z,21.064,-0.30611351132392883,-0.9938631653785706,-0.004039417486637832
1614722597526,2021-03-02T22:04:35.960Z,21.104,-0.29415062069892883,-0.9867830872535706,-0.005992542486637832
1614722597565,2021-03-02T22:04:35.971Z,21.143,-0.30586937069892883,-0.9860506653785706,-0.003306995844468475
1614722597605,2021-03-02T22:04:35.973Z,21.183000000000003,-0.30220726132392883,-0.9911776185035706,0.0005992542719468473
1614722597644,2021-03-02T22:04:35.975Z,21.221999999999998,-0.30733421444892883,-0.9945955872535706,-0.0015980113530531526
1614722597684,2021-03-02T22:04:35.986Z,21.261999999999997,-0.30904319882392883,-0.9948397278785706,-0.004527698736637832
1614722597723,2021-03-02T22:04:35.989Z,21.301,-0.31075218319892883,-0.9948397278785706,-0.013072621077299118
1614722597764,2021-03-02T22:04:35.991Z,21.342,-0.31783226132392883,-1.000943303108215,-0.007945667952299118
1614722597804,2021-03-02T22:04:36.002Z,21.381999999999998,-0.30806663632392883,-0.9936190247535706,-0.006969104986637832
1614722597843,2021-03-02T22:04:36.017Z,21.421,-0.31099632382392883,-0.9999666810035706,-0.009166371077299118
1614722597883,2021-03-02T22:04:36.019Z,21.461,-0.29854515194892883,-1.007290959358215,-0.007945667952299118
1614722597923,2021-03-02T22:04:36.021Z,21.500999999999998,-0.31514671444892883,-0.9987459778785706,-0.0006214488530531527
1614722597962,2021-03-02T22:04:36.032Z,21.54,-0.29439476132392883,-1.053921818733215,0.05162464454770088
1614722598002,2021-03-02T22:04:36.035Z,21.58,-0.29366233944892883,-1.164761662483215,-0.07361949235200882
1614722598041,2021-03-02T22:04:36.045Z,21.619,-0.28462913632392883,-1.068326115608215,-0.020885121077299118
1614722598081,2021-03-02T22:04:36.049Z,21.659000000000002,-0.4137795269489288,-0.8415194153785706,-0.04554332420229912
1614722598120,2021-03-02T22:04:36.051Z,21.698,-0.3820412456989288,-0.9799471497535706,-0.022594105452299118
1614722598160,2021-03-02T22:04:36.063Z,21.738000000000003,-0.3932717144489288,-1.008755803108215,0.023548472672700882
1614722598199,2021-03-02T22:04:36.065Z,21.776999999999997,-0.4294045269489288,-0.8520174622535706,0.03526722267270088
1614722598240,2021-03-02T22:04:36.076Z,21.818,-0.4240334331989288,-1.013638615608215,0.03990589454770088
1614722598280,2021-03-02T22:04:36.091Z,21.858,-0.4713967144489288,-0.9894686341285706,0.09654652327299118
1614722598319,2021-03-02T22:04:36.094Z,21.897,-0.4186623394489288,-0.9008455872535706,0.025989878922700882
1614722598359,2021-03-02T22:04:36.096Z,21.936999999999998,-0.4377053081989288,-0.8776522278785706,0.06578480452299118
1614722598399,2021-03-02T22:04:36.120Z,21.976999999999997,-0.3957131206989288,-0.8744783997535706,0.06407582014799118
1614722598438,2021-03-02T22:04:36.136Z,22.016,-0.4823830425739288,-0.8991366028785706,0.06309925764799118
1614722598478,2021-03-02T22:04:36.151Z,22.055999999999997,-0.4721291363239288,-1.023648381233215,0.06554066389799118
1614722598517,2021-03-02T22:04:36.153Z,22.095,-0.5343849658966064,-0.8866854310035706,0.03844105079770088
1614722598557,2021-03-02T22:04:36.155Z,22.135,-0.5255959033966064,-1.100552678108215,0.0013316761469468474
1614722598596,2021-03-02T22:04:36.166Z,22.174,-0.5502541065216064,-1.017789006233215,0.007191051263362168
1614722598636,2021-03-02T22:04:36.169Z,22.214000000000002,-0.5429298877716064,-0.9882479310035706,0.08604847639799118
1614722598675,2021-03-02T22:04:36.171Z,22.253,-0.5766212940216064,-0.9196444153785706,0.10802113264799118
1614722598716,2021-03-02T22:04:36.182Z,22.294,-0.5253517627716064,-0.9408846497535706,0.11485707014799118
1614722598756,2021-03-02T22:04:36.184Z,22.334,-0.5031349658966064,-0.8512850403785706,0.16759143769741058
1614722598796,2021-03-02T22:04:36.195Z,22.374000000000002,-0.4677346050739288,-0.8249178528785706,0.19322620332241056
1614722598835,2021-03-02T22:04:36.197Z,22.413,-0.3879006206989288,-0.7697420716285706,0.23033557832241056
1614722598875,2021-03-02T22:04:36.200Z,22.453000000000003,-0.4062111675739288,-0.8359041810035706,0.3045543432235718
1614722598914,2021-03-02T22:04:36.211Z,22.491999999999997,-0.4098732769489288,-0.9494295716285706,0.3155406713485718
1614722598954,2021-03-02T22:04:36.226Z,22.531999999999996,-0.4281838238239288,-0.9154940247535706,0.3104137182235718
1614722598993,2021-03-02T22:04:36.228Z,22.570999999999998,-0.4701760113239288,-0.9616366028785706,0.3326305150985718
1614722599033,2021-03-02T22:04:36.230Z,22.611,-0.4215920269489288,-0.9318514466285706,0.3624156713485718
1614722599072,2021-03-02T22:04:36.241Z,22.65,-0.4716408550739288,-0.9789705872535706,0.3177379369735718
1614722599112,2021-03-02T22:04:36.256Z,22.69,-0.3983986675739288,-0.8324862122535706,0.3216441869735718
1614722599152,2021-03-02T22:04:36.272Z,22.73,-0.3854592144489288,-0.9494295716285706,0.4163707494735718
1614722599193,2021-03-02T22:04:36.275Z,22.771,-0.3837502300739288,-0.8984041810035706,0.3797496557235718
1614722599232,2021-03-02T22:04:36.276Z,22.81,-0.33418968319892883,-0.8947420716285706,0.4427379369735718
1614722599272,2021-03-02T22:04:36.287Z,22.85,-0.3688576519489288,-0.9281893372535706,0.4100230932235718
1614722599311,2021-03-02T22:04:36.317Z,22.889,-0.26558616757392883,-0.8791170716285706,0.4871715307235718
1614722599351,2021-03-02T22:04:36.319Z,22.929000000000002,-0.30806663632392883,-0.8300448060035706,0.4632457494735718
1614722599390,2021-03-02T22:04:36.331Z,22.968000000000004,-0.22896505892276764,-0.8090487122535706,0.5250133275985718
1614722599430,2021-03-02T22:04:36.332Z,23.008000000000003,-0.22237326204776764,-0.8278475403785706,0.5147594213485718
1614722599469,2021-03-02T22:04:36.335Z,23.046999999999997,-0.20040060579776764,-0.7709627747535706,0.5430797338485718
1614722599509,2021-03-02T22:04:36.346Z,23.087,-0.21578146517276764,-0.7831698060035706,0.5623668432235718
1614722599548,2021-03-02T22:04:36.375Z,23.125999999999998,-0.20674826204776764,-0.7179842591285706,0.5892223119735718
1614722599588,2021-03-02T22:04:36.377Z,23.166,-0.18160177767276764,-0.7858553528785706,0.6373180150985718
1614722599628,2021-03-02T22:04:36.381Z,23.206,-0.15547873079776764,-0.7292147278785706,0.6248668432235718
1614722599669,2021-03-02T22:04:36.406Z,23.247,-0.19576193392276764,-0.6659823060035706,0.6473277807235718
1614722599708,2021-03-02T22:04:36.421Z,23.285999999999998,-0.10958030074834824,-0.6996737122535706,0.6915172338485718
1614722599748,2021-03-02T22:04:36.422Z,23.326,-0.06417014449834824,-0.6388826966285706,0.7090953588485718
1614722599787,2021-03-02T22:04:36.437Z,23.365,-0.035849831998348236,-0.6049471497535706,0.7159312963485718
1614722599827,2021-03-02T22:04:36.440Z,23.405,-0.041465066373348236,-0.6183748841285706,0.7791637182235718
1614722599866,2021-03-02T22:04:36.451Z,23.444000000000003,-0.06539084762334824,-0.6586580872535706,0.7896617650985718
1614722599906,2021-03-02T22:04:36.452Z,23.484,-0.055136941373348236,-0.5490389466285706,0.7982066869735718
1614722599945,2021-03-02T22:04:36.467Z,23.523000000000003,-0.035117410123348236,-0.5126619935035706,0.8035777807235718
1614722599985,2021-03-02T22:04:36.482Z,23.563000000000002,-0.07491233199834824,-0.6549959778785706,0.7994273900985718
1614722600025,2021-03-02T22:04:36.484Z,23.603,-0.06636741012334824,-0.5778475403785706,0.8524059057235718
1614722600064,2021-03-02T22:04:36.486Z,23.642,-0.029746316373348236,-0.6086092591285706,0.7784312963485718
1614722600104,2021-03-02T22:04:36.511Z,23.682,-0.08028342574834824,-0.5881014466285706,0.8226207494735718
1614722600145,2021-03-02T22:04:36.513Z,23.723000000000003,-0.01875998824834824,-0.44454678893089294,0.7747691869735718
1614722600184,2021-03-02T22:04:36.515Z,23.761999999999997,-0.0009377219248563052,-0.5260897278785706,0.8546031713485718
1614722600224,2021-03-02T22:04:36.525Z,23.802,0.07425758987665176,-0.5693026185035706,0.7523082494735718
1614722600263,2021-03-02T22:04:36.528Z,23.840999999999998,-0.053427956998348236,-0.458462804555893,0.8663219213485718
1614722600303,2021-03-02T22:04:36.530Z,23.881,0.028603293001651764,-0.5685701966285706,0.8021129369735718
1614722600342,2021-03-02T22:04:36.541Z,23.92,-0.003134987549856305,-0.486538976430893,0.9031871557235718
1614722600382,2021-03-02T22:04:36.543Z,23.96,0.08231423050165176,-0.5702791810035706,0.8497203588485718
1614722600422,2021-03-02T22:04:36.546Z,24.0,0.027382589876651764,-0.5553866028785706,0.9085582494735718
1614722600461,2021-03-02T22:04:36.557Z,24.039,0.043495871126651764,-0.6654940247535706,0.8228648900985718
1614722600501,2021-03-02T22:04:36.571Z,24.079,0.046913839876651764,-0.5287752747535706,0.8663219213485718
1614722600540,2021-03-02T22:04:36.573Z,24.118000000000002,0.048134543001651764,-0.5800448060035706,0.7950328588485718
1614722600580,2021-03-02T22:04:36.576Z,24.158,0.01541970018297434,-0.5544100403785706,0.9007457494735718
1614722600619,2021-03-02T22:04:36.587Z,24.197,0.042763449251651764,-0.6007967591285706,0.8336070775985718
1614722600660,2021-03-02T22:04:36.589Z,24.238000000000003,0.030068136751651764,-0.5998201966285706,0.8470348119735718
1614722600700,2021-03-02T22:04:36.591Z,24.278000000000002,0.028359152376651764,-0.5656405091285706,0.8514293432235718
1614722600739,2021-03-02T22:04:36.603Z,24.316999999999997,0.040566183626651764,-0.5387850403785706,0.8487437963485718
1614722600779,2021-03-02T22:04:36.605Z,24.357,0.037636496126651764,-0.5475741028785706,0.8690074682235718
1614722600819,2021-03-02T22:04:36.616Z,24.397,0.029335714876651764,-0.5373201966285706,0.8912242650985718
1614722600858,2021-03-02T22:04:36.618Z,24.436,-0.002158425049856305,-0.5722323060035706,0.8831676244735718
1614722600898,2021-03-02T22:04:36.621Z,24.476,0.047402121126651764,-0.5815096497535706,0.8743785619735718
1614722600937,2021-03-02T22:04:36.646Z,24.515,-0.02315451949834824,-0.5002108216285706,0.8973277807235718
1614722600977,2021-03-02T22:04:36.648Z,24.555,0.061806418001651764,-0.5143709778785706,0.8660777807235718
1614722601016,2021-03-02T22:04:36.650Z,24.594,0.023720480501651764,-0.5353670716285706,0.8775523900985718
1614722601056,2021-03-02T22:04:36.661Z,24.634,0.06620094925165176,-0.486538976430893,0.8777965307235718
1614722601095,2021-03-02T22:04:36.691Z,24.673000000000002,0.16727517545223236,-0.5111971497535706,0.8560680150985718
1614722601136,2021-03-02T22:04:36.692Z,24.714000000000002,0.11551735550165175,-0.38082608580589294,0.8519176244735718
1614722601176,2021-03-02T22:04:36.707Z,24.754,0.12552712857723236,-0.44064053893089294,0.8765758275985718
1614722601215,2021-03-02T22:04:36.710Z,24.793000000000003,0.13749001920223236,-0.496304601430893,0.8240855932235718
1614722601255,2021-03-02T22:04:36.720Z,24.833000000000002,0.11722633987665175,-0.461148351430893,0.8702281713485718
1614722601295,2021-03-02T22:04:36.722Z,24.873,0.043984152376651764,-0.5695467591285706,0.8419078588485718
1614722601334,2021-03-02T22:04:36.725Z,24.912,0.08597633987665176,-0.5685701966285706,0.9024547338485718
1614722601374,2021-03-02T22:04:36.736Z,24.951999999999998,0.09696266800165176,-0.6359530091285706,0.8287242650985718
1614722601413,2021-03-02T22:04:36.738Z,24.991,0.07206032425165176,-0.5780916810035706,0.8758434057235718
1614722601453,2021-03-02T22:04:36.740Z,25.031,0.15555642545223236,-0.5605135560035706,0.8973277807235718
1614722601492,2021-03-02T22:04:36.751Z,25.07,0.13285134732723236,-0.496548742055893,0.9417613744735718
1614722601532,2021-03-02T22:04:36.754Z,25.11,0.11161110550165176,-0.460415929555893,0.9224742650985718
1614722601571,2021-03-02T22:04:36.756Z,25.149,0.09769508987665176,-0.5143709778785706,0.8907359838485718
1614722601612,2021-03-02T22:04:36.767Z,25.19,0.10501930862665176,-0.484097570180893,0.8333629369735718
1614722601652,2021-03-02T22:04:36.782Z,25.23,0.10526344925165176,-0.457730382680893,0.8631480932235718
1614722601692,2021-03-02T22:04:36.784Z,25.27,0.07743141800165176,-0.5292635560035706,0.8170055150985718
1614722601731,2021-03-02T22:04:36.786Z,25.309,0.06937477737665176,-0.486294835805893,0.8719371557235718
1614722601771,2021-03-02T22:04:36.797Z,25.349,0.11307594925165175,-0.491177648305893,0.9097789525985718
1614722601810,2021-03-02T22:04:36.800Z,25.388,0.09305641800165176,-0.5033846497535706,0.8882945775985718
1614722601850,2021-03-02T22:04:36.810Z,25.428,0.08231423050165176,-0.5299959778785706,0.8592418432235718
1614722601889,2021-03-02T22:04:36.826Z,25.467,0.08524391800165176,-0.5326815247535706,0.8494762182235718
1614722601929,2021-03-02T22:04:36.828Z,25.506999999999998,0.07840798050165176,-0.5544100403785706,0.8343394994735718
1614722601968,2021-03-02T22:04:36.831Z,25.546,0.09867165237665176,-0.498501867055893,0.8714488744735718
1614722602009,2021-03-02T22:04:36.842Z,25.587,0.09452126175165176,-0.5441561341285706,0.8824352025985718
1614722602049,2021-03-02T22:04:36.844Z,25.627,0.09281227737665176,-0.5236483216285706,0.8812144994735718
1614722602089,2021-03-02T22:04:36.846Z,25.666999999999998,0.09500954300165176,-0.5365877747535706,0.8497203588485718
1614722602128,2021-03-02T22:04:36.858Z,25.706,0.10941383987665176,-0.499478429555893,0.8526500463485718
1614722602168,2021-03-02T22:04:36.860Z,25.746,0.10428688675165176,-0.5319491028785706,0.8543590307235718
1614722602207,2021-03-02T22:04:36.870Z,25.785,0.10990212112665176,-0.5334139466285706,0.8423961400985718
1614722602247,2021-03-02T22:04:36.872Z,25.825,0.10355446487665176,-0.5673494935035706,0.8675426244735718
1614722602286,2021-03-02T22:04:36.875Z,25.864,0.09183571487665176,-0.5444002747535706,0.8746227025985718
1614722602326,2021-03-02T22:04:36.886Z,25.904,0.09427712112665176,-0.5412264466285706,0.8599742650985718
1614722602365,2021-03-02T22:04:36.888Z,25.943,0.08353493362665176,-0.5448885560035706,0.8502086400985718
1614722602405,2021-03-02T22:04:36.916Z,25.983,0.10965798050165176,-0.5473299622535706,0.8382457494735718
1614722602444,2021-03-02T22:04:36.918Z,26.022,0.08573219925165176,-0.5629549622535706,0.8560680150985718
1614722602484,2021-03-02T22:04:36.920Z,26.061999999999998,0.11112282425165176,-0.5341463685035706,0.8504527807235718
1614722602525,2021-03-02T22:04:36.932Z,26.103,0.09183571487665176,-0.5470858216285706,0.8804820775985718
1614722602565,2021-03-02T22:04:36.934Z,26.143,0.10916969925165176,-0.5473299622535706,0.8563121557235718
1614722602604,2021-03-02T22:04:36.936Z,26.182,0.08622048050165176,-0.5480623841285706,0.8487437963485718
1614722602644,2021-03-02T22:04:36.947Z,26.221999999999998,0.10184548050165176,-0.5446444153785706,0.8519176244735718
1614722602683,2021-03-02T22:04:36.950Z,26.261,0.09549782425165176,-0.5468416810035706,0.8524059057235718
1614722602723,2021-03-02T22:04:36.960Z,26.301,0.09745094925165176,-0.5429354310035706,0.8563121557235718
1614722602762,2021-03-02T22:04:36.963Z,26.34,0.09647438675165176,-0.5436678528785706,0.8663219213485718
1614722602802,2021-03-02T22:04:36.977Z,26.38,0.08719704300165176,-0.5646639466285706,0.8506969213485718
1614722602841,2021-03-02T22:04:36.992Z,26.419,0.09915993362665176,-0.5697908997535706,0.8489879369735718
1614722602881,2021-03-02T22:04:36.994Z,26.459,0.07254860550165176,-0.5558748841285706,0.8375133275985718
1614722602921,2021-03-02T22:04:36.996Z,26.499000000000002,0.09525368362665176,-0.5756502747535706,0.8528941869735718
1614722602960,2021-03-02T22:04:37.007Z,26.538,0.08109352737665176,-0.5483065247535706,0.8524059057235718
1614722603001,2021-03-02T22:04:37.022Z,26.579,0.08084938675165176,-0.5553866028785706,0.8502086400985718
1614722603041,2021-03-02T22:04:37.025Z,26.619,0.08377907425165176,-0.5856600403785706,0.8380016088485718
1614722603080,2021-03-02T22:04:37.035Z,26.658,0.08451149612665176,-0.5527010560035706,0.8519176244735718
1614722603120,2021-03-02T22:04:37.037Z,26.698,0.08841774612665176,-0.5546541810035706,0.8450816869735718
1614722603159,2021-03-02T22:04:37.040Z,26.737,0.08719704300165176,-0.5505037903785706,0.8592418432235718
1614722603199,2021-03-02T22:04:37.051Z,26.776999999999997,0.08548805862665176,-0.5531893372535706,0.8528941869735718
1614722603238,2021-03-02T22:04:37.065Z,26.816,0.08524391800165176,-0.5651522278785706,0.8489879369735718
1614722603278,2021-03-02T22:04:37.067Z,26.855999999999998,0.08231423050165176,-0.5553866028785706,0.8404430150985718
1614722603318,2021-03-02T22:04:37.070Z,26.896,0.08402321487665176,-0.5436678528785706,0.8397105932235718
1614722603357,2021-03-02T22:04:37.081Z,26.935,0.08207008987665176,-0.5478182435035706,0.8572887182235718
1614722603397,2021-03-02T22:04:37.083Z,26.975,0.09232399612665176,-0.5661287903785706,0.8484996557235718
1614722603436,2021-03-02T22:04:37.086Z,27.014,0.08231423050165176,-0.5663729310035706,0.8604625463485718
1614722603477,2021-03-02T22:04:37.097Z,27.055,0.08060524612665176,-0.5551424622535706,0.8387340307235718
1614722603517,2021-03-02T22:04:37.100Z,27.095,0.09134743362665176,-0.5592928528785706,0.8411754369735718
1614722603556,2021-03-02T22:04:37.111Z,27.134,0.08182594925165176,-0.5470858216285706,0.8509410619735718
1614722603596,2021-03-02T22:04:37.115Z,27.174,0.09354469925165176,-0.5707674622535706,0.8546031713485718
1614722603635,2021-03-02T22:04:37.126Z,27.213,0.08499977737665176,-0.5761385560035706,0.8582652807235718
1614722603675,2021-03-02T22:04:37.127Z,27.253,0.07279274612665176,-0.5536776185035706,0.8343394994735718
1614722603715,2021-03-02T22:04:37.130Z,27.293000000000003,0.08817360550165176,-0.5553866028785706,0.8458141088485718
1614722603754,2021-03-02T22:04:37.141Z,27.331999999999997,0.08060524612665176,-0.5573397278785706,0.8541148900985718
1614722603794,2021-03-02T22:04:37.143Z,27.372,0.09061501175165176,-0.5578280091285706,0.8399547338485718
1614722603833,2021-03-02T22:04:37.145Z,27.410999999999998,0.08695290237665176,-0.5485506653785706,0.8531383275985718
1614722603873,2021-03-02T22:04:37.156Z,27.451,0.07572243362665176,-0.5619783997535706,0.8482555150985718
1614722603912,2021-03-02T22:04:37.160Z,27.49,0.08084938675165176,-0.5619783997535706,0.8453258275985718
1614722603952,2021-03-02T22:04:37.171Z,27.53,0.08548805862665176,-0.5683260560035706,0.8475230932235718
1614722603993,2021-03-02T22:04:37.172Z,27.570999999999998,0.07059548050165176,-0.5512362122535706,0.8543590307235718
1614722604032,2021-03-02T22:04:37.175Z,27.61,0.08499977737665176,-0.5507479310035706,0.8548473119735718
1614722604072,2021-03-02T22:04:37.186Z,27.65,0.07865212112665176,-0.5688143372535706,0.8428844213485718
1614722604111,2021-03-02T22:04:37.202Z,27.689,0.07181618362665176,-0.5519686341285706,0.8463023900985718
1614722604151,2021-03-02T22:04:37.204Z,27.729,0.07767555862665176,-0.5749178528785706,0.8509410619735718
1614722604191,2021-03-02T22:04:37.206Z,27.769000000000002,0.06742165237665176,-0.5502596497535706,0.8519176244735718
1614722604230,2021-03-02T22:04:37.231Z,27.808000000000003,0.08499977737665176,-0.5663729310035706,0.8360484838485718
1614722604270,2021-03-02T22:04:37.247Z,27.848000000000003,0.08084938675165176,-0.5483065247535706,0.8445934057235718
1614722604309,2021-03-02T22:04:37.261Z,27.886999999999997,0.07962868362665176,-0.5568514466285706,0.8460582494735718
1614722604349,2021-03-02T22:04:37.263Z,27.927,0.08622048050165176,-0.5678377747535706,0.8611949682235718
1614722604388,2021-03-02T22:04:37.266Z,27.965999999999998,0.07181618362665176,-0.5653963685035706,0.8480113744735718
1614722604428,2021-03-02T22:04:37.277Z,28.006,0.08036110550165176,-0.5566073060035706,0.8504527807235718
1614722604469,2021-03-02T22:04:37.279Z,28.046999999999997,0.07767555862665176,-0.5727205872535706,0.8423961400985718
1614722604508,2021-03-02T22:04:37.281Z,28.086,0.06839821487665176,-0.5517244935035706,0.8450816869735718
1614722604548,2021-03-02T22:04:37.292Z,28.125999999999998,0.07401344925165176,-0.5602694153785706,0.8570445775985718
1614722604588,2021-03-02T22:04:37.295Z,28.166,0.07230446487665176,-0.5702791810035706,0.8321422338485718
1614722604627,2021-03-02T22:04:37.306Z,28.205,0.07694313675165176,-0.5636873841285706,0.8526500463485718
1614722604667,2021-03-02T22:04:37.308Z,28.245,0.07157204300165176,-0.5754061341285706,0.8494762182235718
1614722604706,2021-03-02T22:04:37.310Z,28.284000000000002,0.07938454300165176,-0.5558748841285706,0.8480113744735718
1614722604746,2021-03-02T22:04:37.321Z,28.324,0.08133766800165176,-0.5610018372535706,0.8460582494735718
1614722604785,2021-03-02T22:04:37.335Z,28.363000000000003,0.08499977737665176,-0.5597811341285706,0.8519176244735718
1614722604825,2021-03-02T22:04:37.337Z,28.403000000000002,0.07450173050165176,-0.5717440247535706,0.8502086400985718
1614722604864,2021-03-02T22:04:37.340Z,28.441999999999997,0.08084938675165176,-0.5666170716285706,0.8497203588485718
1614722604904,2021-03-02T22:04:37.351Z,28.482,0.07425758987665176,-0.5666170716285706,0.8448375463485718
1614722604945,2021-03-02T22:04:37.353Z,28.523000000000003,0.07450173050165176,-0.5592928528785706,0.8494762182235718
1614722604985,2021-03-02T22:04:37.355Z,28.563000000000002,0.07425758987665176,-0.5695467591285706,0.8394664525985718
1614722605024,2021-03-02T22:04:37.381Z,28.601999999999997,0.07279274612665176,-0.5470858216285706,0.8465465307235718
1614722605064,2021-03-02T22:04:37.382Z,28.642,0.07669899612665176,-0.5773592591285706,0.8487437963485718
1614722605103,2021-03-02T22:04:37.385Z,28.680999999999997,0.07059548050165176,-0.5705233216285706,0.8426402807235718
1614722605143,2021-03-02T22:04:37.396Z,28.721,0.06522438675165176,-0.5624666810035706,0.8414195775985718
1614722605182,2021-03-02T22:04:37.398Z,28.76,0.07718727737665176,-0.5583162903785706,0.8475230932235718
1614722605222,2021-03-02T22:04:37.400Z,28.8,0.07523415237665176,-0.5683260560035706,0.8399547338485718
1614722605261,2021-03-02T22:04:37.411Z,28.839000000000002,0.07230446487665176,-0.5629549622535706,0.8475230932235718
1614722605301,2021-03-02T22:04:37.414Z,28.879,0.07303688675165176,-0.5751619935035706,0.8514293432235718
1614722605340,2021-03-02T22:04:37.416Z,28.918000000000003,0.07035133987665176,-0.5758944153785706,0.8538707494735718
1614722605380,2021-03-02T22:04:37.427Z,28.958000000000002,0.06766579300165176,-0.5578280091285706,0.8392223119735718
1614722605421,2021-03-02T22:04:37.429Z,28.999000000000002,0.07328102737665176,-0.5744295716285706,0.8433727025985718
1614722605461,2021-03-02T22:04:37.441Z,29.039,0.06302712112665176,-0.5724764466285706,0.8433727025985718
1614722605500,2021-03-02T22:04:37.442Z,29.078000000000003,0.062294699251651764,-0.5746737122535706,0.8370250463485718
1614722605540,2021-03-02T22:04:37.473Z,29.118000000000002,0.07914040237665176,-0.5822420716285706,0.8560680150985718
1614722605579,2021-03-02T22:04:37.475Z,29.156999999999996,0.061073996126651764,-0.5475741028785706,0.8333629369735718
1614722605619,2021-03-02T22:04:37.486Z,29.197,0.07523415237665176,-0.5524569153785706,0.8531383275985718
1614722605658,2021-03-02T22:04:37.488Z,29.236,0.07401344925165176,-0.5673494935035706,0.8519176244735718
1614722605698,2021-03-02T22:04:37.491Z,29.276,0.07303688675165176,-0.5468416810035706,0.8604625463485718
1614722605737,2021-03-02T22:04:37.502Z,29.315,0.07743141800165176,-0.5490389466285706,0.8587535619735718
1614722605777,2021-03-02T22:04:37.505Z,29.355,0.055458761751651764,-0.5746737122535706,0.8350719213485718
1614722605817,2021-03-02T22:04:37.516Z,29.395,0.046913839876651764,-0.5851717591285706,0.8301891088485718
1614722605858,2021-03-02T22:04:37.531Z,29.436,0.060585714876651764,-0.5817537903785706,0.8323863744735718
1614722605897,2021-03-02T22:04:37.532Z,29.475,0.050331808626651764,-0.5497713685035706,0.8484996557235718
1614722605937,2021-03-02T22:04:37.547Z,29.515,0.06546852737665176,-0.5602694153785706,0.8423961400985718
1614722605976,2021-03-02T22:04:37.549Z,29.554000000000002,0.07816383987665176,-0.5695467591285706,0.8482555150985718
1614722606016,2021-03-02T22:04:37.561Z,29.594,0.07791969925165176,-0.5546541810035706,0.8433727025985718
1614722606055,2021-03-02T22:04:37.563Z,29.633000000000003,0.06815407425165176,-0.5439119935035706,0.8526500463485718
1614722606095,2021-03-02T22:04:37.577Z,29.673000000000002,0.07840798050165176,-0.5556307435035706,0.8384898900985718
1614722606134,2021-03-02T22:04:37.591Z,29.712,0.07035133987665176,-0.5531893372535706,0.8404430150985718
1614722606174,2021-03-02T22:04:37.594Z,29.752,0.06888649612665176,-0.5551424622535706,0.8282359838485718
1614722606214,2021-03-02T22:04:37.596Z,29.791999999999998,0.07035133987665176,-0.491177648305893,0.8087047338485718
1614722606255,2021-03-02T22:04:37.607Z,29.833000000000002,0.10672829300165176,-0.485806554555893,0.8062633275985718
1614722606293,2021-03-02T22:04:37.621Z,29.871,0.10819313675165176,-0.5102205872535706,0.8248180150985718
1614722606334,2021-03-02T22:04:37.624Z,29.912,0.09452126175165176,-0.5505037903785706,0.8399547338485718
1614722606373,2021-03-02T22:04:37.626Z,29.951,0.07572243362665176,-0.5231600403785706,0.8533824682235718
1614722606413,2021-03-02T22:04:37.637Z,29.991,0.06839821487665176,-0.5736971497535706,0.8436168432235718
1614722606452,2021-03-02T22:04:37.639Z,30.03,0.046669699251651764,-0.5588045716285706,0.7584117650985718
1614722606492,2021-03-02T22:04:37.651Z,30.07,0.050575949251651764,-0.6015291810035706,0.7386363744735718
1614722606531,2021-03-02T22:04:37.652Z,30.109,0.036171652376651764,-0.5177889466285706,0.7762340307235718
1614722606571,2021-03-02T22:04:37.655Z,30.149,0.0010154030751436947,-0.6142244935035706,0.7730602025985718
1614722606610,2021-03-02T22:04:37.666Z,30.188000000000002,0.020302511751651764,-0.6208162903785706,0.7857555150985718
1614722606650,2021-03-02T22:04:37.680Z,30.228,-0.029990456998348236,-0.7253084778785706,0.7256969213485718
1614722606690,2021-03-02T22:04:37.683Z,30.268,-0.061972878873348236,-0.7243319153785706,0.7537730932235718
1614722606729,2021-03-02T22:04:37.685Z,30.307,-0.09639670699834824,-0.7470369935035706,0.7547496557235718
1614722606769,2021-03-02T22:04:37.696Z,30.346999999999998,-0.13350607454776764,-0.8686190247535706,0.6216930150985718
1614722606810,2021-03-02T22:04:37.698Z,30.388,-0.11080100387334824,-0.8205233216285706,0.6446422338485718
1614722606849,2021-03-02T22:04:37.700Z,30.427,-0.10884787887334824,-0.7895174622535706,0.6273082494735718
1614722606889,2021-03-02T22:04:37.711Z,30.467,-0.09297873824834824,-0.7123690247535706,0.6187633275985718
1614722606928,2021-03-02T22:04:37.714Z,30.506,-0.06832053512334824,-0.7746248841285706,0.6756480932235718
1614722606968,2021-03-02T22:04:37.726Z,30.546,-0.07857444137334824,-0.7140780091285706,0.6539195775985718
1614722607007,2021-03-02T22:04:37.728Z,30.585,-0.09810569137334824,-0.7633944153785706,0.6065562963485718
1614722607047,2021-03-02T22:04:37.730Z,30.625,-0.09737326949834824,-0.7548494935035706,0.6114391088485718
1614722607087,2021-03-02T22:04:37.741Z,30.665,-0.12422873824834825,-0.7611971497535706,0.5672496557235718
1614722607126,2021-03-02T22:04:37.757Z,30.704,-0.14571310579776764,-0.8268709778785706,0.5538219213485718
1614722607166,2021-03-02T22:04:37.759Z,30.744,-0.17110373079776764,-0.7968416810035706,0.5198863744735718
1614722607205,2021-03-02T22:04:37.761Z,30.783,-0.22066427767276764,-0.8705721497535706,0.4854625463485718
1614722607245,2021-03-02T22:04:37.786Z,30.823,-0.23213888704776764,-0.8495760560035706,0.4644664525985718
1614722607286,2021-03-02T22:04:37.802Z,30.864,-0.25386741757392883,-0.9704256653785706,0.4620250463485718
1614722607325,2021-03-02T22:04:37.816Z,30.903000000000002,-0.28096702694892883,-0.9076815247535706,0.4398082494735718
1614722607365,2021-03-02T22:04:37.818Z,30.943,-0.33125999569892883,-0.9877596497535706,0.4029430150985718
1614722607404,2021-03-02T22:04:37.821Z,30.982,-0.3764260113239288,-1.059781193733215,0.3956187963485718
1614722607444,2021-03-02T22:04:37.832Z,31.022,-0.3639748394489288,-0.9548006653785706,0.3719371557235718
1614722607484,2021-03-02T22:04:37.834Z,31.061999999999998,-0.3749611675739288,-0.9684725403785706,0.2967418432235718
1614722607523,2021-03-02T22:04:37.836Z,31.101,-0.3725197613239288,-0.9418612122535706,0.3321422338485718
1614722607563,2021-03-02T22:04:37.847Z,31.141,-0.3698342144489288,-0.9399080872535706,0.3157848119735718
1614722607602,2021-03-02T22:04:37.850Z,31.18,-0.3659279644489288,-0.9298983216285706,0.2852672338485718
1614722607642,2021-03-02T22:04:37.860Z,31.22,-0.3761818706989288,-0.9350252747535706,0.2576793432235718
1614722607681,2021-03-02T22:04:37.862Z,31.259,-0.34981468319892883,-0.9037752747535706,0.2525523900985718
1614722607721,2021-03-02T22:04:37.865Z,31.299,-0.35152366757392883,-0.8852205872535706,0.23643909394741056
1614722607762,2021-03-02T22:04:37.876Z,31.34,-0.3634865581989288,-0.8976717591285706,0.22789417207241056
1614722607801,2021-03-02T22:04:37.891Z,31.379,-0.3669045269489288,-0.8737459778785706,0.22179065644741056
1614722607841,2021-03-02T22:04:37.892Z,31.419,-0.3754494488239288,-0.8898592591285706,0.19347034394741056
1614722607881,2021-03-02T22:04:37.895Z,31.459,-0.4010842144489288,-0.9557772278785706,0.17345081269741058
1614722607920,2021-03-02T22:04:37.906Z,31.498,-0.4145119488239288,-0.9435701966285706,0.11021839827299118
1614722607960,2021-03-02T22:04:37.908Z,31.538,-0.4306252300739288,-1.105923771858215,0.06505238264799118
1614722607999,2021-03-02T22:04:37.910Z,31.576999999999998,-0.4384377300739288,-1.039273381233215,0.08263050764799118
1614722608039,2021-03-02T22:04:37.935Z,31.616999999999997,-0.4372170269489288,-1.001187443733215,0.06773792952299118
1614722608078,2021-03-02T22:04:37.938Z,31.656,-0.4374611675739288,-0.9543123841285706,0.04869495704770088
1614722608118,2021-03-02T22:04:37.940Z,31.695999999999998,-0.4386818706989288,-0.9806795716285706,0.023548472672700882
1614722608157,2021-03-02T22:04:37.951Z,31.735,-0.4530861675739288,-0.9757967591285706,-0.024547230452299118
1614722608197,2021-03-02T22:04:37.954Z,31.775,-0.4347756206989288,-0.9899569153785706,0.015247691422700882
1614722608238,2021-03-02T22:04:37.956Z,31.816,-0.4628517925739288,-0.9464998841285706,0.028187144547700882
1614722608277,2021-03-02T22:04:37.967Z,31.855,-0.4616310894489288,-0.9450350403785706,0.009388316422700882
1614722608317,2021-03-02T22:04:37.969Z,31.895,-0.4337990581989288,-0.9643221497535706,0.05382191017270088
1614722608357,2021-03-02T22:04:37.981Z,31.935,-0.3932717144489288,-0.8708162903785706,0.03477894142270088
1614722608396,2021-03-02T22:04:37.983Z,31.974,-0.31661155819892883,-1.016812443733215,0.004261363763362168
1614722608436,2021-03-02T22:04:37.985Z,32.014,-0.3898537456989288,-1.045865178108215,0.028675425797700882
1614722608475,2021-03-02T22:04:37.996Z,32.053000000000004,-0.3774025738239288,-0.9970369935035706,0.016224253922700882
1614722608515,2021-03-02T22:04:37.998Z,32.093,-0.3732521831989288,-0.9189119935035706,0.018177378922700882
1614722608554,2021-03-02T22:04:38.000Z,32.132,-0.35665062069892883,-0.9970369935035706,-0.003306995844468475
1614722608594,2021-03-02T22:04:38.012Z,32.172,-0.3632424175739288,-1.083218693733215,-0.04481090232729912
1614722608633,2021-03-02T22:04:38.042Z,32.211,-0.3754494488239288,-0.9906893372535706,0.013294566422700882
1614722608674,2021-03-02T22:04:38.044Z,32.251999999999995,-0.35347679257392883,-0.9626131653785706,-0.016490589827299118
1614722608714,2021-03-02T22:04:38.046Z,32.292,-0.3634865581989288,-0.9877596497535706,-0.007457386236637832
1614722608754,2021-03-02T22:04:38.058Z,32.332,-0.34468773007392883,-0.9858065247535706,-0.009410511702299118
1614722608793,2021-03-02T22:04:38.060Z,32.371,-0.35567405819892883,-0.9753084778785706,0.0008433948969468473
1614722608833,2021-03-02T22:04:38.071Z,32.411,-0.34712913632392883,-0.9648104310035706,0.002308238530531525
1614722608872,2021-03-02T22:04:38.086Z,32.45,-0.35787132382392883,-0.9728670716285706,0.010609019547700882
1614722608912,2021-03-02T22:04:38.100Z,32.49,-0.3676369488239288,-0.9694491028785706,0.017933238297700882
1614722608951,2021-03-02T22:04:38.102Z,32.529,-0.3608010113239288,-0.9621248841285706,0.004261363763362168
1614722608991,2021-03-02T22:04:38.105Z,32.569,-0.3708107769489288,-0.9823885560035706,0.003284801030531525
1614722609030,2021-03-02T22:04:38.116Z,32.608000000000004,-0.3688576519489288,-0.9814119935035706,0.004749645013362168
1614722609070,2021-03-02T22:04:38.131Z,32.648,-0.3656838238239288,-0.9555330872535706,0.0037730822805315256
1614722609110,2021-03-02T22:04:38.133Z,32.688,-0.3654396831989288,-0.9723787903785706,0.0008433948969468473
1614722609151,2021-03-02T22:04:38.147Z,32.729,-0.3637306988239288,-0.9833651185035706,-0.0006214488530531527
1614722609190,2021-03-02T22:04:38.150Z,32.768,-0.3659279644489288,-0.9677401185035706,-0.0037952770944684735
1614722609230,2021-03-02T22:04:38.160Z,32.808,-0.3647072613239288,-0.9692049622535706,-0.0001331676176050678
1614722609269,2021-03-02T22:04:38.175Z,32.847,-0.3625099956989288,-0.9772616028785706,-0.004039417486637832
1614722609309,2021-03-02T22:04:38.177Z,32.887,-0.3664162456989288,-0.9784823060035706,0.0015758167719468474
1614722609348,2021-03-02T22:04:38.180Z,32.926,-0.35591819882392883,-0.9643221497535706,-0.002818714594468475
1614722609388,2021-03-02T22:04:38.191Z,32.966,-0.3634865581989288,-0.9706698060035706,0.0008433948969468473
1614722609427,2021-03-02T22:04:38.193Z,33.005,-0.3603127300739288,-0.9821444153785706,-0.003306995844468475
1614722609467,2021-03-02T22:04:38.195Z,33.045,-0.3632424175739288,-0.9753084778785706,-0.0018421519780531528
1614722609506,2021-03-02T22:04:38.207Z,33.084,-0.3608010113239288,-0.9677401185035706,-0.005260120611637832
1614722609546,2021-03-02T22:04:38.209Z,33.124,-0.3661721050739288,-0.9789705872535706,0.003040660405531525
1614722609587,2021-03-02T22:04:38.211Z,33.165,-0.35787132382392883,-0.9704256653785706,-0.0035511364694684744
1614722609627,2021-03-02T22:04:38.222Z,33.205,-0.35933616757392883,-0.9718905091285706,0.003284801030531525
1614722609666,2021-03-02T22:04:38.237Z,33.244,-0.3617775738239288,-0.9770174622535706,0.0008433948969468473
1614722609706,2021-03-02T22:04:38.239Z,33.284,-0.35054710507392883,-0.9699373841285706,-0.003306995844468475
1614722609745,2021-03-02T22:04:38.241Z,33.323,-0.35787132382392883,-0.9692049622535706,0.002308238530531525
1614722609785,2021-03-02T22:04:38.252Z,33.363,-0.35884788632392883,-0.9762850403785706,-0.0018421519780531528
1614722609824,2021-03-02T22:04:38.255Z,33.402,-0.35640648007392883,-0.9694491028785706,-0.003062855219468475
1614722609864,2021-03-02T22:04:38.265Z,33.442,-0.3644631206989288,-0.9735994935035706,-0.004283558111637832
1614722609903,2021-03-02T22:04:38.268Z,33.481,-0.35152366757392883,-0.9782381653785706,-0.006236683111637832
1614722609943,2021-03-02T22:04:38.271Z,33.521,-0.35567405819892883,-0.9765291810035706,0.0010875355219468474
1614722609983,2021-03-02T22:04:38.282Z,33.561,-0.35127952694892883,-0.9838533997535706,0.002796519780531525
1614722610022,2021-03-02T22:04:38.284Z,33.6,-0.35201194882392883,-0.9823885560035706,-0.005992542486637832
1614722610063,2021-03-02T22:04:38.286Z,33.641,-0.35030296444892883,-0.9733553528785706,-0.005015979986637832
1614722610103,2021-03-02T22:04:38.311Z,33.681,-0.35494163632392883,-0.9772616028785706,-0.008189808577299118
1614722610142,2021-03-02T22:04:38.313Z,33.72,-0.35274437069892883,-0.9804354310035706,-0.008189808577299118
1614722610182,2021-03-02T22:04:38.315Z,33.76,-0.34761741757392883,-0.9794588685035706,-0.010875355452299118
1614722610221,2021-03-02T22:04:38.326Z,33.799,-0.35372093319892883,-0.9757967591285706,-0.007213245611637832
1614722610261,2021-03-02T22:04:38.356Z,33.839,-0.34395530819892883,-0.9753084778785706,-0.009410511702299118
1614722610300,2021-03-02T22:04:38.371Z,33.878,-0.35274437069892883,-0.9755526185035706,-0.007457386236637832
1614722610340,2021-03-02T22:04:38.373Z,33.918,-0.34908226132392883,-0.9792147278785706,-0.010387074202299118
1614722610380,2021-03-02T22:04:38.375Z,33.958,-0.34932640194892883,-0.9784823060035706,-0.011851917952299118
1614722610419,2021-03-02T22:04:38.386Z,33.997,-0.35103538632392883,-0.9767733216285706,-0.013072621077299118
1614722610459,2021-03-02T22:04:38.388Z,34.037,-0.35127952694892883,-0.9779940247535706,-0.017223011702299118
1614722610500,2021-03-02T22:04:38.390Z,34.078,-0.34908226132392883,-0.9833651185035706,-0.014781605452299118
1614722610539,2021-03-02T22:04:38.401Z,34.117,-0.34688499569892883,-0.9743319153785706,-0.009410511702299118
1614722610579,2021-03-02T22:04:38.403Z,34.157,-0.34542015194892883,-0.9770174622535706,-0.015514027327299118
1614722610618,2021-03-02T22:04:38.406Z,34.196,-0.34810569882392883,-0.9709139466285706,-0.013805042952299118
1614722610658,2021-03-02T22:04:38.417Z,34.236,-0.35298851132392883,-0.9809237122535706,-0.011363636702299118
1614722610697,2021-03-02T22:04:38.419Z,34.275,-0.34908226132392883,-0.9721346497535706,-0.015758167952299118
1614722610737,2021-03-02T22:04:38.431Z,34.315,-0.35225608944892883,-0.9750643372535706,-0.009898792952299118
1614722610777,2021-03-02T22:04:38.432Z,34.355,-0.35103538632392883,-0.9860506653785706,-0.017955433577299118
1614722610816,2021-03-02T22:04:38.447Z,34.394,-0.35201194882392883,-0.9801912903785706,-0.015758167952299118
1614722610856,2021-03-02T22:04:38.449Z,34.434,-0.34932640194892883,-0.9779940247535706,-0.017467152327299118
1614722610895,2021-03-02T22:04:38.461Z,34.473,-0.34957054257392883,-0.9811678528785706,-0.017711292952299118
1614722610935,2021-03-02T22:04:38.463Z,34.513000000000005,-0.34883812069892883,-0.9767733216285706,-0.014049183577299118
1614722610974,2021-03-02T22:04:38.465Z,34.552,-0.35127952694892883,-0.9775057435035706,-0.016490589827299118
1614722611015,2021-03-02T22:04:38.476Z,34.593,-0.34981468319892883,-0.9701815247535706,-0.010875355452299118
1614722611055,2021-03-02T22:04:38.492Z,34.633,-0.34810569882392883,-0.9811678528785706,-0.015269886702299118
1614722611094,2021-03-02T22:04:38.494Z,34.672,-0.35250023007392883,-0.9794588685035706,-0.012340199202299118
1614722611134,2021-03-02T22:04:38.496Z,34.711999999999996,-0.35176780819892883,-0.9760408997535706,-0.021129261702299118
1614722611173,2021-03-02T22:04:38.507Z,34.751,-0.35225608944892883,-0.9801912903785706,-0.019664417952299118
1614722611213,2021-03-02T22:04:38.510Z,34.791,-0.35372093319892883,-0.9743319153785706,-0.022349964827299118
1614722611253,2021-03-02T22:04:38.521Z,34.830999999999996,-0.35298851132392883,-0.9777498841285706,-0.017467152327299118
1614722611292,2021-03-02T22:04:38.523Z,34.87,-0.34883812069892883,-0.9767733216285706,-0.017711292952299118
1614722611332,2021-03-02T22:04:38.525Z,34.91,-0.35201194882392883,-0.9789705872535706,-0.011607777327299118
1614722611371,2021-03-02T22:04:38.536Z,34.949,-0.34834983944892883,-0.9755526185035706,-0.019908558577299118
1614722611411,2021-03-02T22:04:38.538Z,34.989000000000004,-0.35469749569892883,-0.9806795716285706,-0.019664417952299118
1614722611450,2021-03-02T22:04:38.540Z,35.028,-0.34737327694892883,-0.9755526185035706,-0.019908558577299118
1614722611491,2021-03-02T22:04:38.551Z,35.069,-0.35298851132392883,-0.9843416810035706,-0.017467152327299118
1614722611531,2021-03-02T22:04:38.554Z,35.109,-0.35176780819892883,-0.9750643372535706,-0.020396839827299118
1614722611570,2021-03-02T22:04:38.556Z,35.148,-0.35567405819892883,-0.9840975403785706,-0.016734730452299118
1614722611610,2021-03-02T22:04:38.568Z,35.188,-0.36006858944892883,-0.9950838685035706,-0.016734730452299118
1614722611650,2021-03-02T22:04:38.570Z,35.228,-0.35762718319892883,-0.9897127747535706,-0.005748401861637832
1614722611689,2021-03-02T22:04:38.581Z,35.266999999999996,-0.35079124569892883,-0.9760408997535706,-0.019420277327299118
1614722611729,2021-03-02T22:04:38.626Z,35.306999999999995,-0.34566429257392883,-0.9521151185035706,-0.016002308577299118
1614722611768,2021-03-02T22:04:38.642Z,35.346,-0.34859398007392883,-0.9667635560035706,-0.005015979986637832
1614722611808,2021-03-02T22:04:38.656Z,35.385999999999996,-0.34590843319892883,-0.9819002747535706,0.006946910638362168
1614722611847,2021-03-02T22:04:38.658Z,35.425,-0.35176780819892883,-0.9904451966285706,-0.0015980113530531526
1614722611887,2021-03-02T22:04:38.660Z,35.465,-0.34444358944892883,-0.9672518372535706,-0.014049183577299118
1614722611928,2021-03-02T22:04:38.672Z,35.506,-0.35250023007392883,-0.9750643372535706,-0.007457386236637832
1614722611967,2021-03-02T22:04:38.686Z,35.545,-0.34883812069892883,-0.9706698060035706,-0.009654652327299118
1614722612007,2021-03-02T22:04:38.701Z,35.585,-0.35103538632392883,-0.9760408997535706,-0.002574573969468475
1614722612047,2021-03-02T22:04:38.703Z,35.625,-0.35274437069892883,-0.9726229310035706,-0.0006214488530531527
1614722612086,2021-03-02T22:04:38.705Z,35.664,-0.35372093319892883,-0.9816561341285706,-0.0037952770944684735
