epoch (ms),time (-07:00),elapsed (s),Pressure (Pa)
1613664287443,2021-02-18T16:05:22.258Z,87.99600000000001,99528.02083333331
1613664287484,2021-02-18T16:05:22.269Z,88.037,99528.02083333331
1613664287533,2021-02-18T16:05:22.271Z,88.086,99528.02083333331
1613664287573,2021-02-18T16:05:22.282Z,88.126,99528.02083333331
1613664287614,2021-02-18T16:05:22.284Z,88.167,99528.02083333331
1613664287653,2021-02-18T16:05:22.287Z,88.206,99528.02083333331
1613664287695,2021-02-18T16:05:22.298Z,88.24799999999999,99528.02083333331
1613664287734,2021-02-18T16:05:22.300Z,88.287,99528.02083333331
1613664287774,2021-02-18T16:05:22.302Z,88.32700000000001,99528.02083333331
1613664287815,2021-02-18T16:05:22.313Z,88.368,99528.02083333331
1613664287854,2021-02-18T16:05:22.315Z,88.40700000000001,99528.02083333331
1613664287895,2021-02-18T16:05:22.317Z,88.448,99528.02083333331
1613664287935,2021-02-18T16:05:22.328Z,88.488,99528.02083333331
1613664287974,2021-02-18T16:05:22.331Z,88.527,99528.02083333331
1613664288015,2021-02-18T16:05:22.342Z,88.568,99528.02083333331
1613664288055,2021-02-18T16:05:22.344Z,88.60799999999999,99528.02083333331
1613664288096,2021-02-18T16:05:22.346Z,88.649,99528.02083333331
1613664288135,2021-02-18T16:05:22.358Z,88.68799999999999,99528.02083333331
1613664288175,2021-02-18T16:05:22.360Z,88.728,99528.02083333331
1613664288216,2021-02-18T16:05:22.362Z,88.76899999999999,99528.83333333331
1613664288256,2021-02-18T16:05:22.373Z,88.809,99528.83333333331
1613664288297,2021-02-18T16:05:22.375Z,88.85,99528.02083333331
1613664288336,2021-02-18T16:05:22.377Z,88.889,99528.02083333331
1613664288376,2021-02-18T16:05:22.388Z,88.929,99528.02083333331
1613664288417,2021-02-18T16:05:22.391Z,88.97,99528.02083333331
1613664288456,2021-02-18T16:05:22.402Z,89.009,99527.34895833331
1613664288497,2021-02-18T16:05:22.404Z,89.05,99527.34895833331
1613664288537,2021-02-18T16:05:22.406Z,89.09,99527.34895833331
1613664288576,2021-02-18T16:05:22.417Z,89.12899999999999,99527.34895833331
1613664288617,2021-02-18T16:05:22.420Z,89.17,99528.16145833331
1613664288657,2021-02-18T16:05:22.422Z,89.21,99528.16145833331
1613664288698,2021-02-18T16:05:22.433Z,89.251,99527.48958333331
1613664288737,2021-02-18T16:05:22.435Z,89.29,99528.16145833331
1613664288777,2021-02-18T16:05:22.437Z,89.33,99528.16145833331
1613664288818,2021-02-18T16:05:22.448Z,89.37100000000001,99527.48958333331
1613664288858,2021-02-18T16:05:22.450Z,89.411,99527.48958333331
1613664288899,2021-02-18T16:05:22.462Z,89.45200000000001,99527.48958333331
1613664288938,2021-02-18T16:05:22.465Z,89.491,99527.48958333331
1613664288988,2021-02-18T16:05:22.495Z,89.541,99527.48958333331
1613664289029,2021-02-18T16:05:22.497Z,89.58200000000001,99527.48958333331
1613664289079,2021-02-18T16:05:22.508Z,89.632,99526.83333333331
1613664289118,2021-02-18T16:05:22.510Z,89.671,99526.83333333331
1613664289159,2021-02-18T16:05:22.512Z,89.712,99527.48958333331
1613664289199,2021-02-18T16:05:22.524Z,89.75200000000001,99527.48958333331
1613664289238,2021-02-18T16:05:22.525Z,89.791,99527.48958333331
1613664289279,2021-02-18T16:05:22.527Z,89.83200000000001,99527.48958333331
1613664289319,2021-02-18T16:05:22.539Z,89.87200000000001,99527.48958333331
1613664289360,2021-02-18T16:05:22.541Z,89.913,99527.48958333331
1613664289400,2021-02-18T16:05:22.552Z,89.95299999999999,99527.48958333331
1613664289439,2021-02-18T16:05:22.555Z,89.992,99527.48958333331
1613664289480,2021-02-18T16:05:22.557Z,90.03299999999999,99527.48958333331
1613664289520,2021-02-18T16:05:22.568Z,90.073,99527.48958333331
1613664289561,2021-02-18T16:05:22.570Z,90.11399999999999,99527.48958333331
1613664289600,2021-02-18T16:05:22.573Z,90.15299999999999,99527.48958333331
1613664289640,2021-02-18T16:05:22.583Z,90.193,99527.48958333331
1613664289681,2021-02-18T16:05:22.585Z,90.234,99527.48958333331
1613664289720,2021-02-18T16:05:22.587Z,90.273,99527.48958333331
1613664289761,2021-02-18T16:05:22.599Z,90.314,99527.48958333331
1613664289801,2021-02-18T16:05:22.601Z,90.354,99527.48958333331
1613664289841,2021-02-18T16:05:22.612Z,90.39399999999999,99527.48958333331
1613664289882,2021-02-18T16:05:22.614Z,90.435,99527.48958333331
1613664289921,2021-02-18T16:05:22.617Z,90.47399999999999,99527.48958333331
1613664289962,2021-02-18T16:05:22.628Z,90.515,99527.48958333331
1613664290002,2021-02-18T16:05:22.630Z,90.555,99526.83333333331
1613664290041,2021-02-18T16:05:22.632Z,90.594,99526.83333333331
1613664290082,2021-02-18T16:05:22.644Z,90.635,99526.83333333331
1613664290122,2021-02-18T16:05:22.645Z,90.675,99526.83333333331
1613664290163,2021-02-18T16:05:22.647Z,90.71600000000001,99526.83333333331
1613664290202,2021-02-18T16:05:22.658Z,90.755,99526.83333333331
1613664290242,2021-02-18T16:05:22.661Z,90.795,99526.83333333331
1613664290283,2021-02-18T16:05:22.672Z,90.836,99526.83333333331
1613664290322,2021-02-18T16:05:22.674Z,90.875,99526.83333333331
1613664290363,2021-02-18T16:05:22.676Z,90.916,99526.83333333331
1613664290403,2021-02-18T16:05:22.688Z,90.956,99526.83333333331
1613664290443,2021-02-18T16:05:22.689Z,90.99600000000001,99526.83333333331
1613664290484,2021-02-18T16:05:22.691Z,91.037,99526.83333333331
1613664290533,2021-02-18T16:05:22.703Z,91.086,99526.83333333331
1613664290573,2021-02-18T16:05:22.705Z,91.126,99526.83333333331
1613664290614,2021-02-18T16:05:22.708Z,91.167,99526.83333333331
1613664290653,2021-02-18T16:05:22.718Z,91.206,99526.83333333331
1613664290695,2021-02-18T16:05:22.721Z,91.24799999999999,99526.83333333331
1613664290734,2021-02-18T16:05:22.733Z,91.287,99526.83333333331
1613664290774,2021-02-18T16:05:22.735Z,91.32700000000001,99527.64583333331
1613664290815,2021-02-18T16:05:22.737Z,91.368,99527.64583333331
1613664290854,2021-02-18T16:05:22.748Z,91.40700000000001,99527.64583333331
1613664290895,2021-02-18T16:05:22.750Z,91.448,99527.64583333331
1613664290935,2021-02-18T16:05:22.753Z,91.488,99526.97395833331
1613664290974,2021-02-18T16:05:22.763Z,91.527,99526.97395833331
1613664291015,2021-02-18T16:05:22.766Z,91.568,99527.64583333331
1613664291055,2021-02-18T16:05:22.777Z,91.60799999999999,99527.64583333331
1613664291096,2021-02-18T16:05:22.780Z,91.649,99527.64583333331
1613664291135,2021-02-18T16:05:22.781Z,91.68799999999999,99527.64583333331
1613664291175,2021-02-18T16:05:22.793Z,91.728,99526.97395833331
1613664291216,2021-02-18T16:05:22.795Z,91.76899999999999,99526.97395833331
1613664291256,2021-02-18T16:05:22.797Z,91.809,99527.64583333331
1613664291297,2021-02-18T16:05:22.808Z,91.85,99527.64583333331
1613664291336,2021-02-18T16:05:22.810Z,91.889,99527.64583333331
1613664291376,2021-02-18T16:05:22.812Z,91.929,99526.97395833331
1613664291417,2021-02-18T16:05:22.823Z,91.97,99526.97395833331
1613664291456,2021-02-18T16:05:22.826Z,92.009,99527.64583333331
1613664291497,2021-02-18T16:05:22.837Z,92.05,99527.64583333331
1613664291537,2021-02-18T16:05:22.839Z,92.09,99526.97395833331
1613664291576,2021-02-18T16:05:22.841Z,92.12899999999999,99526.97395833331
1613664291617,2021-02-18T16:05:22.853Z,92.17,99526.97395833331
1613664291657,2021-02-18T16:05:22.855Z,92.21,99526.97395833331
1613664291698,2021-02-18T16:05:22.857Z,92.251,99527.64583333331
1613664291737,2021-02-18T16:05:22.868Z,92.29,99527.64583333331
1613664291777,2021-02-18T16:05:22.870Z,92.33,99527.64583333331
1613664291818,2021-02-18T16:05:22.873Z,92.37100000000001,99527.64583333331
1613664291858,2021-02-18T16:05:22.883Z,92.411,99527.64583333331
1613664291899,2021-02-18T16:05:22.885Z,92.45200000000001,99527.64583333331
1613664291938,2021-02-18T16:05:22.897Z,92.491,99527.64583333331
1613664291978,2021-02-18T16:05:22.899Z,92.531,99527.64583333331
1613664292019,2021-02-18T16:05:22.901Z,92.572,99527.64583333331
1613664292058,2021-02-18T16:05:22.912Z,92.611,99527.64583333331
1613664292108,2021-02-18T16:05:22.915Z,92.661,99527.64583333331
1613664292149,2021-02-18T16:05:22.943Z,92.70200000000001,99527.64583333331
1613664292189,2021-02-18T16:05:22.946Z,92.742,99527.64583333331
1613664292230,2021-02-18T16:05:22.957Z,92.78299999999999,99526.97395833331
1613664292269,2021-02-18T16:05:22.959Z,92.822,99526.97395833331
1613664292309,2021-02-18T16:05:22.963Z,92.86200000000001,99526.97395833331
1613664292350,2021-02-18T16:05:22.973Z,92.90299999999999,99526.97395833331
1613664292389,2021-02-18T16:05:22.975Z,92.94200000000001,99526.97395833331
1613664292430,2021-02-18T16:05:22.977Z,92.98299999999999,99526.97395833331
1613664292470,2021-02-18T16:05:22.988Z,93.023,99526.97395833331
1613664292509,2021-02-18T16:05:22.990Z,93.06200000000001,99526.97395833331
1613664292550,2021-02-18T16:05:22.993Z,93.103,99526.97395833331
1613664292590,2021-02-18T16:05:23.003Z,93.14299999999999,99526.97395833331
1613664292631,2021-02-18T16:05:23.006Z,93.184,99526.97395833331
1613664292671,2021-02-18T16:05:23.017Z,93.22399999999999,99526.97395833331
1613664292710,2021-02-18T16:05:23.019Z,93.26299999999999,99526.97395833331
1613664292751,2021-02-18T16:05:23.021Z,93.304,99526.97395833331
1613664292791,2021-02-18T16:05:23.033Z,93.344,99526.97395833331
1613664292832,2021-02-18T16:05:23.035Z,93.385,99526.97395833331
1613664292871,2021-02-18T16:05:23.037Z,93.42399999999999,99526.97395833331
1613664292911,2021-02-18T16:05:23.048Z,93.464,99526.97395833331
1613664292952,2021-02-18T16:05:23.050Z,93.505,99526.97395833331
1613664292991,2021-02-18T16:05:23.052Z,93.544,99526.97395833331
1613664293032,2021-02-18T16:05:23.063Z,93.585,99526.97395833331
1613664293072,2021-02-18T16:05:23.065Z,93.625,99526.97395833331
1613664293111,2021-02-18T16:05:23.068Z,93.664,99526.30989583331
1613664293153,2021-02-18T16:05:23.078Z,93.706,99526.30989583331
1613664293192,2021-02-18T16:05:23.081Z,93.745,99526.30989583331
1613664293242,2021-02-18T16:05:23.094Z,93.795,99526.30989583331
1613664293283,2021-02-18T16:05:23.095Z,93.836,99526.30989583331
1613664293322,2021-02-18T16:05:23.097Z,93.875,99526.30989583331
1613664293363,2021-02-18T16:05:23.108Z,93.916,99526.30989583331
1613664293403,2021-02-18T16:05:23.111Z,93.956,99526.97395833331
1613664293443,2021-02-18T16:05:23.122Z,93.99600000000001,99526.97395833331
1613664293484,2021-02-18T16:05:23.124Z,94.037,99526.97395833331
1613664293533,2021-02-18T16:05:23.126Z,94.086,99526.97395833331
1613664293574,2021-02-18T16:05:23.139Z,94.12700000000001,99526.97395833331
1613664293624,2021-02-18T16:05:23.140Z,94.177,99526.97395833331
1613664293664,2021-02-18T16:05:23.142Z,94.21700000000001,99526.97395833331
1613664293703,2021-02-18T16:05:23.153Z,94.256,99526.97395833331
1613664293744,2021-02-18T16:05:23.155Z,94.29700000000001,99526.97395833331
1613664293784,2021-02-18T16:05:23.157Z,94.337,99526.30989583331
1613664293825,2021-02-18T16:05:23.168Z,94.37799999999999,99526.30989583331
1613664293864,2021-02-18T16:05:23.171Z,94.417,99526.30989583331
1613664293904,2021-02-18T16:05:23.182Z,94.45700000000001,99526.30989583331
1613664293945,2021-02-18T16:05:23.184Z,94.49799999999999,99526.30989583331
1613664293985,2021-02-18T16:05:23.186Z,94.538,99526.30989583331
1613664294026,2021-02-18T16:05:23.198Z,94.579,99525.64583333331
1613664294065,2021-02-18T16:05:23.200Z,94.618,99525.64583333331
1613664294105,2021-02-18T16:05:23.202Z,94.65799999999999,99525.64583333331
1613664294146,2021-02-18T16:05:23.213Z,94.699,99525.64583333331
1613664294185,2021-02-18T16:05:23.215Z,94.738,99525.64583333331
1613664294226,2021-02-18T16:05:23.217Z,94.779,99525.64583333331
1613664294266,2021-02-18T16:05:23.229Z,94.819,99525.64583333331
1613664294305,2021-02-18T16:05:23.231Z,94.85799999999999,99525.64583333331
1613664294346,2021-02-18T16:05:23.243Z,94.899,99525.64583333331
1613664294386,2021-02-18T16:05:23.245Z,94.939,99525.64583333331
1613664294427,2021-02-18T16:05:23.247Z,94.98,99525.64583333331
1613664294466,2021-02-18T16:05:23.258Z,95.01899999999999,99525.64583333331
1613664294506,2021-02-18T16:05:23.260Z,95.059,99525.64583333331
1613664294547,2021-02-18T16:05:23.263Z,95.1,99525.64583333331
1613664294587,2021-02-18T16:05:23.273Z,95.14,99524.97395833331
1613664294628,2021-02-18T16:05:23.275Z,95.181,99524.97395833331
1613664294667,2021-02-18T16:05:23.287Z,95.22,99524.97395833331
1613664294707,2021-02-18T16:05:23.289Z,95.26,99524.97395833331
1613664294748,2021-02-18T16:05:23.291Z,95.301,99524.97395833331
1613664294787,2021-02-18T16:05:23.302Z,95.34,99524.97395833331
1613664294828,2021-02-18T16:05:23.306Z,95.381,99524.97395833331
1613664294868,2021-02-18T16:05:23.307Z,95.421,99524.97395833331
1613664294907,2021-02-18T16:05:23.318Z,95.46,99524.97395833331
1613664294948,2021-02-18T16:05:23.320Z,95.501,99526.48958333331
1613664294998,2021-02-18T16:05:23.323Z,95.551,99526.48958333331
1613664295048,2021-02-18T16:05:23.356Z,95.601,99526.48958333331
1613664295089,2021-02-18T16:05:23.356Z,95.64200000000001,99526.48958333331
1613664295139,2021-02-18T16:05:23.357Z,95.69200000000001,99526.48958333331
1613664295178,2021-02-18T16:05:23.358Z,95.73100000000001,99526.48958333331
1613664295219,2021-02-18T16:05:23.358Z,95.772,99526.48958333331
1613664295259,2021-02-18T16:05:23.363Z,95.81200000000001,99526.48958333331
1613664295299,2021-02-18T16:05:23.365Z,95.852,99526.48958333331
1613664295340,2021-02-18T16:05:23.395Z,95.89299999999999,99526.48958333331
1613664295379,2021-02-18T16:05:23.397Z,95.932,99526.48958333331
1613664295420,2021-02-18T16:05:23.408Z,95.973,99526.48958333331
1613664295460,2021-02-18T16:05:23.410Z,96.01299999999999,99526.48958333331
1613664295499,2021-02-18T16:05:23.422Z,96.052,99526.48958333331
1613664295540,2021-02-18T16:05:23.424Z,96.09299999999999,99526.48958333331
1613664295580,2021-02-18T16:05:23.426Z,96.133,99526.48958333331
1613664295621,2021-02-18T16:05:23.437Z,96.17399999999999,99526.48958333331
1613664295660,2021-02-18T16:05:23.440Z,96.213,99526.48958333331
1613664295700,2021-02-18T16:05:23.442Z,96.25299999999999,99526.48958333331
1613664295741,2021-02-18T16:05:23.453Z,96.294,99525.81770833331
1613664295780,2021-02-18T16:05:23.455Z,96.333,99525.81770833331
1613664295821,2021-02-18T16:05:23.458Z,96.374,99525.81770833331
1613664295861,2021-02-18T16:05:23.469Z,96.414,99525.81770833331
1613664295901,2021-02-18T16:05:23.470Z,96.454,99526.63020833331
1613664295942,2021-02-18T16:05:23.473Z,96.495,99526.63020833331
1613664295981,2021-02-18T16:05:23.484Z,96.53399999999999,99526.63020833331
1613664296022,2021-02-18T16:05:23.487Z,96.575,99526.63020833331
1613664296062,2021-02-18T16:05:23.497Z,96.615,99526.63020833331
1613664296101,2021-02-18T16:05:23.500Z,96.654,99526.63020833331
1613664296142,2021-02-18T16:05:23.503Z,96.695,99526.63020833331
1613664296182,2021-02-18T16:05:23.513Z,96.735,99526.63020833331
1613664296223,2021-02-18T16:05:23.516Z,96.77600000000001,99526.63020833331
1613664296262,2021-02-18T16:05:23.518Z,96.815,99526.63020833331
1613664296302,2021-02-18T16:05:23.529Z,96.855,99526.63020833331
1613664296343,2021-02-18T16:05:23.531Z,96.896,99526.63020833331
1613664296382,2021-02-18T16:05:23.542Z,96.935,99526.63020833331
1613664296424,2021-02-18T16:05:23.544Z,96.977,99526.63020833331
1613664296463,2021-02-18T16:05:23.547Z,97.016,99526.63020833331
1613664296503,2021-02-18T16:05:23.558Z,97.056,99526.63020833331
1613664296544,2021-02-18T16:05:23.560Z,97.09700000000001,99526.63020833331
1613664296593,2021-02-18T16:05:23.563Z,97.146,99526.63020833331
1613664296634,2021-02-18T16:05:23.574Z,97.18700000000001,99526.63020833331
1613664296684,2021-02-18T16:05:23.576Z,97.23700000000001,99526.63020833331
1613664296724,2021-02-18T16:05:23.577Z,97.277,99526.63020833331
1613664296763,2021-02-18T16:05:23.589Z,97.316,99526.63020833331
1613664296804,2021-02-18T16:05:23.591Z,97.35700000000001,99526.63020833331
1613664296844,2021-02-18T16:05:23.602Z,97.397,99526.63020833331
1613664296885,2021-02-18T16:05:23.604Z,97.43799999999999,99526.63020833331
1613664296924,2021-02-18T16:05:23.607Z,97.477,99526.63020833331
1613664296964,2021-02-18T16:05:23.618Z,97.51700000000001,99526.63020833331
1613664297005,2021-02-18T16:05:23.620Z,97.55799999999999,99526.63020833331
1613664297045,2021-02-18T16:05:23.622Z,97.598,99526.63020833331
1613664297086,2021-02-18T16:05:23.633Z,97.639,99526.63020833331
1613664297125,2021-02-18T16:05:23.635Z,97.678,99525.95833333331
1613664297165,2021-02-18T16:05:23.637Z,97.71799999999999,99525.95833333331
1613664297206,2021-02-18T16:05:23.649Z,97.759,99525.95833333331
1613664297245,2021-02-18T16:05:23.651Z,97.79799999999999,99525.95833333331
1613664297286,2021-02-18T16:05:23.662Z,97.839,99526.77864583331
1613664297326,2021-02-18T16:05:23.664Z,97.87899999999999,99526.77864583331
1613664297365,2021-02-18T16:05:23.667Z,97.91799999999999,99526.77864583331
1613664297406,2021-02-18T16:05:23.678Z,97.959,99526.77864583331
1613664297446,2021-02-18T16:05:23.680Z,97.999,99526.77864583331
1613664297487,2021-02-18T16:05:23.683Z,98.04,99526.77864583331
1613664297527,2021-02-18T16:05:23.694Z,98.08,99525.95833333331
1613664297566,2021-02-18T16:05:23.696Z,98.119,99525.95833333331
1613664297607,2021-02-18T16:05:23.707Z,98.16,99525.95833333331
1613664297647,2021-02-18T16:05:23.709Z,98.2,99525.95833333331
1613664297688,2021-02-18T16:05:23.712Z,98.241,99525.30208333331
1613664297727,2021-02-18T16:05:23.727Z,98.28,99525.30208333331
1613664297767,2021-02-18T16:05:23.728Z,98.32,99525.30208333331
1613664297808,2021-02-18T16:05:23.728Z,98.361,99525.30208333331
1613664297847,2021-02-18T16:05:23.738Z,98.4,99526.10677083331
1613664297888,2021-02-18T16:05:23.740Z,98.441,99526.10677083331
1613664297928,2021-02-18T16:05:23.742Z,98.48100000000001,99526.10677083331
1613664297967,2021-02-18T16:05:23.754Z,98.52,99526.10677083331
1613664298008,2021-02-18T16:05:23.756Z,98.561,99526.10677083331
1613664298048,2021-02-18T16:05:23.767Z,98.601,99526.10677083331
1613664298089,2021-02-18T16:05:23.769Z,98.64200000000001,99526.10677083331
1613664298139,2021-02-18T16:05:23.772Z,98.69200000000001,99525.44270833331
1613664298178,2021-02-18T16:05:23.783Z,98.73100000000001,99525.44270833331
1613664298228,2021-02-18T16:05:23.785Z,98.781,99526.10677083331
1613664298269,2021-02-18T16:05:23.787Z,98.822,99526.10677083331
1613664298309,2021-02-18T16:05:23.798Z,98.86200000000001,99525.44270833331
1613664298350,2021-02-18T16:05:23.800Z,98.90299999999999,99525.44270833331
1613664298389,2021-02-18T16:05:23.803Z,98.94200000000001,99525.44270833331
1613664298429,2021-02-18T16:05:23.813Z,98.98200000000001,99525.44270833331
1613664298470,2021-02-18T16:05:23.843Z,99.023,99525.44270833331
1613664298509,2021-02-18T16:05:23.845Z,99.06200000000001,99525.44270833331
1613664298550,2021-02-18T16:05:23.848Z,99.103,99525.44270833331
1613664298590,2021-02-18T16:05:23.859Z,99.14299999999999,99525.44270833331
1613664298630,2021-02-18T16:05:23.860Z,99.18299999999999,99526.25520833331
1613664298671,2021-02-18T16:05:23.862Z,99.22399999999999,99526.25520833331
1613664298710,2021-02-18T16:05:23.874Z,99.26299999999999,99525.44270833331
1613664298751,2021-02-18T16:05:23.877Z,99.304,99525.44270833331
1613664298791,2021-02-18T16:05:23.887Z,99.344,99526.25520833331
1613664298830,2021-02-18T16:05:23.889Z,99.383,99526.25520833331
1613664298871,2021-02-18T16:05:23.892Z,99.42399999999999,99526.25520833331
1613664298911,2021-02-18T16:05:23.903Z,99.464,99526.25520833331
1613664298952,2021-02-18T16:05:23.905Z,99.505,99526.25520833331
1613664298991,2021-02-18T16:05:23.907Z,99.544,99526.25520833331
1613664299031,2021-02-18T16:05:23.918Z,99.584,99526.25520833331
1613664299072,2021-02-18T16:05:23.920Z,99.625,99526.25520833331
1613664299111,2021-02-18T16:05:23.922Z,99.664,99526.25520833331
1613664299153,2021-02-18T16:05:23.934Z,99.706,99526.25520833331
1613664299192,2021-02-18T16:05:23.936Z,99.745,99526.25520833331
1613664299232,2021-02-18T16:05:23.947Z,99.785,99525.58333333331
1613664299273,2021-02-18T16:05:23.949Z,99.82600000000001,99525.58333333331
1613664299312,2021-02-18T16:05:23.952Z,99.865,99525.58333333331
1613664299353,2021-02-18T16:05:23.963Z,99.906,99525.58333333331
1613664299393,2021-02-18T16:05:23.965Z,99.946,99525.58333333331
1613664299432,2021-02-18T16:05:23.967Z,99.985,99525.58333333331
1613664299473,2021-02-18T16:05:23.979Z,100.02600000000001,99525.58333333331
1613664299513,2021-02-18T16:05:23.980Z,100.066,99525.58333333331
1613664299554,2021-02-18T16:05:23.982Z,100.10700000000001,99524.92708333331
1613664299593,2021-02-18T16:05:23.993Z,100.146,99524.92708333331
1613664299634,2021-02-18T16:05:23.997Z,100.18700000000001,99524.92708333331
1613664299684,2021-02-18T16:05:24.008Z,100.23700000000001,99524.92708333331
1613664299724,2021-02-18T16:05:24.010Z,100.277,99524.92708333331
1613664299763,2021-02-18T16:05:24.012Z,100.316,99524.92708333331
1613664299804,2021-02-18T16:05:24.024Z,100.35700000000001,99524.92708333331
1613664299844,2021-02-18T16:05:24.025Z,100.397,99524.25520833331
1613664299885,2021-02-18T16:05:24.028Z,100.43799999999999,99524.25520833331
1613664299924,2021-02-18T16:05:24.039Z,100.477,99524.25520833331
1613664299964,2021-02-18T16:05:24.041Z,100.51700000000001,99524.25520833331
1613664300005,2021-02-18T16:05:24.053Z,100.55799999999999,99524.25520833331
1613664300045,2021-02-18T16:05:24.054Z,100.598,99524.25520833331
1613664300086,2021-02-18T16:05:24.057Z,100.639,99524.25520833331
1613664300125,2021-02-18T16:05:24.068Z,100.678,99524.25520833331
1613664300165,2021-02-18T16:05:24.070Z,100.71799999999999,99524.25520833331
1613664300206,2021-02-18T16:05:24.072Z,100.759,99524.25520833331
1613664300245,2021-02-18T16:05:24.084Z,100.79799999999999,99523.58333333331
1613664300286,2021-02-18T16:05:24.086Z,100.839,99523.58333333331
1613664300326,2021-02-18T16:05:24.088Z,100.87899999999999,99523.58333333331
1613664300365,2021-02-18T16:05:24.106Z,100.91799999999999,99523.58333333331
1613664300406,2021-02-18T16:05:24.107Z,100.959,99523.58333333331
1613664300446,2021-02-18T16:05:24.107Z,100.999,99523.58333333331
1613664300487,2021-02-18T16:05:24.113Z,101.04,99523.58333333331
1613664300527,2021-02-18T16:05:24.115Z,101.08,99523.58333333331
1613664300566,2021-02-18T16:05:24.127Z,101.119,99523.58333333331
1613664300607,2021-02-18T16:05:24.129Z,101.16,99523.58333333331
1613664300647,2021-02-18T16:05:24.132Z,101.2,99524.42708333331
1613664300686,2021-02-18T16:05:24.142Z,101.23899999999999,99524.42708333331
1613664300727,2021-02-18T16:05:24.145Z,101.28,99523.77083333331
1613664300767,2021-02-18T16:05:24.147Z,101.32,99523.77083333331
1613664300808,2021-02-18T16:05:24.158Z,101.361,99523.77083333331
1613664300847,2021-02-18T16:05:24.160Z,101.4,99523.77083333331
1613664300887,2021-02-18T16:05:24.162Z,101.44,99523.77083333331
1613664300928,2021-02-18T16:05:24.173Z,101.48100000000001,99523.77083333331
1613664300967,2021-02-18T16:05:24.176Z,101.52,99523.77083333331
1613664301008,2021-02-18T16:05:24.187Z,101.561,99523.77083333331
1613664301048,2021-02-18T16:05:24.189Z,101.601,99523.77083333331
1613664301089,2021-02-18T16:05:24.191Z,101.64200000000001,99523.77083333331
1613664301139,2021-02-18T16:05:24.202Z,101.69200000000001,99523.77083333331
1613664301178,2021-02-18T16:05:24.205Z,101.73100000000001,99523.77083333331
1613664301228,2021-02-18T16:05:24.208Z,101.781,99523.77083333331
1613664301269,2021-02-18T16:05:24.218Z,101.822,99522.92708333331
1613664301309,2021-02-18T16:05:24.220Z,101.86200000000001,99522.92708333331
1613664301350,2021-02-18T16:05:24.232Z,101.90299999999999,99523.77083333331
1613664301389,2021-02-18T16:05:24.234Z,101.94200000000001,99523.77083333331
1613664301429,2021-02-18T16:05:24.236Z,101.98200000000001,99522.92708333331
1613664301470,2021-02-18T16:05:24.248Z,102.023,99522.92708333331
1613664301509,2021-02-18T16:05:24.250Z,102.06200000000001,99523.77083333331
1613664301550,2021-02-18T16:05:24.253Z,102.103,99523.77083333331
1613664301590,2021-02-18T16:05:24.264Z,102.14299999999999,99523.77083333331
1613664301630,2021-02-18T16:05:24.293Z,102.18299999999999,99523.77083333331
1613664301671,2021-02-18T16:05:24.295Z,102.22399999999999,99523.77083333331
1613664301710,2021-02-18T16:05:24.297Z,102.26299999999999,99523.77083333331
1613664301750,2021-02-18T16:05:24.308Z,102.303,99523.77083333331
1613664301791,2021-02-18T16:05:24.311Z,102.344,99523.77083333331
1613664301830,2021-02-18T16:05:24.312Z,102.383,99523.77083333331
1613664301871,2021-02-18T16:05:24.324Z,102.42399999999999,99523.77083333331
1613664301911,2021-02-18T16:05:24.326Z,102.464,99523.77083333331
1613664301950,2021-02-18T16:05:24.337Z,102.50299999999999,99524.42708333331
1613664301991,2021-02-18T16:05:24.339Z,102.544,99524.42708333331
1613664302031,2021-02-18T16:05:24.342Z,102.584,99524.42708333331
1613664302072,2021-02-18T16:05:24.353Z,102.625,99524.42708333331
1613664302111,2021-02-18T16:05:24.355Z,102.664,99524.42708333331
1613664302153,2021-02-18T16:05:24.357Z,102.706,99524.42708333331
1613664302192,2021-02-18T16:05:24.369Z,102.745,99524.42708333331
1613664302232,2021-02-18T16:05:24.370Z,102.785,99524.42708333331
1613664302273,2021-02-18T16:05:24.373Z,102.82600000000001,99524.42708333331
1613664302312,2021-02-18T16:05:24.384Z,102.865,99524.42708333331
1613664302352,2021-02-18T16:05:24.386Z,102.905,99525.09895833331
1613664302393,2021-02-18T16:05:24.402Z,102.946,99525.09895833331
1613664302432,2021-02-18T16:05:24.403Z,102.985,99525.09895833331
1613664302473,2021-02-18T16:05:24.403Z,103.02600000000001,99525.09895833331
1613664302513,2021-02-18T16:05:24.413Z,103.066,99525.09895833331
1613664302552,2021-02-18T16:05:24.415Z,103.105,99525.09895833331
1613664302593,2021-02-18T16:05:24.417Z,103.146,99525.09895833331
1613664302633,2021-02-18T16:05:24.428Z,103.186,99525.09895833331
1613664302683,2021-02-18T16:05:24.431Z,103.236,99525.09895833331
1613664302724,2021-02-18T16:05:24.433Z,103.277,99524.42708333331
1613664302774,2021-02-18T16:05:24.444Z,103.32700000000001,99524.42708333331
1613664302815,2021-02-18T16:05:24.446Z,103.368,99525.09895833331
1613664302854,2021-02-18T16:05:24.457Z,103.40700000000001,99525.09895833331
1613664302894,2021-02-18T16:05:24.460Z,103.447,99524.42708333331
1613664302935,2021-02-18T16:05:24.462Z,103.488,99524.42708333331
1613664302974,2021-02-18T16:05:24.473Z,103.527,99524.42708333331
1613664303014,2021-02-18T16:05:24.475Z,103.56700000000001,99524.42708333331
1613664303055,2021-02-18T16:05:24.477Z,103.60799999999999,99525.09895833331
1613664303094,2021-02-18T16:05:24.488Z,103.647,99525.09895833331
1613664303135,2021-02-18T16:05:24.492Z,103.68799999999999,99523.58333333331
1613664303175,2021-02-18T16:05:24.502Z,103.728,99523.58333333331
1613664303215,2021-02-18T16:05:24.504Z,103.76799999999999,99523.58333333331
1613664303256,2021-02-18T16:05:24.506Z,103.809,99523.58333333331
1613664303295,2021-02-18T16:05:24.518Z,103.848,99523.58333333331
1613664303336,2021-02-18T16:05:24.520Z,103.889,99523.58333333331
1613664303376,2021-02-18T16:05:24.522Z,103.929,99523.58333333331
1613664303415,2021-02-18T16:05:24.533Z,103.96799999999999,99523.58333333331
1613664303456,2021-02-18T16:05:24.536Z,104.009,99523.58333333331
1613664303496,2021-02-18T16:05:24.537Z,104.04899999999999,99523.58333333331
1613664303537,2021-02-18T16:05:24.548Z,104.09,99523.58333333331
1613664303576,2021-02-18T16:05:24.551Z,104.12899999999999,99523.58333333331
1613664303616,2021-02-18T16:05:24.562Z,104.169,99523.58333333331
1613664303657,2021-02-18T16:05:24.564Z,104.21,99523.58333333331
1613664303696,2021-02-18T16:05:24.566Z,104.249,99523.58333333331
1613664303737,2021-02-18T16:05:24.578Z,104.29,99523.58333333331
1613664303777,2021-02-18T16:05:24.580Z,104.33,99523.58333333331
1613664303817,2021-02-18T16:05:24.582Z,104.37,99523.58333333331
1613664303858,2021-02-18T16:05:24.593Z,104.411,99523.58333333331
1613664303897,2021-02-18T16:05:24.595Z,104.45,99524.42708333331
1613664303938,2021-02-18T16:05:24.598Z,104.491,99524.42708333331
1613664303978,2021-02-18T16:05:24.608Z,104.531,99524.42708333331
1613664304017,2021-02-18T16:05:24.610Z,104.57,99524.42708333331
1613664304058,2021-02-18T16:05:24.622Z,104.611,99523.77083333331
1613664304098,2021-02-18T16:05:24.624Z,104.65100000000001,99523.77083333331
1613664304139,2021-02-18T16:05:24.626Z,104.69200000000001,99523.77083333331
1613664304178,2021-02-18T16:05:24.637Z,104.73100000000001,99523.77083333331
1613664304228,2021-02-18T16:05:24.640Z,104.781,99523.77083333331
1613664304269,2021-02-18T16:05:24.642Z,104.822,99523.77083333331
1613664304319,2021-02-18T16:05:24.653Z,104.87200000000001,99523.77083333331
1613664304359,2021-02-18T16:05:24.656Z,104.912,99523.77083333331
1613664304400,2021-02-18T16:05:24.658Z,104.95299999999999,99523.77083333331
1613664304439,2021-02-18T16:05:24.669Z,104.992,99523.77083333331
1613664304479,2021-02-18T16:05:24.671Z,105.03200000000001,99523.77083333331
1613664304520,2021-02-18T16:05:24.682Z,105.073,99523.77083333331
1613664304559,2021-02-18T16:05:24.684Z,105.11200000000001,99523.77083333331
1613664304600,2021-02-18T16:05:24.686Z,105.15299999999999,99523.77083333331
1613664304640,2021-02-18T16:05:24.697Z,105.193,99523.77083333331
1613664304679,2021-02-18T16:05:24.700Z,105.23200000000001,99523.77083333331
1613664304720,2021-02-18T16:05:24.702Z,105.273,99523.77083333331
1613664304760,2021-02-18T16:05:24.713Z,105.31299999999999,99523.77083333331
1613664304801,2021-02-18T16:05:24.743Z,105.354,99523.77083333331
1613664304841,2021-02-18T16:05:24.745Z,105.39399999999999,99523.77083333331
1613664304880,2021-02-18T16:05:24.747Z,105.43299999999999,99523.77083333331
1613664304921,2021-02-18T16:05:24.758Z,105.47399999999999,99523.77083333331
1613664304961,2021-02-18T16:05:24.761Z,105.514,99523.77083333331
1613664305002,2021-02-18T16:05:24.763Z,105.555,99524.42708333331
1613664305041,2021-02-18T16:05:24.774Z,105.594,99524.42708333331
1613664305081,2021-02-18T16:05:24.777Z,105.634,99524.42708333331
1613664305122,2021-02-18T16:05:24.788Z,105.675,99524.42708333331
1613664305161,2021-02-18T16:05:24.790Z,105.714,99525.09895833331
1613664305202,2021-02-18T16:05:24.793Z,105.755,99527.09895833331
1613664305242,2021-02-18T16:05:24.804Z,105.795,99527.09895833331
1613664305281,2021-02-18T16:05:24.805Z,105.834,99529.91145833331
1613664305322,2021-02-18T16:05:24.808Z,105.875,99529.91145833331
1613664305362,2021-02-18T16:05:24.819Z,105.915,99531.91145833331
1613664305403,2021-02-18T16:05:24.821Z,105.956,99531.91145833331
1613664305443,2021-02-18T16:05:24.832Z,105.99600000000001,99534.72395833331
1613664305482,2021-02-18T16:05:24.834Z,106.035,99534.72395833331
1613664305523,2021-02-18T16:05:24.837Z,106.07600000000001,99536.86458333331
1613664305563,2021-02-18T16:05:24.848Z,106.116,99536.86458333331
1613664305604,2021-02-18T16:05:24.850Z,106.15700000000001,99540.38020833331
1613664305643,2021-02-18T16:05:24.852Z,106.196,99540.38020833331
1613664305683,2021-02-18T16:05:24.863Z,106.236,99539.03645833331
1613664305724,2021-02-18T16:05:24.865Z,106.277,99539.03645833331
1613664305774,2021-02-18T16:05:24.868Z,106.32700000000001,99538.38020833331
1613664305815,2021-02-18T16:05:24.878Z,106.368,99538.38020833331
1613664305864,2021-02-18T16:05:24.881Z,106.417,99536.20052083331
1613664305904,2021-02-18T16:05:24.892Z,106.45700000000001,99535.53645833331
1613664305945,2021-02-18T16:05:24.894Z,106.49799999999999,99535.53645833331
1613664305985,2021-02-18T16:05:24.897Z,106.538,99534.86458333331
1613664306024,2021-02-18T16:05:24.908Z,106.57700000000001,99534.86458333331
1613664306065,2021-02-18T16:05:24.910Z,106.618,99534.20052083331
1613664306105,2021-02-18T16:05:24.911Z,106.65799999999999,99534.20052083331
1613664306144,2021-02-18T16:05:24.923Z,106.697,99533.53645833331
1613664306185,2021-02-18T16:05:24.925Z,106.738,99533.53645833331
1613664306225,2021-02-18T16:05:24.927Z,106.77799999999999,99532.86458333331
1613664306266,2021-02-18T16:05:24.938Z,106.819,99532.86458333331
1613664306305,2021-02-18T16:05:24.941Z,106.85799999999999,99532.86458333331
1613664306345,2021-02-18T16:05:24.943Z,106.898,99532.86458333331
1613664306386,2021-02-18T16:05:24.953Z,106.939,99532.05208333331
1613664306425,2021-02-18T16:05:24.955Z,106.978,99532.05208333331
1613664306466,2021-02-18T16:05:24.967Z,107.01899999999999,99531.38802083331
1613664306506,2021-02-18T16:05:24.969Z,107.059,99531.38802083331
1613664306546,2021-02-18T16:05:24.971Z,107.09899999999999,99531.38802083331
1613664306587,2021-02-18T16:05:24.982Z,107.14,99531.38802083331
1613664306626,2021-02-18T16:05:24.985Z,107.179,99531.38802083331
1613664306667,2021-02-18T16:05:24.987Z,107.22,99531.38802083331
1613664306707,2021-02-18T16:05:24.998Z,107.26,99530.72395833331
