epoch (ms),time (-07:00),elapsed (s),X-Axis (deg/s),Y-Axis (deg/s),Z-Axis (deg/s)
1613781561507,2021-02-20T00:40:16.418Z,-0.383,-0.9784457683563232,-0.26091888546943665,-0.0014180360594764352
1613781561546,2021-02-20T00:40:16.419Z,-0.344,-1.9540555477142334,-0.26091888546943665,-0.06239364668726921
1613781561586,2021-02-20T00:40:16.421Z,-0.304,-2.6247873306274414,-0.8096993565559387,-0.4282473027706146
1613781561627,2021-02-20T00:40:16.432Z,-0.263,-2.197957992553711,-1.1145774126052856,-0.36727169156074524
1613781561667,2021-02-20T00:40:16.434Z,-0.223,-3.661372661590576,-2.456040859222412,-1.0380034446716309
1613781561708,2021-02-20T00:40:16.436Z,-0.182,-0.8564946055412292,-2.15116286277771,-1.0989789962768555
1613781561747,2021-02-20T00:40:16.447Z,-0.143,-2.3199093341827393,-0.6267725825309753,-0.8550766110420227
1613781561787,2021-02-20T00:40:16.449Z,-0.103,-1.2223482131958008,-0.8096993565559387,-0.24532048404216766
1613781561828,2021-02-20T00:40:16.477Z,-0.062,0.606920063495636,-0.017016448080539703,0.3644356429576874
1613781561878,2021-02-20T00:40:16.479Z,-0.012,-1.283323884010315,-0.32189449667930603,-0.1233692616224289
1613781561919,2021-02-20T00:40:16.482Z,0.029,-0.12478730082511902,-0.19994328916072845,-0.0014180360594764352
1613781561968,2021-02-20T00:40:16.493Z,0.078,-2.0760068893432617,0.5927396416664124,0.303460031747818
1613781562008,2021-02-20T00:40:16.496Z,0.118,-2.502835988998413,0.04395916312932968,0.12053318321704865
1613781562047,2021-02-20T00:40:16.506Z,0.157,0.6678956747055054,-0.19994328916072845,-0.1233692616224289
1613781562088,2021-02-20T00:40:16.508Z,0.198,-0.42966535687446594,0.04395916312932968,-0.1233692616224289
1613781562128,2021-02-20T00:40:16.511Z,0.238,-0.2467385232448578,-0.565796971321106,-0.06239364668726921
1613781562169,2021-02-20T00:40:16.522Z,0.279,-0.6735677719116211,-0.5048213601112366,-0.24532048404216766
1613781562209,2021-02-20T00:40:16.524Z,0.319,-0.6735677719116211,-0.07799205929040909,-0.489222913980484
1613781562248,2021-02-20T00:40:16.526Z,0.358,-0.6735677719116211,0.10493477433919907,0.12053318321704865
1613781562289,2021-02-20T00:40:16.538Z,0.399,-1.100396990776062,-0.19994328916072845,0.303460031747818
1613781562329,2021-02-20T00:40:16.540Z,0.439,-0.36868974566459656,-0.32189449667930603,0.12053318321704865
1613781562370,2021-02-20T00:40:16.542Z,0.48,-1.1613726615905762,0.47078844904899597,-0.06239364668726921
1613781562409,2021-02-20T00:40:16.553Z,0.519,-0.36868974566459656,-0.13896767795085907,-0.30629608035087585
1613781562449,2021-02-20T00:40:16.556Z,0.559,-0.9174702167510986,-0.32189449667930603,0.05955757573246956
1613781562490,2021-02-20T00:40:16.566Z,0.6,-0.6735677719116211,-0.13896767795085907,-0.06239364668726921
1613781562529,2021-02-20T00:40:16.568Z,0.639,-0.7345433831214905,-0.19994328916072845,-0.1233692616224289
1613781562570,2021-02-20T00:40:16.570Z,0.68,-1.3442994356155396,-0.4438457190990448,-0.1233692616224289
1613781562610,2021-02-20T00:40:16.582Z,0.72,-1.6491775512695312,-0.4438457190990448,-0.06239364668726921
1613781562649,2021-02-20T00:40:16.584Z,0.759,-0.2467385232448578,-0.6877481937408447,0.12053318321704865
1613781562690,2021-02-20T00:40:16.586Z,0.8,-1.4052751064300537,0.04395916312932968,-0.06239364668726921
1613781562730,2021-02-20T00:40:16.597Z,0.84,0.1800907552242279,-0.19994328916072845,-0.1233692616224289
1613781562771,2021-02-20T00:40:16.600Z,0.881,-0.2467385232448578,0.16591037809848785,-0.06239364668726921
1613781562811,2021-02-20T00:40:16.602Z,0.921,0.058139536529779434,-0.017016448080539703,-0.1233692616224289
1613781562850,2021-02-20T00:40:16.612Z,0.96,-0.9784457683563232,-0.017016448080539703,-0.1233692616224289
1613781562891,2021-02-20T00:40:16.615Z,1.001,-0.6735677719116211,0.10493477433919907,-0.0014180360594764352
1613781562931,2021-02-20T00:40:16.626Z,1.041,-0.5516165494918823,-0.26091888546943665,0.12053318321704865
1613781562972,2021-02-20T00:40:16.628Z,1.082,-0.6125921607017517,-0.32189449667930603,-0.06239364668726921
1613781563011,2021-02-20T00:40:16.630Z,1.121,-1.0394214391708374,-0.32189449667930603,-0.18434487283229828
1613781563051,2021-02-20T00:40:16.642Z,1.161,-1.0394214391708374,-0.4438457190990448,-0.18434487283229828
1613781563092,2021-02-20T00:40:16.644Z,1.202,-0.8564946055412292,-0.3828701078891754,-0.24532048404216766
1613781563131,2021-02-20T00:40:16.646Z,1.241,-0.7345433831214905,-0.26091888546943665,-0.1233692616224289
1613781563171,2021-02-20T00:40:16.657Z,1.281,-0.8564946055412292,-0.19994328916072845,-0.06239364668726921
1613781563212,2021-02-20T00:40:16.659Z,1.322,-0.9784457683563232,-0.19994328916072845,-0.0014180360594764352
1613781563252,2021-02-20T00:40:16.662Z,1.362,-0.7955189943313599,-0.13896767795085907,-0.0014180360594764352
1613781563293,2021-02-20T00:40:16.673Z,1.403,-0.8564946055412292,-0.19994328916072845,-0.0014180360594764352
1613781563332,2021-02-20T00:40:16.675Z,1.442,-0.7955189943313599,-0.19994328916072845,-0.06239364668726921
1613781563373,2021-02-20T00:40:16.686Z,1.483,-0.6735677719116211,-0.017016448080539703,-0.1233692616224289
1613781563423,2021-02-20T00:40:16.689Z,1.533,-0.7345433831214905,-0.19994328916072845,-0.0014180360594764352
1613781563462,2021-02-20T00:40:16.691Z,1.572,-0.8564946055412292,-0.32189449667930603,-0.06239364668726921
1613781563512,2021-02-20T00:40:16.702Z,1.622,-1.1613726615905762,-0.13896767795085907,-0.1233692616224289
1613781563553,2021-02-20T00:40:16.705Z,1.663,-0.7955189943313599,-0.13896767795085907,0.05955757573246956
1613781563593,2021-02-20T00:40:16.707Z,1.703,-0.12478730082511902,-0.3828701078891754,-0.0014180360594764352
1613781563634,2021-02-20T00:40:16.717Z,1.744,-0.4906409680843353,0.16591037809848785,-0.24532048404216766
1613781563673,2021-02-20T00:40:16.720Z,1.783,-0.3077141344547272,0.04395916312932968,-0.1233692616224289
1613781563713,2021-02-20T00:40:16.731Z,1.823,-0.3077141344547272,-0.19994328916072845,0.05955757573246956
1613781563754,2021-02-20T00:40:16.733Z,1.864,-0.2467385232448578,0.04395916312932968,-0.0014180360594764352
1613781563794,2021-02-20T00:40:16.735Z,1.904,-0.12478730082511902,0.16591037809848785,-0.0014180360594764352
1613781563833,2021-02-20T00:40:16.748Z,1.943,-0.002836074912920594,0.10493477433919907,0.05955757573246956
1613781563874,2021-02-20T00:40:16.749Z,1.984,0.1800907552242279,0.2878616154193878,0.12053318321704865
1613781563914,2021-02-20T00:40:16.751Z,2.024,0.058139536529779434,0.22688598930835724,0.05955757573246956
1613781563955,2021-02-20T00:40:16.762Z,2.065,0.36301758885383606,0.22688598930835724,0.12053318321704865
1613781563994,2021-02-20T00:40:16.765Z,2.104,0.2410663664340973,0.22688598930835724,0.12053318321704865
1613781564034,2021-02-20T00:40:16.767Z,2.144,0.2410663664340973,0.22688598930835724,0.05955757573246956
1613781564075,2021-02-20T00:40:16.777Z,2.185,0.42399320006370544,0.3488372266292572,-0.0014180360594764352
1613781564114,2021-02-20T00:40:16.780Z,2.224,0.3020419776439667,0.16591037809848785,0.05955757573246956
1613781564155,2021-02-20T00:40:16.792Z,2.265,0.3020419776439667,0.22688598930835724,0.12053318321704865
1613781564195,2021-02-20T00:40:16.794Z,2.305,0.48496881127357483,0.16591037809848785,0.05955757573246956
1613781564234,2021-02-20T00:40:16.796Z,2.344,0.36301758885383606,0.22688598930835724,0.05955757573246956
1613781564275,2021-02-20T00:40:16.807Z,2.385,0.2410663664340973,0.22688598930835724,0.05955757573246956
1613781564315,2021-02-20T00:40:16.810Z,2.425,0.36301758885383606,0.16591037809848785,0.12053318321704865
1613781564356,2021-02-20T00:40:16.812Z,2.466,0.1800907552242279,0.16591037809848785,-0.0014180360594764352
1613781564396,2021-02-20T00:40:16.823Z,2.506,0.36301758885383606,0.22688598930835724,0.12053318321704865
1613781564435,2021-02-20T00:40:16.825Z,2.545,0.42399320006370544,-0.017016448080539703,0.05955757573246956
1613781564476,2021-02-20T00:40:16.836Z,2.586,0.11911514401435852,0.4098128378391266,0.12053318321704865
1613781564516,2021-02-20T00:40:16.838Z,2.626,-0.42966535687446594,-0.017016448080539703,-0.06239364668726921
1613781564557,2021-02-20T00:40:16.841Z,2.667,0.058139536529779434,-0.13896767795085907,0.05955757573246956
1613781564596,2021-02-20T00:40:16.851Z,2.706,0.36301758885383606,-0.19994328916072845,0.12053318321704865
1613781564636,2021-02-20T00:40:16.854Z,2.746,-0.4906409680843353,0.04395916312932968,-0.18434487283229828
1613781564677,2021-02-20T00:40:16.859Z,2.787,-0.3077141344547272,-0.19994328916072845,-0.0014180360594764352
1613781564716,2021-02-20T00:40:16.867Z,2.826,-0.7955189943313599,-0.017016448080539703,0.05955757573246956
1613781564756,2021-02-20T00:40:16.869Z,2.866,-0.9174702167510986,-0.3828701078891754,-0.0014180360594764352
1613781564797,2021-02-20T00:40:16.872Z,2.907,-0.9174702167510986,-0.4438457190990448,-0.06239364668726921
1613781564836,2021-02-20T00:40:16.883Z,2.946,-0.8564946055412292,-0.5048213601112366,-0.06239364668726921
1613781564878,2021-02-20T00:40:16.885Z,2.988,-0.9784457683563232,-0.19994328916072845,-0.0014180360594764352
1613781564917,2021-02-20T00:40:16.896Z,3.027,-1.1613726615905762,-0.4438457190990448,-0.1233692616224289
1613781564967,2021-02-20T00:40:16.898Z,3.077,-1.1613726615905762,-0.32189449667930603,-0.06239364668726921
1613781565008,2021-02-20T00:40:16.927Z,3.118,-1.0394214391708374,-0.5048213601112366,-0.18434487283229828
1613781565058,2021-02-20T00:40:16.930Z,3.168,-0.9174702167510986,-0.3828701078891754,-0.06239364668726921
1613781565097,2021-02-20T00:40:16.941Z,3.207,-0.9174702167510986,-0.26091888546943665,-0.1233692616224289
1613781565138,2021-02-20T00:40:16.943Z,3.248,-1.100396990776062,-0.4438457190990448,-0.1233692616224289
1613781565178,2021-02-20T00:40:16.946Z,3.288,-1.0394214391708374,-0.4438457190990448,-0.06239364668726921
1613781565219,2021-02-20T00:40:16.957Z,3.329,-0.9174702167510986,-0.13896767795085907,-0.06239364668726921
1613781565258,2021-02-20T00:40:16.959Z,3.368,-0.9174702167510986,-0.19994328916072845,-0.1233692616224289
1613781565298,2021-02-20T00:40:16.961Z,3.408,-0.8564946055412292,-0.32189449667930603,-0.06239364668726921
1613781565339,2021-02-20T00:40:16.973Z,3.449,-0.7955189943313599,-0.26091888546943665,-0.0014180360594764352
1613781565378,2021-02-20T00:40:16.975Z,3.488,-0.9174702167510986,-0.26091888546943665,-0.0014180360594764352
1613781565418,2021-02-20T00:40:16.977Z,3.528,-0.7955189943313599,-0.19994328916072845,-0.06239364668726921
1613781565459,2021-02-20T00:40:16.988Z,3.569,-0.6735677719116211,-0.26091888546943665,-0.06239364668726921
1613781565499,2021-02-20T00:40:16.990Z,3.609,-0.5516165494918823,-0.13896767795085907,-0.1233692616224289
1613781565540,2021-02-20T00:40:17.001Z,3.65,-0.9784457683563232,-0.26091888546943665,-0.18434487283229828
1613781565579,2021-02-20T00:40:17.003Z,3.689,-1.1613726615905762,-0.5048213601112366,0.05955757573246956
1613781565619,2021-02-20T00:40:17.007Z,3.729,-0.06381168961524963,-0.32189449667930603,-0.06239364668726921
1613781565660,2021-02-20T00:40:17.017Z,3.77,-1.1613726615905762,0.04395916312932968,-0.24532048404216766
1613781565699,2021-02-20T00:40:17.019Z,3.809,-0.4906409680843353,-0.3828701078891754,-0.24532048404216766
1613781565740,2021-02-20T00:40:17.021Z,3.85,-0.6125921607017517,-0.19994328916072845,-0.0014180360594764352
1613781565780,2021-02-20T00:40:17.032Z,3.89,-0.6735677719116211,-0.32189449667930603,-0.1233692616224289
1613781565819,2021-02-20T00:40:17.035Z,3.929,-0.6735677719116211,-0.19994328916072845,-0.0014180360594764352
1613781565860,2021-02-20T00:40:17.037Z,3.97,-0.42966535687446594,-0.19994328916072845,-0.06239364668726921
1613781565900,2021-02-20T00:40:17.047Z,4.01,-0.6125921607017517,-0.017016448080539703,-0.06239364668726921
1613781565941,2021-02-20T00:40:17.051Z,4.051,-0.5516165494918823,-0.32189449667930603,-0.06239364668726921
1613781565981,2021-02-20T00:40:17.061Z,4.091,-0.6125921607017517,-0.19994328916072845,0.05955757573246956
1613781566020,2021-02-20T00:40:17.063Z,4.13,-0.6125921607017517,-0.32189449667930603,-0.06239364668726921
1613781566061,2021-02-20T00:40:17.066Z,4.171,-0.42966535687446594,-0.07799205929040909,-0.06239364668726921
1613781566101,2021-02-20T00:40:17.077Z,4.211,-0.4906409680843353,-0.19994328916072845,-0.18434487283229828
1613781566140,2021-02-20T00:40:17.081Z,4.25,-0.6735677719116211,-0.13896767795085907,0.05955757573246956
1613781566181,2021-02-20T00:40:17.082Z,4.291,-0.5516165494918823,-0.19994328916072845,0.12053318321704865
1613781566221,2021-02-20T00:40:17.092Z,4.331,-0.5516165494918823,-0.19994328916072845,-0.0014180360594764352
1613781566262,2021-02-20T00:40:17.094Z,4.372,-0.36868974566459656,-0.13896767795085907,-0.18434487283229828
1613781566301,2021-02-20T00:40:17.097Z,4.411,-0.36868974566459656,0.04395916312932968,-0.06239364668726921
1613781566341,2021-02-20T00:40:17.108Z,4.451,-0.5516165494918823,-0.13896767795085907,-0.06239364668726921
1613781566382,2021-02-20T00:40:17.109Z,4.492,-0.12478730082511902,-0.13896767795085907,-0.0014180360594764352
1613781566421,2021-02-20T00:40:17.121Z,4.531,0.058139536529779434,0.2878616154193878,0.18150879442691803
1613781566462,2021-02-20T00:40:17.123Z,4.572,-0.1857629120349884,-0.07799205929040909,0.12053318321704865
1613781566512,2021-02-20T00:40:17.125Z,4.622,0.48496881127357483,0.22688598930835724,0.05955757573246956
1613781566552,2021-02-20T00:40:17.137Z,4.662,-0.3077141344547272,0.22688598930835724,-0.0014180360594764352
1613781566602,2021-02-20T00:40:17.139Z,4.712,0.3020419776439667,-0.19994328916072845,0.18150879442691803
1613781566643,2021-02-20T00:40:17.141Z,4.753,0.5459444522857666,0.47078844904899597,-0.0014180360594764352
1613781566692,2021-02-20T00:40:17.153Z,4.802,0.36301758885383606,0.22688598930835724,-0.1233692616224289
1613781566733,2021-02-20T00:40:17.156Z,4.843,0.42399320006370544,0.04395916312932968,0.05955757573246956
1613781566783,2021-02-20T00:40:17.168Z,4.893,0.7288712859153748,0.22688598930835724,0.12053318321704865
1613781566823,2021-02-20T00:40:17.169Z,4.933,0.7288712859153748,0.47078844904899597,0.12053318321704865
1613781566862,2021-02-20T00:40:17.174Z,4.972,0.6678956747055054,0.22688598930835724,0.12053318321704865
1613781566903,2021-02-20T00:40:17.183Z,5.013,0.9727737307548523,0.3488372266292572,0.12053318321704865
1613781566943,2021-02-20T00:40:17.185Z,5.053,0.48496881127357483,0.22688598930835724,0.12053318321704865
1613781566984,2021-02-20T00:40:17.187Z,5.094,0.7288712859153748,0.22688598930835724,0.05955757573246956
1613781567024,2021-02-20T00:40:17.198Z,5.134,0.606920063495636,0.16591037809848785,0.05955757573246956
1613781567063,2021-02-20T00:40:17.200Z,5.173,0.606920063495636,0.2878616154193878,0.12053318321704865
1613781567104,2021-02-20T00:40:17.211Z,5.214,0.5459444522857666,0.22688598930835724,-0.0014180360594764352
1613781567144,2021-02-20T00:40:17.213Z,5.254,0.42399320006370544,0.16591037809848785,0.05955757573246956
1613781567185,2021-02-20T00:40:17.216Z,5.295,0.11911514401435852,0.10493477433919907,0.12053318321704865
1613781567224,2021-02-20T00:40:17.227Z,5.334,0.1800907552242279,0.10493477433919907,-0.0014180360594764352
1613781567264,2021-02-20T00:40:17.229Z,5.374,-0.002836074912920594,0.04395916312932968,-0.0014180360594764352
1613781567305,2021-02-20T00:40:17.231Z,5.415,-0.12478730082511902,0.10493477433919907,-0.06239364668726921
1613781567344,2021-02-20T00:40:17.242Z,5.454,-0.5516165494918823,-0.07799205929040909,-0.06239364668726921
1613781567385,2021-02-20T00:40:17.245Z,5.495,-1.0394214391708374,-0.26091888546943665,-0.0014180360594764352
1613781567425,2021-02-20T00:40:17.247Z,5.535,-1.0394214391708374,-0.3828701078891754,-0.06239364668726921
1613781567464,2021-02-20T00:40:17.257Z,5.574,-1.2223482131958008,-0.26091888546943665,-0.0014180360594764352
1613781567505,2021-02-20T00:40:17.260Z,5.615,-1.0394214391708374,-0.4438457190990448,-0.06239364668726921
1613781567545,2021-02-20T00:40:17.271Z,5.655,-1.283323884010315,-0.3828701078891754,-0.1233692616224289
1613781567586,2021-02-20T00:40:17.273Z,5.696,-1.8930799961090088,-0.6267725825309753,-0.1233692616224289
1613781567626,2021-02-20T00:40:17.276Z,5.736,-1.588201880455017,-0.6877481937408447,-0.1233692616224289
1613781567665,2021-02-20T00:40:17.287Z,5.775,-1.0394214391708374,-0.565796971321106,-0.06239364668726921
1613781567706,2021-02-20T00:40:17.289Z,5.816,-1.8321043252944946,-0.4438457190990448,-0.30629608035087585
1613781567746,2021-02-20T00:40:17.291Z,5.856,-1.0394214391708374,-0.565796971321106,-0.18434487283229828
1613781567787,2021-02-20T00:40:17.302Z,5.897,-0.9784457683563232,-0.32189449667930603,-0.06239364668726921
1613781567826,2021-02-20T00:40:17.305Z,5.936,-1.1613726615905762,-0.32189449667930603,-0.1233692616224289
1613781567866,2021-02-20T00:40:17.307Z,5.976,-1.283323884010315,-0.3828701078891754,-0.1233692616224289
1613781567907,2021-02-20T00:40:17.318Z,6.017,-0.9784457683563232,-0.26091888546943665,-0.06239364668726921
1613781567946,2021-02-20T00:40:17.321Z,6.056,-1.1613726615905762,-0.32189449667930603,-0.1233692616224289
1613781567986,2021-02-20T00:40:17.331Z,6.096,-0.9784457683563232,-0.3828701078891754,-0.1233692616224289
1613781568027,2021-02-20T00:40:17.333Z,6.137,-1.100396990776062,-0.19994328916072845,-0.1233692616224289
1613781568066,2021-02-20T00:40:17.335Z,6.176,-0.8564946055412292,-0.3828701078891754,-0.1233692616224289
1613781568118,2021-02-20T00:40:17.348Z,6.228,-0.8564946055412292,-0.26091888546943665,-0.06239364668726921
1613781568157,2021-02-20T00:40:17.349Z,6.267,-0.9784457683563232,-0.26091888546943665,-0.06239364668726921
1613781568207,2021-02-20T00:40:17.379Z,6.317,-0.9174702167510986,-0.26091888546943665,-0.06239364668726921
1613781568248,2021-02-20T00:40:17.382Z,6.358,-0.9174702167510986,-0.26091888546943665,-0.18434487283229828
1613781568288,2021-02-20T00:40:17.393Z,6.398,-0.7955189943313599,-0.13896767795085907,-0.1233692616224289
1613781568327,2021-02-20T00:40:17.395Z,6.437,-0.7955189943313599,-0.19994328916072845,-0.06239364668726921
1613781568368,2021-02-20T00:40:17.406Z,6.478,-0.7345433831214905,-0.26091888546943665,-0.1233692616224289
1613781568408,2021-02-20T00:40:17.408Z,6.518,-0.6735677719116211,-0.07799205929040909,-0.1233692616224289
1613781568449,2021-02-20T00:40:17.411Z,6.559,-0.7955189943313599,-0.13896767795085907,-0.0014180360594764352
1613781568488,2021-02-20T00:40:17.422Z,6.598,-0.6125921607017517,-0.19994328916072845,0.05955757573246956
1613781568528,2021-02-20T00:40:17.424Z,6.638,-0.7345433831214905,-0.32189449667930603,-0.06239364668726921
1613781568569,2021-02-20T00:40:17.426Z,6.679,-0.36868974566459656,-0.13896767795085907,-0.06239364668726921
1613781568608,2021-02-20T00:40:17.437Z,6.718,-0.9784457683563232,-0.19994328916072845,-0.1233692616224289
1613781568648,2021-02-20T00:40:17.440Z,6.758,-0.9784457683563232,-0.5048213601112366,0.05955757573246956
1613781568689,2021-02-20T00:40:17.441Z,6.799,-0.12478730082511902,-0.26091888546943665,-0.0014180360594764352
1613781568729,2021-02-20T00:40:17.453Z,6.839,-1.100396990776062,-0.07799205929040909,-0.24532048404216766
1613781568770,2021-02-20T00:40:17.455Z,6.88,-0.42966535687446594,-0.26091888546943665,-0.1233692616224289
1613781568819,2021-02-20T00:40:17.466Z,6.929,-0.4906409680843353,-0.19994328916072845,0.05955757573246956
1613781568859,2021-02-20T00:40:17.468Z,6.969,-0.6125921607017517,-0.19994328916072845,-0.1233692616224289
1613781568900,2021-02-20T00:40:17.470Z,7.01,-0.7345433831214905,-0.13896767795085907,-0.06239364668726921
1613781568940,2021-02-20T00:40:17.481Z,7.05,-0.36868974566459656,-0.19994328916072845,-0.06239364668726921
1613781568979,2021-02-20T00:40:17.484Z,7.089,-0.9784457683563232,-0.13896767795085907,-0.06239364668726921
1613781569020,2021-02-20T00:40:17.486Z,7.13,-0.36868974566459656,-0.13896767795085907,-0.0014180360594764352
1613781569060,2021-02-20T00:40:17.497Z,7.17,-0.7345433831214905,-0.07799205929040909,-0.0014180360594764352
1613781569101,2021-02-20T00:40:17.499Z,7.211,-0.42966535687446594,-0.26091888546943665,-0.06239364668726921
1613781569140,2021-02-20T00:40:17.502Z,7.25,-0.42966535687446594,0.04395916312932968,-0.06239364668726921
1613781569180,2021-02-20T00:40:17.512Z,7.29,-0.5516165494918823,-0.017016448080539703,-0.06239364668726921
1613781569221,2021-02-20T00:40:17.515Z,7.331,-0.5516165494918823,-0.13896767795085907,0.05955757573246956
1613781569260,2021-02-20T00:40:17.517Z,7.37,-0.1857629120349884,-0.017016448080539703,0.05955757573246956
1613781569301,2021-02-20T00:40:17.529Z,7.411,-0.1857629120349884,0.04395916312932968,-0.0014180360594764352
1613781569341,2021-02-20T00:40:17.531Z,7.451,-0.12478730082511902,0.10493477433919907,0.05955757573246956
1613781569380,2021-02-20T00:40:17.542Z,7.49,-0.002836074912920594,0.10493477433919907,0.05955757573246956
1613781569421,2021-02-20T00:40:17.545Z,7.531,-0.002836074912920594,0.10493477433919907,-0.0014180360594764352
1613781569461,2021-02-20T00:40:17.547Z,7.571,0.11911514401435852,0.16591037809848785,0.12053318321704865
1613781569501,2021-02-20T00:40:17.557Z,7.611,0.058139536529779434,0.3488372266292572,0.12053318321704865
1613781569542,2021-02-20T00:40:17.560Z,7.652,0.36301758885383606,0.3488372266292572,0.18150879442691803
1613781569581,2021-02-20T00:40:17.572Z,7.691,0.3020419776439667,0.04395916312932968,0.05955757573246956
1613781569622,2021-02-20T00:40:17.575Z,7.732,0.5459444522857666,0.2878616154193878,0.05955757573246956
1613781569662,2021-02-20T00:40:17.576Z,7.772,-0.2467385232448578,0.2878616154193878,-0.0014180360594764352
1613781569703,2021-02-20T00:40:17.587Z,7.813,0.3020419776439667,-0.017016448080539703,0.24248440563678741
1613781569753,2021-02-20T00:40:17.589Z,7.863,1.0947248935699463,0.2878616154193878,0.18150879442691803
1613781569792,2021-02-20T00:40:17.591Z,7.902,0.3020419776439667,0.3488372266292572,-0.1233692616224289
1613781569842,2021-02-20T00:40:17.603Z,7.952,0.5459444522857666,0.10493477433919907,0.18150879442691803
1613781569883,2021-02-20T00:40:17.605Z,7.993,0.9727737307548523,0.4098128378391266,0.18150879442691803
1613781569922,2021-02-20T00:40:17.616Z,8.032,0.9727737307548523,0.2878616154193878,0.05955757573246956
1613781569963,2021-02-20T00:40:17.618Z,8.073,0.606920063495636,0.22688598930835724,-0.0014180360594764352
1613781570003,2021-02-20T00:40:17.620Z,8.113,0.9727737307548523,0.16591037809848785,0.12053318321704865
1613781570053,2021-02-20T00:40:17.632Z,8.163,0.42399320006370544,0.2878616154193878,0.12053318321704865
1613781570092,2021-02-20T00:40:17.634Z,8.202,0.6678956747055054,-0.017016448080539703,-0.0014180360594764352
1613781570133,2021-02-20T00:40:17.636Z,8.243,0.1800907552242279,0.22688598930835724,0.12053318321704865
1613781570173,2021-02-20T00:40:17.647Z,8.283,0.11911514401435852,0.04395916312932968,-0.0014180360594764352
1613781570214,2021-02-20T00:40:17.650Z,8.324,0.11911514401435852,0.10493477433919907,-0.0014180360594764352
1613781570253,2021-02-20T00:40:17.652Z,8.363,-0.4906409680843353,0.04395916312932968,-0.0014180360594764352
1613781570293,2021-02-20T00:40:17.664Z,8.403,-0.6125921607017517,-0.19994328916072845,-0.06239364668726921
1613781570334,2021-02-20T00:40:17.664Z,8.444,-0.9784457683563232,-0.26091888546943665,-0.06239364668726921
1613781570374,2021-02-20T00:40:17.676Z,8.484,-1.4052751064300537,-0.3828701078891754,-0.1233692616224289
1613781570415,2021-02-20T00:40:17.678Z,8.525,-1.1613726615905762,-0.4438457190990448,-0.06239364668726921
1613781570454,2021-02-20T00:40:17.683Z,8.564,-1.3442994356155396,-0.4438457190990448,-0.1233692616224289
1613781570494,2021-02-20T00:40:17.691Z,8.604,-1.3442994356155396,-0.5048213601112366,-0.24532048404216766
1613781570535,2021-02-20T00:40:17.694Z,8.645,-1.588201880455017,-0.6877481937408447,-0.1233692616224289
1613781570574,2021-02-20T00:40:17.696Z,8.684,-1.283323884010315,-0.32189449667930603,-0.0014180360594764352
1613781570615,2021-02-20T00:40:17.707Z,8.725,-1.0394214391708374,-0.4438457190990448,-0.06239364668726921
1613781570655,2021-02-20T00:40:17.709Z,8.765,-1.1613726615905762,-0.4438457190990448,-0.1233692616224289
1613781570694,2021-02-20T00:40:17.712Z,8.804,-1.77112877368927,-0.4438457190990448,-0.1233692616224289
1613781570735,2021-02-20T00:40:17.723Z,8.845,-1.588201880455017,-0.4438457190990448,-0.06239364668726921
1613781570785,2021-02-20T00:40:17.725Z,8.895,-0.8564946055412292,-0.6267725825309753,-0.06239364668726921
1613781570825,2021-02-20T00:40:17.736Z,8.935,-1.1613726615905762,-0.07799205929040909,-0.1233692616224289
1613781570866,2021-02-20T00:40:17.738Z,8.976,-1.2223482131958008,-0.3828701078891754,-0.24532048404216766
1613781570905,2021-02-20T00:40:17.740Z,9.015,-1.100396990776062,-0.5048213601112366,-0.1233692616224289
1613781570946,2021-02-20T00:40:17.751Z,9.056,-0.7955189943313599,-0.32189449667930603,-0.06239364668726921
1613781570986,2021-02-20T00:40:17.755Z,9.096,-0.9784457683563232,-0.26091888546943665,-0.18434487283229828
1613781571025,2021-02-20T00:40:17.756Z,9.135,-0.8564946055412292,-0.32189449667930603,-0.0014180360594764352
1613781571066,2021-02-20T00:40:17.767Z,9.176,-0.6735677719116211,-0.26091888546943665,-0.06239364668726921
1613781571106,2021-02-20T00:40:17.769Z,9.216,-0.9784457683563232,-0.26091888546943665,-0.1233692616224289
1613781571147,2021-02-20T00:40:17.772Z,9.257,-0.6735677719116211,-0.19994328916072845,-0.06239364668726921
1613781571187,2021-02-20T00:40:17.783Z,9.297,-0.8564946055412292,-0.13896767795085907,-0.06239364668726921
1613781571226,2021-02-20T00:40:17.785Z,9.336,-0.6735677719116211,-0.32189449667930603,-0.18434487283229828
1613781571267,2021-02-20T00:40:17.787Z,9.377,-0.6735677719116211,-0.13896767795085907,-0.1233692616224289
1613781571307,2021-02-20T00:40:17.798Z,9.417,-0.6735677719116211,-0.19994328916072845,-0.0014180360594764352
1613781571357,2021-02-20T00:40:17.827Z,9.467,-0.7345433831214905,-0.26091888546943665,-0.06239364668726921
1613781571398,2021-02-20T00:40:17.830Z,9.508,-0.6125921607017517,-0.19994328916072845,-0.06239364668726921
1613781571447,2021-02-20T00:40:17.841Z,9.557,-0.8564946055412292,-0.13896767795085907,-0.1233692616224289
1613781571487,2021-02-20T00:40:17.843Z,9.597,-0.6125921607017517,-0.19994328916072845,-0.0014180360594764352
1613781571528,2021-02-20T00:40:17.846Z,9.638,-0.6125921607017517,-0.19994328916072845,-0.06239364668726921
1613781571567,2021-02-20T00:40:17.857Z,9.677,-0.6735677719116211,-0.13896767795085907,-0.1233692616224289
1613781571608,2021-02-20T00:40:17.859Z,9.718,-0.6125921607017517,-0.13896767795085907,-0.1233692616224289
1613781571648,2021-02-20T00:40:17.861Z,9.758,-0.5516165494918823,-0.017016448080539703,-0.1233692616224289
1613781571688,2021-02-20T00:40:17.873Z,9.798,-0.42966535687446594,-0.19994328916072845,-0.0014180360594764352
1613781571729,2021-02-20T00:40:17.875Z,9.839,-0.7345433831214905,-0.13896767795085907,-0.0014180360594764352
1613781571768,2021-02-20T00:40:17.877Z,9.878,-1.283323884010315,-0.26091888546943665,-0.18434487283229828
1613781571808,2021-02-20T00:40:17.890Z,9.918,-0.7345433831214905,-0.19994328916072845,-0.06239364668726921
1613781571849,2021-02-20T00:40:17.891Z,9.959,-0.42966535687446594,-0.4438457190990448,-0.0014180360594764352
1613781571888,2021-02-20T00:40:17.902Z,9.998,-0.4906409680843353,-0.07799205929040909,-0.1233692616224289
1613781571929,2021-02-20T00:40:17.904Z,10.039,-0.6125921607017517,-0.017016448080539703,-0.24532048404216766
1613781571969,2021-02-20T00:40:17.906Z,10.079,-0.6125921607017517,-0.26091888546943665,-0.06239364668726921
1613781572008,2021-02-20T00:40:17.918Z,10.118,-0.42966535687446594,-0.13896767795085907,-0.0014180360594764352
1613781572049,2021-02-20T00:40:17.920Z,10.159,-0.42966535687446594,-0.13896767795085907,-0.06239364668726921
1613781572089,2021-02-20T00:40:17.922Z,10.199,-0.7345433831214905,-0.13896767795085907,-0.06239364668726921
1613781572130,2021-02-20T00:40:17.933Z,10.24,-0.2467385232448578,-0.13896767795085907,-0.06239364668726921
1613781572169,2021-02-20T00:40:17.935Z,10.279,-0.8564946055412292,-0.19994328916072845,-0.06239364668726921
1613781572209,2021-02-20T00:40:17.946Z,10.319,-0.1857629120349884,-0.07799205929040909,0.05955757573246956
1613781572250,2021-02-20T00:40:17.948Z,10.36,-0.7955189943313599,-0.19994328916072845,-0.0014180360594764352
1613781572290,2021-02-20T00:40:17.951Z,10.4,-0.2467385232448578,-0.19994328916072845,-0.0014180360594764352
1613781572331,2021-02-20T00:40:17.962Z,10.441,-0.42966535687446594,0.10493477433919907,-0.1233692616224289
1613781572370,2021-02-20T00:40:17.964Z,10.48,-0.4906409680843353,-0.13896767795085907,-0.06239364668726921
1613781572410,2021-02-20T00:40:17.966Z,10.52,-0.42966535687446594,-0.07799205929040909,-0.0014180360594764352
1613781572451,2021-02-20T00:40:17.978Z,10.561,-0.3077141344547272,-0.07799205929040909,-0.0014180360594764352
1613781572490,2021-02-20T00:40:17.980Z,10.6,-0.12478730082511902,0.10493477433919907,-0.06239364668726921
1613781572531,2021-02-20T00:40:17.982Z,10.641,-0.36868974566459656,0.04395916312932968,0.05955757573246956
1613781572571,2021-02-20T00:40:17.993Z,10.681,-0.002836074912920594,0.10493477433919907,-0.0014180360594764352
1613781572610,2021-02-20T00:40:17.995Z,10.72,-0.12478730082511902,0.04395916312932968,0.05955757573246956
1613781572651,2021-02-20T00:40:18.006Z,10.761,0.058139536529779434,0.16591037809848785,0.18150879442691803
1613781572691,2021-02-20T00:40:18.008Z,10.801,-0.002836074912920594,0.16591037809848785,0.12053318321704865
1613781572731,2021-02-20T00:40:18.010Z,10.841,0.1800907552242279,0.3488372266292572,0.12053318321704865
1613781572772,2021-02-20T00:40:18.022Z,10.882,0.2410663664340973,0.16591037809848785,0.12053318321704865
1613781572811,2021-02-20T00:40:18.024Z,10.921,0.2410663664340973,0.16591037809848785,0.05955757573246956
1613781572852,2021-02-20T00:40:18.026Z,10.962,-0.002836074912920594,0.10493477433919907,-0.06239364668726921
1613781572902,2021-02-20T00:40:18.038Z,11.012,0.2410663664340973,0.16591037809848785,0.12053318321704865
1613781572943,2021-02-20T00:40:18.041Z,11.053,0.7898468971252441,-0.017016448080539703,0.18150879442691803
1613781572993,2021-02-20T00:40:18.051Z,11.103,-0.002836074912920594,0.3488372266292572,-0.1233692616224289
1613781573032,2021-02-20T00:40:18.053Z,11.142,0.48496881127357483,0.16591037809848785,-0.06239364668726921
1613781573072,2021-02-20T00:40:18.056Z,11.182,0.3020419776439667,-0.017016448080539703,0.12053318321704865
1613781573113,2021-02-20T00:40:18.067Z,11.223,0.7288712859153748,0.22688598930835724,0.12053318321704865
1613781573152,2021-02-20T00:40:18.069Z,11.262,0.5459444522857666,0.16591037809848785,-0.06239364668726921
1613781573192,2021-02-20T00:40:18.071Z,11.302,0.5459444522857666,0.16591037809848785,0.05955757573246956
1613781573233,2021-02-20T00:40:18.083Z,11.343,0.7898468971252441,0.4098128378391266,0.05955757573246956
1613781573273,2021-02-20T00:40:18.085Z,11.383,0.3020419776439667,0.22688598930835724,0.05955757573246956
1613781573314,2021-02-20T00:40:18.087Z,11.424,0.606920063495636,0.22688598930835724,0.18150879442691803
1613781573353,2021-02-20T00:40:18.098Z,11.463,0.36301758885383606,0.16591037809848785,0.12053318321704865
1613781573393,2021-02-20T00:40:18.101Z,11.503,0.1800907552242279,0.16591037809848785,0.05955757573246956
1613781573434,2021-02-20T00:40:18.112Z,11.544,-0.12478730082511902,0.22688598930835724,0.05955757573246956
1613781573473,2021-02-20T00:40:18.113Z,11.583,-0.4906409680843353,-0.07799205929040909,0.05955757573246956
1613781573514,2021-02-20T00:40:18.117Z,11.624,-0.6735677719116211,-0.19994328916072845,-0.06239364668726921
1613781573554,2021-02-20T00:40:18.127Z,11.664,-1.100396990776062,-0.3828701078891754,-0.1233692616224289
1613781573593,2021-02-20T00:40:18.129Z,11.703,-1.0394214391708374,-0.5048213601112366,-0.1233692616224289
1613781573634,2021-02-20T00:40:18.131Z,11.744,-1.100396990776062,-0.5048213601112366,-0.06239364668726921
1613781573674,2021-02-20T00:40:18.142Z,11.784,-1.100396990776062,-0.565796971321106,-0.18434487283229828
1613781573715,2021-02-20T00:40:18.145Z,11.825,-1.1613726615905762,-0.3828701078891754,-0.1233692616224289
1613781573754,2021-02-20T00:40:18.147Z,11.864,-1.2223482131958008,-0.3828701078891754,-0.1233692616224289
1613781573794,2021-02-20T00:40:18.158Z,11.904,-1.100396990776062,-0.26091888546943665,-0.1233692616224289
1613781573845,2021-02-20T00:40:18.160Z,11.955,-1.100396990776062,-0.3828701078891754,-0.06239364668726921
1613781573885,2021-02-20T00:40:18.172Z,11.995,-0.8564946055412292,-0.13896767795085907,-0.06239364668726921
1613781573924,2021-02-20T00:40:18.173Z,12.034,-1.8321043252944946,-0.565796971321106,-0.18434487283229828
1613781573965,2021-02-20T00:40:18.177Z,12.075,-1.4052751064300537,-0.5048213601112366,-0.06239364668726921
1613781574005,2021-02-20T00:40:18.187Z,12.115,-0.6735677719116211,-0.4438457190990448,0.05955757573246956
1613781574046,2021-02-20T00:40:18.190Z,12.156,-1.100396990776062,-0.07799205929040909,-0.1233692616224289
1613781574086,2021-02-20T00:40:18.192Z,12.196,-1.1613726615905762,-0.3828701078891754,-0.30629608035087585
1613781574125,2021-02-20T00:40:18.202Z,12.235,-1.100396990776062,-0.565796971321106,-0.18434487283229828
1613781574166,2021-02-20T00:40:18.205Z,12.276,-0.6125921607017517,-0.07799205929040909,-0.06239364668726921
1613781574206,2021-02-20T00:40:18.208Z,12.316,-0.9784457683563232,-0.4438457190990448,-0.18434487283229828
1613781574247,2021-02-20T00:40:18.217Z,12.357,-1.100396990776062,-0.3828701078891754,-0.1233692616224289
1613781574286,2021-02-20T00:40:18.220Z,12.396,-0.6125921607017517,-0.26091888546943665,-0.0014180360594764352
1613781574326,2021-02-20T00:40:18.231Z,12.436,-1.100396990776062,-0.13896767795085907,-0.0014180360594764352
1613781574367,2021-02-20T00:40:18.233Z,12.477,-0.6125921607017517,-0.19994328916072845,-0.06239364668726921
1613781574417,2021-02-20T00:40:18.237Z,12.527,-0.7955189943313599,-0.32189449667930603,-0.0014180360594764352
1613781574458,2021-02-20T00:40:18.247Z,12.568,-0.6735677719116211,-0.32189449667930603,-0.1233692616224289
1613781574507,2021-02-20T00:40:18.250Z,12.617,-0.7955189943313599,-0.13896767795085907,-0.1233692616224289
1613781574547,2021-02-20T00:40:18.279Z,12.657,-0.6735677719116211,-0.19994328916072845,-0.06239364668726921
1613781574597,2021-02-20T00:40:18.281Z,12.707,-0.7955189943313599,-0.26091888546943665,-0.1233692616224289
1613781574638,2021-02-20T00:40:18.292Z,12.748,-0.6735677719116211,-0.26091888546943665,-0.06239364668726921
1613781574677,2021-02-20T00:40:18.294Z,12.787,-0.6735677719116211,-0.19994328916072845,-0.0014180360594764352
1613781574717,2021-02-20T00:40:18.298Z,12.827,-0.6125921607017517,-0.32189449667930603,-0.1233692616224289
1613781574758,2021-02-20T00:40:18.308Z,12.868,-0.6735677719116211,-0.19994328916072845,-0.1233692616224289
1613781574797,2021-02-20T00:40:18.312Z,12.907,-0.6735677719116211,-0.19994328916072845,-0.06239364668726921
1613781574838,2021-02-20T00:40:18.315Z,12.948,-0.6735677719116211,-0.13896767795085907,-0.06239364668726921
1613781574878,2021-02-20T00:40:18.323Z,12.988,-0.6125921607017517,-0.017016448080539703,-0.0014180360594764352
1613781574918,2021-02-20T00:40:18.325Z,13.028,-0.5516165494918823,-0.26091888546943665,-0.06239364668726921
1613781574959,2021-02-20T00:40:18.336Z,13.069,-0.3077141344547272,-0.13896767795085907,-0.1233692616224289
1613781574998,2021-02-20T00:40:18.338Z,13.108,-1.100396990776062,-0.32189449667930603,-0.1233692616224289
1613781575039,2021-02-20T00:40:18.341Z,13.149,-0.7955189943313599,-0.32189449667930603,-0.0014180360594764352
1613781575079,2021-02-20T00:40:18.352Z,13.189,-0.002836074912920594,-0.32189449667930603,-0.06239364668726921
1613781575118,2021-02-20T00:40:18.354Z,13.228,-0.7955189943313599,-0.017016448080539703,-0.24532048404216766
1613781575159,2021-02-20T00:40:18.356Z,13.269,-0.3077141344547272,-0.19994328916072845,-0.18434487283229828
1613781575209,2021-02-20T00:40:18.368Z,13.319,-0.12478730082511902,0.04395916312932968,-0.0014180360594764352
1613781575249,2021-02-20T00:40:18.370Z,13.359,-0.42966535687446594,0.04395916312932968,-0.0014180360594764352
1613781575290,2021-02-20T00:40:18.381Z,13.4,-0.1857629120349884,0.04395916312932968,-0.06239364668726921
1613781575329,2021-02-20T00:40:18.384Z,13.439,0.11911514401435852,0.10493477433919907,-0.0014180360594764352
1613781575370,2021-02-20T00:40:18.386Z,13.48,-0.2467385232448578,0.16591037809848785,0.12053318321704865
1613781575410,2021-02-20T00:40:18.397Z,13.52,0.11911514401435852,0.16591037809848785,0.18150879442691803
1613781575449,2021-02-20T00:40:18.399Z,13.559,0.058139536529779434,0.2878616154193878,-0.0014180360594764352
1613781575490,2021-02-20T00:40:18.402Z,13.6,0.48496881127357483,0.2878616154193878,0.05955757573246956
1613781575530,2021-02-20T00:40:18.413Z,13.64,0.2410663664340973,0.22688598930835724,-0.06239364668726921
1613781575571,2021-02-20T00:40:18.416Z,13.681,0.48496881127357483,0.22688598930835724,0.05955757573246956
1613781575610,2021-02-20T00:40:18.426Z,13.72,0.3020419776439667,0.22688598930835724,0.12053318321704865
1613781575650,2021-02-20T00:40:18.429Z,13.76,0.3020419776439667,0.10493477433919907,0.12053318321704865
1613781575691,2021-02-20T00:40:18.431Z,13.801,0.42399320006370544,0.22688598930835724,-0.0014180360594764352
1613781575731,2021-02-20T00:40:18.442Z,13.841,0.48496881127357483,0.16591037809848785,0.24248440563678741
1613781575772,2021-02-20T00:40:18.444Z,13.882,0.42399320006370544,0.16591037809848785,0.05955757573246956
1613781575811,2021-02-20T00:40:18.447Z,13.921,0.36301758885383606,0.16591037809848785,-0.0014180360594764352
1613781575851,2021-02-20T00:40:18.458Z,13.961,0.11911514401435852,0.10493477433919907,0.05955757573246956
1613781575892,2021-02-20T00:40:18.461Z,14.002,0.058139536529779434,0.16591037809848785,0.05955757573246956
1613781575931,2021-02-20T00:40:18.462Z,14.041,-0.2467385232448578,0.04395916312932968,0.05955757573246956
1613781575972,2021-02-20T00:40:18.473Z,14.082,-0.3077141344547272,-0.26091888546943665,-0.06239364668726921
1613781576022,2021-02-20T00:40:18.476Z,14.132,-0.9174702167510986,-0.26091888546943665,-0.1233692616224289
1613781576062,2021-02-20T00:40:18.486Z,14.172,-1.2223482131958008,-0.3828701078891754,-0.0014180360594764352
1613781576111,2021-02-20T00:40:18.489Z,14.221,-0.5516165494918823,-0.6267725825309753,0.05955757573246956
1613781576152,2021-02-20T00:40:18.491Z,14.262,-1.3442994356155396,-0.07799205929040909,-0.24532048404216766
1613781576202,2021-02-20T00:40:18.502Z,14.312,-0.9174702167510986,-0.5048213601112366,-0.1233692616224289
1613781576242,2021-02-20T00:40:18.504Z,14.352,-1.1613726615905762,-0.32189449667930603,-0.06239364668726921
1613781576283,2021-02-20T00:40:18.507Z,14.393,-0.8564946055412292,-0.19994328916072845,-0.1233692616224289
1613781576322,2021-02-20T00:40:18.518Z,14.432,-0.9784457683563232,-0.3828701078891754,-0.1233692616224289
1613781576363,2021-02-20T00:40:18.520Z,14.473,-0.9174702167510986,-0.32189449667930603,-0.1233692616224289
1613781576403,2021-02-20T00:40:18.522Z,14.513,-0.5516165494918823,-0.07799205929040909,-0.0014180360594764352
1613781576442,2021-02-20T00:40:18.533Z,14.552,-1.0394214391708374,-0.26091888546943665,-0.06239364668726921
1613781576483,2021-02-20T00:40:18.536Z,14.593,-0.8564946055412292,-0.26091888546943665,-0.06239364668726921
1613781576523,2021-02-20T00:40:18.546Z,14.633,-0.8564946055412292,-0.3828701078891754,-0.1233692616224289
1613781576564,2021-02-20T00:40:18.548Z,14.674,-0.7345433831214905,-0.32189449667930603,-0.1233692616224289
1613781576604,2021-02-20T00:40:18.551Z,14.714,-0.6735677719116211,-0.07799205929040909,-0.1233692616224289
1613781576643,2021-02-20T00:40:18.562Z,14.753,-0.9784457683563232,-0.26091888546943665,-0.06239364668726921
1613781576684,2021-02-20T00:40:18.564Z,14.794,-0.7345433831214905,-0.26091888546943665,-0.06239364668726921
1613781576724,2021-02-20T00:40:18.567Z,14.834,-0.7345433831214905,-0.32189449667930603,-0.06239364668726921
1613781576763,2021-02-20T00:40:18.578Z,14.873,-0.7955189943313599,-0.26091888546943665,-0.1233692616224289
1613781576804,2021-02-20T00:40:18.580Z,14.914,-0.6735677719116211,-0.19994328916072845,-0.06239364668726921
1613781576844,2021-02-20T00:40:18.582Z,14.954,-0.7345433831214905,-0.19994328916072845,-0.0014180360594764352
1613781576885,2021-02-20T00:40:18.593Z,14.995,-0.5516165494918823,-0.26091888546943665,-0.06239364668726921
1613781576924,2021-02-20T00:40:18.596Z,15.034,-0.7345433831214905,-0.13896767795085907,-0.0014180360594764352
1613781576964,2021-02-20T00:40:18.607Z,15.074,-0.7345433831214905,-0.19994328916072845,-0.06239364668726921
1613781577005,2021-02-20T00:40:18.609Z,15.115,-0.6735677719116211,-0.19994328916072845,-0.0014180360594764352
1613781577055,2021-02-20T00:40:18.612Z,15.165,-0.4906409680843353,-0.017016448080539703,0.18150879442691803
1613781577094,2021-02-20T00:40:18.623Z,15.204,-0.4906409680843353,-0.19994328916072845,-0.1233692616224289
1613781577135,2021-02-20T00:40:18.626Z,15.245,-0.2467385232448578,-0.19994328916072845,-0.0014180360594764352
1613781577175,2021-02-20T00:40:18.636Z,15.285,-1.3442994356155396,-0.32189449667930603,-0.06239364668726921
1613781577216,2021-02-20T00:40:18.639Z,15.326,-1.100396990776062,-0.3828701078891754,0.05955757573246956
1613781577255,2021-02-20T00:40:18.641Z,15.365,-0.06381168961524963,-0.32189449667930603,-0.06239364668726921
1613781577295,2021-02-20T00:40:18.652Z,15.405,-0.9784457683563232,0.04395916312932968,-0.18434487283229828
1613781577336,2021-02-20T00:40:18.654Z,15.446,-0.4906409680843353,-0.26091888546943665,-0.1233692616224289
1613781577376,2021-02-20T00:40:18.657Z,15.486,-0.7955189943313599,-0.19994328916072845,-0.06239364668726921
1613781577417,2021-02-20T00:40:18.668Z,15.527,-0.4906409680843353,-0.19994328916072845,-0.06239364668726921
1613781577456,2021-02-20T00:40:18.670Z,15.566,-0.5516165494918823,-0.07799205929040909,-0.06239364668726921
1613781577496,2021-02-20T00:40:18.681Z,15.606,-0.36868974566459656,-0.07799205929040909,-0.06239364668726921
1613781577537,2021-02-20T00:40:18.683Z,15.647,-0.06381168961524963,0.16591037809848785,-0.0014180360594764352
1613781577576,2021-02-20T00:40:18.685Z,15.686,-0.42966535687446594,-0.017016448080539703,-0.0014180360594764352
1613781577626,2021-02-20T00:40:18.696Z,15.736,0.058139536529779434,0.22688598930835724,0.12053318321704865
1613781577667,2021-02-20T00:40:18.699Z,15.777,0.36301758885383606,0.10493477433919907,-0.0014180360594764352
1613781577717,2021-02-20T00:40:18.727Z,15.827,0.1800907552242279,0.3488372266292572,-0.0014180360594764352
1613781577756,2021-02-20T00:40:18.730Z,15.866,0.48496881127357483,0.2878616154193878,0.12053318321704865
1613781577797,2021-02-20T00:40:18.742Z,15.907,0.36301758885383606,0.16591037809848785,0.12053318321704865
1613781577837,2021-02-20T00:40:18.743Z,15.947,0.48496881127357483,0.22688598930835724,0.05955757573246956
1613781577878,2021-02-20T00:40:18.745Z,15.988,0.6678956747055054,0.3488372266292572,0.05955757573246956
1613781577918,2021-02-20T00:40:18.757Z,16.028,0.5459444522857666,0.22688598930835724,0.12053318321704865
1613781577957,2021-02-20T00:40:18.759Z,16.067,0.5459444522857666,0.04395916312932968,0.05955757573246956
1613781577998,2021-02-20T00:40:18.761Z,16.108,0.6678956747055054,0.22688598930835724,-0.0014180360594764352
1613781578038,2021-02-20T00:40:18.772Z,16.148,0.6678956747055054,0.16591037809848785,-0.0014180360594764352
1613781578079,2021-02-20T00:40:18.775Z,16.189,0.42399320006370544,0.16591037809848785,0.05955757573246956
1613781578118,2021-02-20T00:40:18.777Z,16.228,0.606920063495636,0.16591037809848785,0.05955757573246956
1613781578158,2021-02-20T00:40:18.788Z,16.268,0.42399320006370544,0.2878616154193878,0.18150879442691803
1613781578199,2021-02-20T00:40:18.793Z,16.309,0.7288712859153748,0.3488372266292572,0.18150879442691803
1613781578238,2021-02-20T00:40:18.802Z,16.348,0.6678956747055054,0.2878616154193878,0.12053318321704865
1613781578279,2021-02-20T00:40:18.805Z,16.389,0.606920063495636,0.22688598930835724,0.05955757573246956
1613781578319,2021-02-20T00:40:18.807Z,16.429,-0.3077141344547272,-0.19994328916072845,-0.06239364668726921
1613781578358,2021-02-20T00:40:18.818Z,16.468,0.11911514401435852,-0.19994328916072845,0.05955757573246956
1613781578399,2021-02-20T00:40:18.820Z,16.509,0.48496881127357483,0.04395916312932968,0.12053318321704865
1613781578439,2021-02-20T00:40:18.822Z,16.549,-0.5516165494918823,0.04395916312932968,-0.18434487283229828
1613781578480,2021-02-20T00:40:18.833Z,16.59,-0.6125921607017517,-0.4438457190990448,-0.1233692616224289
1613781578520,2021-02-20T00:40:18.837Z,16.63,-0.9784457683563232,-0.13896767795085907,0.05955757573246956
1613781578559,2021-02-20T00:40:18.846Z,16.669,-1.4662506580352783,-0.3828701078891754,-0.06239364668726921
1613781578600,2021-02-20T00:40:18.848Z,16.71,-1.0394214391708374,-0.3828701078891754,-0.0014180360594764352
1613781578640,2021-02-20T00:40:18.850Z,16.75,-1.1613726615905762,-0.3828701078891754,-0.06239364668726921
1613781578681,2021-02-20T00:40:18.862Z,16.791,-1.283323884010315,-0.565796971321106,-0.24532048404216766
1613781578720,2021-02-20T00:40:18.864Z,16.83,-1.4052751064300537,-0.4438457190990448,-0.1233692616224289
1613781578760,2021-02-20T00:40:18.866Z,16.87,-1.4052751064300537,-0.5048213601112366,-0.06239364668726921
1613781578801,2021-02-20T00:40:18.877Z,16.911,-1.3442994356155396,-0.565796971321106,-0.06239364668726921
1613781578840,2021-02-20T00:40:18.881Z,16.95,-1.2223482131958008,-0.5048213601112366,-0.1233692616224289
1613781578880,2021-02-20T00:40:18.882Z,16.99,-1.100396990776062,-0.26091888546943665,-0.1233692616224289
1613781578921,2021-02-20T00:40:18.893Z,17.031,-1.3442994356155396,-0.32189449667930603,-0.06239364668726921
1613781578961,2021-02-20T00:40:18.895Z,17.071,-1.2223482131958008,-0.4438457190990448,-0.18434487283229828
1613781579002,2021-02-20T00:40:18.906Z,17.112,-1.100396990776062,-0.3828701078891754,-0.18434487283229828
1613781579041,2021-02-20T00:40:18.908Z,17.151,-1.100396990776062,-0.26091888546943665,-0.1233692616224289
1613781579081,2021-02-20T00:40:18.910Z,17.191,-1.0394214391708374,-0.3828701078891754,-0.18434487283229828
1613781579122,2021-02-20T00:40:18.921Z,17.232,-0.9784457683563232,-0.3828701078891754,-0.06239364668726921
1613781579161,2021-02-20T00:40:18.925Z,17.271,-1.2223482131958008,-0.32189449667930603,-0.06239364668726921
1613781579212,2021-02-20T00:40:18.927Z,17.322,-0.8564946055412292,-0.13896767795085907,-0.06239364668726921
1613781579262,2021-02-20T00:40:18.938Z,17.372,-0.9784457683563232,-0.32189449667930603,-0.1233692616224289
1613781579302,2021-02-20T00:40:18.940Z,17.412,-0.7345433831214905,-0.26091888546943665,-0.1233692616224289
1613781579352,2021-02-20T00:40:18.951Z,17.462,-1.100396990776062,-0.26091888546943665,-0.06239364668726921
1613781579393,2021-02-20T00:40:18.953Z,17.503,-1.4052751064300537,-0.4438457190990448,-0.18434487283229828
1613781579432,2021-02-20T00:40:18.955Z,17.542,-1.0394214391708374,-0.4438457190990448,-0.06239364668726921
1613781579473,2021-02-20T00:40:18.967Z,17.583,-0.5516165494918823,-0.565796971321106,-0.0014180360594764352
1613781579513,2021-02-20T00:40:18.969Z,17.623,-0.6735677719116211,-0.19994328916072845,-0.18434487283229828
1613781579552,2021-02-20T00:40:18.971Z,17.662,-0.9784457683563232,-0.13896767795085907,-0.24532048404216766
1613781579593,2021-02-20T00:40:18.982Z,17.703,-0.7955189943313599,-0.32189449667930603,-0.1233692616224289
1613781579643,2021-02-20T00:40:18.986Z,17.753,-0.5516165494918823,-0.26091888546943665,0.05955757573246956
1613781579683,2021-02-20T00:40:18.997Z,17.793,-0.4906409680843353,-0.19994328916072845,-0.06239364668726921
1613781579724,2021-02-20T00:40:18.999Z,17.834,-0.6735677719116211,-0.13896767795085907,-0.1233692616224289
1613781579763,2021-02-20T00:40:19.002Z,17.873,-0.5516165494918823,-0.26091888546943665,-0.06239364668726921
1613781579804,2021-02-20T00:40:19.013Z,17.914,-0.7345433831214905,-0.26091888546943665,-0.1233692616224289
1613781579844,2021-02-20T00:40:19.015Z,17.954,-0.42966535687446594,-0.13896767795085907,-0.0014180360594764352
1613781579883,2021-02-20T00:40:19.017Z,17.993,-0.6735677719116211,-0.13896767795085907,-0.18434487283229828
1613781579924,2021-02-20T00:40:19.028Z,18.034,-0.4906409680843353,-0.19994328916072845,-0.0014180360594764352
1613781579964,2021-02-20T00:40:19.031Z,18.074,-0.42966535687446594,-0.07799205929040909,-0.0014180360594764352
1613781580005,2021-02-20T00:40:19.041Z,18.115,-0.42966535687446594,-0.017016448080539703,-0.06239364668726921
1613781580044,2021-02-20T00:40:19.043Z,18.154,-0.4906409680843353,-0.13896767795085907,-0.0014180360594764352
1613781580084,2021-02-20T00:40:19.046Z,18.194,-0.36868974566459656,-0.19994328916072845,-0.1233692616224289
1613781580125,2021-02-20T00:40:19.057Z,18.235,-0.36868974566459656,-0.07799205929040909,-0.06239364668726921
1613781580165,2021-02-20T00:40:19.060Z,18.275,-0.4906409680843353,-0.13896767795085907,-0.06239364668726921
1613781580204,2021-02-20T00:40:19.061Z,18.314,-0.36868974566459656,-0.017016448080539703,-0.06239364668726921
1613781580245,2021-02-20T00:40:19.072Z,18.355,-0.5516165494918823,0.22688598930835724,0.05955757573246956
1613781580295,2021-02-20T00:40:19.075Z,18.405,0.3020419776439667,-0.19994328916072845,0.05955757573246956
1613781580335,2021-02-20T00:40:19.077Z,18.445,0.3020419776439667,-0.19994328916072845,0.05955757573246956
1613781580376,2021-02-20T00:40:19.088Z,18.486,0.36301758885383606,-0.3828701078891754,-0.0014180360594764352
1613781580415,2021-02-20T00:40:19.090Z,18.525,0.2410663664340973,-0.3828701078891754,-0.1233692616224289
1613781580456,2021-02-20T00:40:19.102Z,18.566,-0.12478730082511902,-0.3828701078891754,-0.1233692616224289
1613781580496,2021-02-20T00:40:19.103Z,18.606,0.3020419776439667,0.04395916312932968,0.18150879442691803
1613781580535,2021-02-20T00:40:19.108Z,18.645,0.36301758885383606,-0.13896767795085907,0.18150879442691803
1613781580576,2021-02-20T00:40:19.117Z,18.686,0.42399320006370544,0.5927396416664124,-0.0014180360594764352
1613781580616,2021-02-20T00:40:19.119Z,18.726,0.42399320006370544,0.47078844904899597,-0.0014180360594764352
1613781580657,2021-02-20T00:40:19.122Z,18.767,0.606920063495636,0.2878616154193878,0.05955757573246956
1613781580696,2021-02-20T00:40:19.133Z,18.806,0.9727737307548523,0.47078844904899597,0.18150879442691803
1613781580736,2021-02-20T00:40:19.135Z,18.846,0.5459444522857666,0.3488372266292572,-0.0014180360594764352
1613781580777,2021-02-20T00:40:19.137Z,18.887,0.6678956747055054,0.47078844904899597,0.05955757573246956
1613781580816,2021-02-20T00:40:19.148Z,18.926,0.9117981195449829,0.4098128378391266,0.12053318321704865
1613781580866,2021-02-20T00:40:19.177Z,18.976,0.48496881127357483,0.4098128378391266,0.12053318321704865
1613781580907,2021-02-20T00:40:19.179Z,19.017,0.606920063495636,0.2878616154193878,-0.0014180360594764352
1613781580947,2021-02-20T00:40:19.182Z,19.057,0.2410663664340973,0.22688598930835724,0.12053318321704865
1613781580988,2021-02-20T00:40:19.193Z,19.098,0.36301758885383606,0.3488372266292572,0.05955757573246956
1613781581027,2021-02-20T00:40:19.195Z,19.137,0.606920063495636,0.2878616154193878,0.05955757573246956
1613781581067,2021-02-20T00:40:19.198Z,19.177,0.42399320006370544,0.16591037809848785,0.05955757573246956
1613781581108,2021-02-20T00:40:19.208Z,19.218,0.3020419776439667,0.22688598930835724,0.18150879442691803
1613781581148,2021-02-20T00:40:19.211Z,19.258,0.058139536529779434,0.04395916312932968,0.05955757573246956
1613781581189,2021-02-20T00:40:19.221Z,19.299,-0.002836074912920594,0.10493477433919907,0.05955757573246956
1613781581228,2021-02-20T00:40:19.224Z,19.338,-0.12478730082511902,0.10493477433919907,0.05955757573246956
1613781581268,2021-02-20T00:40:19.226Z,19.378,-0.5516165494918823,-0.07799205929040909,-0.06239364668726921
1613781581309,2021-02-20T00:40:19.237Z,19.419,-0.9784457683563232,-0.13896767795085907,0.05955757573246956
1613781581348,2021-02-20T00:40:19.239Z,19.458,-1.283323884010315,-0.3828701078891754,-0.1233692616224289
1613781581389,2021-02-20T00:40:19.242Z,19.499,-1.2223482131958008,-0.3828701078891754,-0.06239364668726921
1613781581429,2021-02-20T00:40:19.253Z,19.539,-1.3442994356155396,-0.32189449667930603,-0.06239364668726921
1613781581468,2021-02-20T00:40:19.255Z,19.578,-1.283323884010315,-0.4438457190990448,-0.06239364668726921
1613781581509,2021-02-20T00:40:19.257Z,19.619,-1.4662506580352783,-0.5048213601112366,-0.30629608035087585
1613781581549,2021-02-20T00:40:19.268Z,19.659,-1.8321043252944946,-0.565796971321106,-0.18434487283229828
1613781581599,2021-02-20T00:40:19.271Z,19.709,-1.5272263288497925,-0.6877481937408447,-0.1233692616224289
1613781581640,2021-02-20T00:40:19.282Z,19.75,-1.2223482131958008,-0.3828701078891754,-0.24532048404216766
1613781581679,2021-02-20T00:40:19.284Z,19.789,-1.7101531028747559,-0.3828701078891754,-0.30629608035087585
1613781581720,2021-02-20T00:40:19.287Z,19.83,-1.3442994356155396,-0.6877481937408447,-0.24532048404216766
1613781581760,2021-02-20T00:40:19.298Z,19.87,-0.9784457683563232,-0.32189449667930603,-0.06239364668726921
1613781581799,2021-02-20T00:40:19.300Z,19.909,-1.1613726615905762,-0.3828701078891754,-0.1233692616224289
1613781581840,2021-02-20T00:40:19.302Z,19.95,-1.3442994356155396,-0.32189449667930603,-0.18434487283229828
1613781581880,2021-02-20T00:40:19.314Z,19.99,-0.9174702167510986,-0.4438457190990448,-0.18434487283229828
1613781581921,2021-02-20T00:40:19.316Z,20.031,-1.100396990776062,-0.4438457190990448,-0.24532048404216766
1613781581961,2021-02-20T00:40:19.326Z,20.071,-0.9174702167510986,-0.32189449667930603,-0.1233692616224289
1613781582000,2021-02-20T00:40:19.328Z,20.11,-1.283323884010315,-0.26091888546943665,-0.06239364668726921
1613781582051,2021-02-20T00:40:19.331Z,20.161,-0.8564946055412292,-0.3828701078891754,-0.1233692616224289
1613781582091,2021-02-20T00:40:19.342Z,20.201,-0.9784457683563232,-0.19994328916072845,-0.06239364668726921
1613781582130,2021-02-20T00:40:19.344Z,20.24,-0.7955189943313599,-0.017016448080539703,-0.06239364668726921
1613781582171,2021-02-20T00:40:19.347Z,20.281,-0.7955189943313599,-0.26091888546943665,-0.18434487283229828
1613781582211,2021-02-20T00:40:19.358Z,20.321,-0.8564946055412292,-0.32189449667930603,-0.06239364668726921
1613781582251,2021-02-20T00:40:19.361Z,20.361,-0.6735677719116211,-0.32189449667930603,-0.06239364668726921
1613781582292,2021-02-20T00:40:19.372Z,20.402,-0.5516165494918823,-0.07799205929040909,-0.06239364668726921
1613781582333,2021-02-20T00:40:19.374Z,20.443,-0.6735677719116211,-0.26091888546943665,-0.06239364668726921
1613781582382,2021-02-20T00:40:19.377Z,20.492,-0.6125921607017517,-0.19994328916072845,-0.0014180360594764352
1613781582422,2021-02-20T00:40:19.388Z,20.532,-0.7955189943313599,0.04395916312932968,0.05955757573246956
1613781582472,2021-02-20T00:40:19.392Z,20.582,-0.4906409680843353,-0.017016448080539703,0.05955757573246956
1613781582513,2021-02-20T00:40:19.401Z,20.623,-0.7345433831214905,-0.07799205929040909,0.05955757573246956
1613781582552,2021-02-20T00:40:19.403Z,20.662,-0.9174702167510986,-0.32189449667930603,-0.18434487283229828
1613781582592,2021-02-20T00:40:19.405Z,20.702,-0.7955189943313599,-0.19994328916072845,-0.06239364668726921
1613781582633,2021-02-20T00:40:19.417Z,20.743,-0.6735677719116211,-0.3828701078891754,0.05955757573246956
1613781582672,2021-02-20T00:40:19.419Z,20.782,-0.2467385232448578,-0.017016448080539703,-0.0014180360594764352
1613781582712,2021-02-20T00:40:19.421Z,20.822,-1.0394214391708374,-0.017016448080539703,-0.18434487283229828
1613781582753,2021-02-20T00:40:19.433Z,20.863,-0.2467385232448578,-0.32189449667930603,-0.1233692616224289
1613781582793,2021-02-20T00:40:19.435Z,20.903,-0.1857629120349884,0.10493477433919907,0.12053318321704865
1613781582834,2021-02-20T00:40:19.437Z,20.944,-0.4906409680843353,-0.017016448080539703,-0.0014180360594764352
1613781582873,2021-02-20T00:40:19.448Z,20.983,-0.42966535687446594,-0.07799205929040909,-0.06239364668726921
1613781582913,2021-02-20T00:40:19.450Z,21.023,-0.002836074912920594,0.10493477433919907,0.12053318321704865
1613781582954,2021-02-20T00:40:19.461Z,21.064,-0.36868974566459656,0.10493477433919907,-0.0014180360594764352
1613781582993,2021-02-20T00:40:19.463Z,21.103,0.2410663664340973,0.04395916312932968,0.05955757573246956
1613781583034,2021-02-20T00:40:19.466Z,21.144,0.058139536529779434,0.2878616154193878,0.05955757573246956
1613781583074,2021-02-20T00:40:19.477Z,21.184,0.2410663664340973,0.10493477433919907,0.05955757573246956
1613781583113,2021-02-20T00:40:19.479Z,21.223,0.2410663664340973,0.3488372266292572,0.05955757573246956
1613781583154,2021-02-20T00:40:19.481Z,21.264,0.6678956747055054,0.22688598930835724,0.18150879442691803
1613781583194,2021-02-20T00:40:19.492Z,21.304,0.42399320006370544,0.16591037809848785,0.12053318321704865
1613781583235,2021-02-20T00:40:19.494Z,21.345,0.36301758885383606,0.22688598930835724,0.12053318321704865
1613781583274,2021-02-20T00:40:19.497Z,21.384,0.42399320006370544,0.22688598930835724,-0.0014180360594764352
1613781583314,2021-02-20T00:40:19.508Z,21.424,0.42399320006370544,0.22688598930835724,0.05955757573246956
1613781583355,2021-02-20T00:40:19.510Z,21.465,0.48496881127357483,0.16591037809848785,0.18150879442691803
1613781583395,2021-02-20T00:40:19.512Z,21.505,0.5459444522857666,0.22688598930835724,0.05955757573246956
1613781583436,2021-02-20T00:40:19.523Z,21.546,0.6678956747055054,0.2878616154193878,0.18150879442691803
1613781583475,2021-02-20T00:40:19.526Z,21.585,0.6678956747055054,0.2878616154193878,0.12053318321704865
1613781583515,2021-02-20T00:40:19.536Z,21.625,0.8508225083351135,0.2878616154193878,0.24248440563678741
1613781583556,2021-02-20T00:40:19.539Z,21.666,0.6678956747055054,0.3488372266292572,0.12053318321704865
1613781583595,2021-02-20T00:40:19.541Z,21.705,-0.36868974566459656,-0.07799205929040909,-0.0014180360594764352
1613781583636,2021-02-20T00:40:19.552Z,21.746,0.3020419776439667,-0.07799205929040909,0.12053318321704865
1613781583676,2021-02-20T00:40:19.554Z,21.786,1.0947248935699463,0.10493477433919907,0.12053318321704865
1613781583715,2021-02-20T00:40:19.557Z,21.825,0.058139536529779434,0.3488372266292572,-0.1233692616224289
1613781583756,2021-02-20T00:40:19.568Z,21.866,0.36301758885383606,0.04395916312932968,0.05955757573246956
1613781583796,2021-02-20T00:40:19.570Z,21.906,0.11911514401435852,0.16591037809848785,0.18150879442691803
1613781583836,2021-02-20T00:40:19.572Z,21.946,0.36301758885383606,-0.017016448080539703,-0.06239364668726921
1613781583877,2021-02-20T00:40:19.583Z,21.987,0.058139536529779434,0.04395916312932968,0.05955757573246956
1613781583926,2021-02-20T00:40:19.586Z,22.036,-0.002836074912920594,0.10493477433919907,0.12053318321704865
1613781583967,2021-02-20T00:40:19.596Z,22.077,-0.42966535687446594,-0.017016448080539703,0.05955757573246956
1613781584017,2021-02-20T00:40:19.599Z,22.127,-0.9174702167510986,-0.26091888546943665,-0.06239364668726921
1613781584057,2021-02-20T00:40:19.628Z,22.167,-1.100396990776062,-0.3828701078891754,-0.1233692616224289
1613781584098,2021-02-20T00:40:19.630Z,22.208,-1.2223482131958008,-0.5048213601112366,-0.1233692616224289
1613781584137,2021-02-20T00:40:19.642Z,22.247,-1.100396990776062,-0.4438457190990448,-0.1233692616224289
1613781584177,2021-02-20T00:40:19.644Z,22.287,-1.2223482131958008,-0.4438457190990448,-0.1233692616224289
1613781584218,2021-02-20T00:40:19.646Z,22.328,-1.4662506580352783,-0.565796971321106,-0.18434487283229828
1613781584257,2021-02-20T00:40:19.658Z,22.367,-1.4662506580352783,-0.565796971321106,-0.1233692616224289
1613781584298,2021-02-20T00:40:19.660Z,22.408,-1.4052751064300537,-0.5048213601112366,-0.1233692616224289
1613781584338,2021-02-20T00:40:19.662Z,22.448,-1.3442994356155396,-0.5048213601112366,-0.18434487283229828
1613781584378,2021-02-20T00:40:19.673Z,22.488,-1.4662506580352783,-0.3828701078891754,-0.18434487283229828
1613781584419,2021-02-20T00:40:19.676Z,22.529,-1.4052751064300537,-0.4438457190990448,-0.18434487283229828
1613781584458,2021-02-20T00:40:19.686Z,22.568,-1.3442994356155396,-0.32189449667930603,-0.06239364668726921
1613781584499,2021-02-20T00:40:19.688Z,22.609,-1.2223482131958008,-0.26091888546943665,-0.06239364668726921
1613781584539,2021-02-20T00:40:19.691Z,22.649,-1.2223482131958008,-0.26091888546943665,-0.1233692616224289
1613781584578,2021-02-20T00:40:19.702Z,22.688,-1.4662506580352783,-0.3828701078891754,-0.1233692616224289
1613781584619,2021-02-20T00:40:19.704Z,22.729,-1.6491775512695312,-0.5048213601112366,-0.1233692616224289
1613781584659,2021-02-20T00:40:19.706Z,22.769,-1.2223482131958008,-0.5048213601112366,-0.06239364668726921
1613781584698,2021-02-20T00:40:19.717Z,22.808,-0.9174702167510986,-0.3828701078891754,-0.18434487283229828
1613781584739,2021-02-20T00:40:19.720Z,22.849,-1.5272263288497925,-0.26091888546943665,-0.30629608035087585
1613781584779,2021-02-20T00:40:19.722Z,22.889,-0.9174702167510986,-0.565796971321106,-0.18434487283229828
1613781584820,2021-02-20T00:40:19.733Z,22.93,-0.8564946055412292,-0.26091888546943665,-0.1233692616224289
1613781584859,2021-02-20T00:40:19.736Z,22.969,-0.9174702167510986,-0.26091888546943665,-0.1233692616224289
1613781584899,2021-02-20T00:40:19.747Z,23.009,-1.100396990776062,-0.26091888546943665,-0.06239364668726921
1613781584940,2021-02-20T00:40:19.749Z,23.05,-0.7345433831214905,-0.32189449667930603,-0.06239364668726921
1613781584980,2021-02-20T00:40:19.751Z,23.09,-0.9174702167510986,-0.19994328916072845,-0.06239364668726921
1613781585021,2021-02-20T00:40:19.762Z,23.131,-0.9174702167510986,-0.26091888546943665,-0.0014180360594764352
1613781585060,2021-02-20T00:40:19.765Z,23.17,-0.9174702167510986,-0.26091888546943665,-0.0014180360594764352
1613781585110,2021-02-20T00:40:19.767Z,23.22,-0.7955189943313599,-0.19994328916072845,-0.1233692616224289
1613781585151,2021-02-20T00:40:19.778Z,23.261,-0.7955189943313599,-0.07799205929040909,-0.1233692616224289
1613781585190,2021-02-20T00:40:19.780Z,23.3,-0.8564946055412292,-0.07799205929040909,-0.06239364668726921
1613781585240,2021-02-20T00:40:19.792Z,23.35,-0.6125921607017517,-0.19994328916072845,-0.0014180360594764352
1613781585281,2021-02-20T00:40:19.794Z,23.391,-0.6735677719116211,-0.19994328916072845,-0.0014180360594764352
1613781585321,2021-02-20T00:40:19.796Z,23.431,-0.6125921607017517,-0.13896767795085907,-0.06239364668726921
1613781585360,2021-02-20T00:40:19.808Z,23.47,-0.5516165494918823,-0.19994328916072845,-0.06239364668726921
1613781585401,2021-02-20T00:40:19.810Z,23.511,-0.6125921607017517,-0.26091888546943665,-0.1233692616224289
1613781585441,2021-02-20T00:40:19.812Z,23.551,-0.5516165494918823,-0.13896767795085907,-0.06239364668726921
1613781585482,2021-02-20T00:40:19.823Z,23.592,-0.42966535687446594,-0.017016448080539703,0.05955757573246956
1613781585532,2021-02-20T00:40:19.826Z,23.642,-0.06381168961524963,0.04395916312932968,0.05955757573246956
1613781585571,2021-02-20T00:40:19.837Z,23.681,-0.1857629120349884,0.16591037809848785,0.12053318321704865
1613781585612,2021-02-20T00:40:19.839Z,23.722,0.11911514401435852,0.16591037809848785,0.05955757573246956
1613781585662,2021-02-20T00:40:19.842Z,23.772,-0.42966535687446594,0.16591037809848785,-0.0014180360594764352
1613781585702,2021-02-20T00:40:19.853Z,23.812,0.058139536529779434,0.04395916312932968,0.18150879442691803
1613781585743,2021-02-20T00:40:19.855Z,23.853,0.5459444522857666,-0.07799205929040909,0.12053318321704865
1613781585782,2021-02-20T00:40:19.857Z,23.892,0.6678956747055054,0.47078844904899597,-0.1233692616224289
1613781585822,2021-02-20T00:40:19.868Z,23.932,0.1800907552242279,0.3488372266292572,-0.06239364668726921
1613781585863,2021-02-20T00:40:19.870Z,23.973,0.5459444522857666,-0.07799205929040909,-0.0014180360594764352
1613781585902,2021-02-20T00:40:19.881Z,24.012,0.7288712859153748,0.22688598930835724,0.18150879442691803
1613781585943,2021-02-20T00:40:19.886Z,24.053,0.7288712859153748,0.2878616154193878,0.05955757573246956
1613781585983,2021-02-20T00:40:19.886Z,24.093,0.3020419776439667,0.16591037809848785,0.05955757573246956
1613781586023,2021-02-20T00:40:19.897Z,24.133,0.7288712859153748,0.2878616154193878,0.12053318321704865
1613781586064,2021-02-20T00:40:19.899Z,24.174,0.1800907552242279,0.22688598930835724,0.12053318321704865
1613781586103,2021-02-20T00:40:19.901Z,24.213,0.48496881127357483,0.10493477433919907,-0.0014180360594764352
1613781586144,2021-02-20T00:40:19.913Z,24.254,0.2410663664340973,0.22688598930835724,0.12053318321704865
1613781586184,2021-02-20T00:40:19.916Z,24.294,0.36301758885383606,0.16591037809848785,-0.0014180360594764352
1613781586223,2021-02-20T00:40:19.917Z,24.333,0.3020419776439667,0.16591037809848785,0.05955757573246956
1613781586264,2021-02-20T00:40:19.928Z,24.374,0.11911514401435852,0.4098128378391266,0.24248440563678741
1613781586304,2021-02-20T00:40:19.931Z,24.414,0.058139536529779434,0.22688598930835724,0.05955757573246956
1613781586345,2021-02-20T00:40:19.941Z,24.455,0.058139536529779434,0.16591037809848785,0.05955757573246956
1613781586384,2021-02-20T00:40:19.943Z,24.494,-0.2467385232448578,-0.017016448080539703,-0.1233692616224289
1613781586424,2021-02-20T00:40:19.945Z,24.534,-0.7345433831214905,-0.13896767795085907,-0.06239364668726921
1613781586465,2021-02-20T00:40:19.957Z,24.575,-0.8564946055412292,-0.5048213601112366,-0.1233692616224289
1613781586504,2021-02-20T00:40:19.959Z,24.614,-1.100396990776062,-0.5048213601112366,-0.06239364668726921
1613781586545,2021-02-20T00:40:19.961Z,24.655,-0.9174702167510986,-0.19994328916072845,0.05955757573246956
1613781586585,2021-02-20T00:40:19.973Z,24.695,-1.283323884010315,-0.26091888546943665,-0.1233692616224289
1613781586625,2021-02-20T00:40:19.975Z,24.735,-0.9784457683563232,-0.4438457190990448,-0.06239364668726921
1613781586666,2021-02-20T00:40:19.978Z,24.776,-1.1613726615905762,-0.19994328916072845,-0.0014180360594764352
1613781586705,2021-02-20T00:40:19.988Z,24.815,-1.588201880455017,-0.4438457190990448,-0.1233692616224289
1613781586746,2021-02-20T00:40:19.991Z,24.856,-1.283323884010315,-0.6267725825309753,-0.1233692616224289
1613781586786,2021-02-20T00:40:20.001Z,24.896,-1.1613726615905762,-0.9316505789756775,-0.1233692616224289
1613781586825,2021-02-20T00:40:20.003Z,24.935,-0.7955189943313599,-0.26091888546943665,-0.24532048404216766
1613781586866,2021-02-20T00:40:20.006Z,24.976,-1.5272263288497925,-0.4438457190990448,-0.18434487283229828
1613781586906,2021-02-20T00:40:20.017Z,25.016,-0.8564946055412292,-0.4438457190990448,-0.1233692616224289
1613781586947,2021-02-20T00:40:20.019Z,25.057,-0.6735677719116211,-0.26091888546943665,-0.1233692616224289
1613781586986,2021-02-20T00:40:20.021Z,25.096,-0.9784457683563232,-0.4438457190990448,-0.1233692616224289
1613781587026,2021-02-20T00:40:20.032Z,25.136,-1.0394214391708374,-0.3828701078891754,-0.18434487283229828
1613781587077,2021-02-20T00:40:20.035Z,25.187,-0.6125921607017517,-0.32189449667930603,-0.06239364668726921
1613781587117,2021-02-20T00:40:20.037Z,25.227,-1.2223482131958008,-0.3828701078891754,-0.18434487283229828
1613781587167,2021-02-20T00:40:20.048Z,25.277,-0.9174702167510986,-0.13896767795085907,-0.1233692616224289
1613781587208,2021-02-20T00:40:20.078Z,25.318,-0.8564946055412292,-0.32189449667930603,-0.06239364668726921
1613781587257,2021-02-20T00:40:20.080Z,25.367,-0.9784457683563232,-0.26091888546943665,-0.06239364668726921
1613781587297,2021-02-20T00:40:20.091Z,25.407,-0.9784457683563232,-0.19994328916072845,-0.06239364668726921
1613781587338,2021-02-20T00:40:20.093Z,25.448,-0.9174702167510986,-0.32189449667930603,-0.18434487283229828
1613781587378,2021-02-20T00:40:20.096Z,25.488,-0.6125921607017517,-0.32189449667930603,-0.1233692616224289
1613781587417,2021-02-20T00:40:20.106Z,25.527,-0.7955189943313599,-0.3828701078891754,-0.06239364668726921
1613781587458,2021-02-20T00:40:20.110Z,25.568,-0.9174702167510986,-0.13896767795085907,-0.0014180360594764352
1613781587498,2021-02-20T00:40:20.112Z,25.608,-0.7345433831214905,-0.26091888546943665,-0.06239364668726921
1613781587539,2021-02-20T00:40:20.123Z,25.649,-0.7955189943313599,-0.26091888546943665,-0.0014180360594764352
1613781587578,2021-02-20T00:40:20.125Z,25.688,-0.6735677719116211,-0.19994328916072845,0.05955757573246956
1613781587618,2021-02-20T00:40:20.136Z,25.728,-0.6735677719116211,-0.13896767795085907,0.05955757573246956
1613781587659,2021-02-20T00:40:20.138Z,25.769,-0.5516165494918823,-0.13896767795085907,-0.0014180360594764352
1613781587698,2021-02-20T00:40:20.141Z,25.808,-0.3077141344547272,-0.07799205929040909,-0.06239364668726921
1613781587739,2021-02-20T00:40:20.151Z,25.849,-0.5516165494918823,-0.13896767795085907,-0.06239364668726921
1613781587779,2021-02-20T00:40:20.154Z,25.889,-0.3077141344547272,-0.19994328916072845,0.18150879442691803
1613781587818,2021-02-20T00:40:20.156Z,25.928,0.5459444522857666,0.04395916312932968,-0.0014180360594764352
1613781587859,2021-02-20T00:40:20.167Z,25.969,-0.42966535687446594,0.3488372266292572,-0.1233692616224289
1613781587899,2021-02-20T00:40:20.169Z,26.009,0.48496881127357483,-0.07799205929040909,-0.0014180360594764352
1613781587939,2021-02-20T00:40:20.172Z,26.049,0.3020419776439667,0.16591037809848785,0.05955757573246956
1613781587980,2021-02-20T00:40:20.183Z,26.09,0.6678956747055054,0.2878616154193878,0.12053318321704865
1613781588019,2021-02-20T00:40:20.185Z,26.129,0.3020419776439667,0.3488372266292572,0.12053318321704865
1613781588060,2021-02-20T00:40:20.196Z,26.17,0.6678956747055054,0.2878616154193878,-0.0014180360594764352
1613781588100,2021-02-20T00:40:20.199Z,26.21,0.8508225083351135,0.2878616154193878,0.05955757573246956
1613781588139,2021-02-20T00:40:20.200Z,26.249,0.6678956747055054,0.22688598930835724,0.05955757573246956
1613781588180,2021-02-20T00:40:20.212Z,26.29,0.8508225083351135,0.22688598930835724,0.12053318321704865
1613781588220,2021-02-20T00:40:20.214Z,26.33,0.7898468971252441,0.16591037809848785,0.05955757573246956
1613781588261,2021-02-20T00:40:20.216Z,26.371,0.8508225083351135,0.22688598930835724,-0.0014180360594764352
1613781588300,2021-02-20T00:40:20.227Z,26.41,1.0337493419647217,0.2878616154193878,0.12053318321704865
1613781588340,2021-02-20T00:40:20.230Z,26.45,0.7898468971252441,0.3488372266292572,0.12053318321704865
1613781588381,2021-02-20T00:40:20.232Z,26.491,0.606920063495636,0.22688598930835724,0.05955757573246956
1613781588420,2021-02-20T00:40:20.243Z,26.53,0.5459444522857666,0.16591037809848785,0.05955757573246956
1613781588461,2021-02-20T00:40:20.245Z,26.571,0.8508225083351135,0.2878616154193878,0.12053318321704865
1613781588501,2021-02-20T00:40:20.247Z,26.611,0.3020419776439667,0.10493477433919907,-0.0014180360594764352
1613781588541,2021-02-20T00:40:20.258Z,26.651,0.3020419776439667,-0.017016448080539703,-0.0014180360594764352
1613781588582,2021-02-20T00:40:20.260Z,26.692,0.11911514401435852,0.2878616154193878,0.12053318321704865
1613781588621,2021-02-20T00:40:20.271Z,26.731,-0.1857629120349884,0.10493477433919907,0.05955757573246956
1613781588662,2021-02-20T00:40:20.273Z,26.772,-0.12478730082511902,0.10493477433919907,-0.0014180360594764352
1613781588712,2021-02-20T00:40:20.276Z,26.822,-0.12478730082511902,-0.017016448080539703,0.05955757573246956
1613781588752,2021-02-20T00:40:20.287Z,26.862,-0.7345433831214905,0.10493477433919907,-0.0014180360594764352
1613781588803,2021-02-20T00:40:20.290Z,26.913,-2.015031099319458,-0.565796971321106,-0.06239364668726921
1613781588853,2021-02-20T00:40:20.301Z,26.963,-1.4052751064300537,-0.565796971321106,0.05955757573246956
1613781588892,2021-02-20T00:40:20.303Z,27.002,-1.0394214391708374,-0.3828701078891754,-0.1233692616224289
1613781588933,2021-02-20T00:40:20.306Z,27.043,-2.0760068893432617,-0.3828701078891754,-0.30629608035087585
1613781588973,2021-02-20T00:40:20.316Z,27.083,-1.3442994356155396,-0.8096993565559387,-0.18434487283229828
1613781589012,2021-02-20T00:40:20.319Z,27.122,-1.2223482131958008,-0.4438457190990448,-0.1233692616224289
1613781589053,2021-02-20T00:40:20.321Z,27.163,-1.4662506580352783,-0.3828701078891754,-0.18434487283229828
1613781589093,2021-02-20T00:40:20.332Z,27.203,-1.283323884010315,-0.565796971321106,-0.1233692616224289
1613781589134,2021-02-20T00:40:20.334Z,27.244,-1.283323884010315,-0.5048213601112366,-0.18434487283229828
1613781589173,2021-02-20T00:40:20.337Z,27.283,-1.0394214391708374,-0.3828701078891754,-0.1233692616224289
1613781589213,2021-02-20T00:40:20.348Z,27.323,-1.283323884010315,-0.4438457190990448,-0.1233692616224289
1613781589254,2021-02-20T00:40:20.350Z,27.364,-0.9784457683563232,-0.32189449667930603,-0.18434487283229828
1613781589294,2021-02-20T00:40:20.352Z,27.404,-1.1613726615905762,-0.4438457190990448,-0.0014180360594764352
1613781589333,2021-02-20T00:40:20.363Z,27.443,-1.0394214391708374,-0.32189449667930603,-0.06239364668726921
1613781589374,2021-02-20T00:40:20.366Z,27.484,-0.9784457683563232,-0.07799205929040909,-0.06239364668726921
1613781589414,2021-02-20T00:40:20.376Z,27.524,-0.8564946055412292,-0.3828701078891754,-0.1233692616224289
1613781589455,2021-02-20T00:40:20.378Z,27.565,-0.9784457683563232,-0.3828701078891754,-0.06239364668726921
1613781589494,2021-02-20T00:40:20.381Z,27.604,-0.8564946055412292,-0.26091888546943665,-0.18434487283229828
1613781589534,2021-02-20T00:40:20.392Z,27.644,-1.0394214391708374,-0.13896767795085907,-0.06239364668726921
1613781589575,2021-02-20T00:40:20.394Z,27.685,-0.9174702167510986,-0.26091888546943665,-0.1233692616224289
1613781589614,2021-02-20T00:40:20.397Z,27.724,-0.8564946055412292,-0.32189449667930603,-0.1233692616224289
1613781589655,2021-02-20T00:40:20.408Z,27.765,-0.8564946055412292,-0.26091888546943665,-0.06239364668726921
1613781589695,2021-02-20T00:40:20.410Z,27.805,-0.8564946055412292,-0.26091888546943665,-0.0014180360594764352
1613781589734,2021-02-20T00:40:20.412Z,27.844,-0.8564946055412292,-0.13896767795085907,-0.1233692616224289
1613781589775,2021-02-20T00:40:20.423Z,27.885,-0.6125921607017517,-0.19994328916072845,-0.06239364668726921
1613781589815,2021-02-20T00:40:20.425Z,27.925,-0.7345433831214905,-0.32189449667930603,-0.1233692616224289
1613781589856,2021-02-20T00:40:20.437Z,27.966,-0.7955189943313599,-0.13896767795085907,-0.0014180360594764352
1613781589896,2021-02-20T00:40:20.438Z,28.006,-1.6491775512695312,-0.3828701078891754,-0.18434487283229828
1613781589935,2021-02-20T00:40:20.441Z,28.045,-0.9174702167510986,-0.32189449667930603,-0.06239364668726921
1613781589976,2021-02-20T00:40:20.452Z,28.086,-0.36868974566459656,-0.5048213601112366,-0.1233692616224289
1613781590016,2021-02-20T00:40:20.455Z,28.126,-0.7955189943313599,-0.017016448080539703,-0.1233692616224289
1613781590057,2021-02-20T00:40:20.457Z,28.167,-0.7955189943313599,-0.32189449667930603,-0.24532048404216766
1613781590096,2021-02-20T00:40:20.468Z,28.206,-0.9174702167510986,-0.3828701078891754,-0.0014180360594764352
1613781590136,2021-02-20T00:40:20.471Z,28.246,-0.42966535687446594,-0.19994328916072845,0.05955757573246956
1613781590177,2021-02-20T00:40:20.481Z,28.287,-0.5516165494918823,-0.13896767795085907,-0.06239364668726921
1613781590227,2021-02-20T00:40:20.483Z,28.337,-0.6735677719116211,-0.19994328916072845,-0.06239364668726921
1613781590268,2021-02-20T00:40:20.486Z,28.378,-0.4906409680843353,-0.13896767795085907,-0.06239364668726921
1613781590317,2021-02-20T00:40:20.498Z,28.427,-0.5516165494918823,-0.13896767795085907,-0.06239364668726921
1613781590357,2021-02-20T00:40:20.500Z,28.467,-0.5516165494918823,-0.13896767795085907,-0.0014180360594764352
1613781590398,2021-02-20T00:40:20.534Z,28.508,-0.2467385232448578,-0.13896767795085907,0.05955757573246956
1613781590438,2021-02-20T00:40:20.534Z,28.548,-0.12478730082511902,0.10493477433919907,-0.0014180360594764352
1613781590477,2021-02-20T00:40:20.542Z,28.587,0.1800907552242279,0.16591037809848785,-0.0014180360594764352
1613781590518,2021-02-20T00:40:20.544Z,28.628,0.11911514401435852,0.10493477433919907,0.12053318321704865
1613781590558,2021-02-20T00:40:20.546Z,28.668,0.2410663664340973,0.3488372266292572,0.12053318321704865
1613781590597,2021-02-20T00:40:20.557Z,28.707,0.2410663664340973,0.3488372266292572,0.12053318321704865
1613781590638,2021-02-20T00:40:20.560Z,28.748,0.42399320006370544,0.22688598930835724,0.05955757573246956
1613781590678,2021-02-20T00:40:20.563Z,28.788,0.42399320006370544,0.10493477433919907,0.12053318321704865
1613781590719,2021-02-20T00:40:20.573Z,28.829,0.48496881127357483,0.2878616154193878,-0.0014180360594764352
1613781590758,2021-02-20T00:40:20.575Z,28.868,0.48496881127357483,0.16591037809848785,0.12053318321704865
1613781590798,2021-02-20T00:40:20.586Z,28.908,0.5459444522857666,0.2878616154193878,0.05955757573246956
1613781590839,2021-02-20T00:40:20.589Z,28.949,0.48496881127357483,0.22688598930835724,0.12053318321704865
1613781590878,2021-02-20T00:40:20.591Z,28.988,0.5459444522857666,0.4098128378391266,0.12053318321704865
1613781590919,2021-02-20T00:40:20.601Z,29.029,0.9727737307548523,0.2878616154193878,0.24248440563678741
1613781590959,2021-02-20T00:40:20.604Z,29.069,0.7288712859153748,0.16591037809848785,0.12053318321704865
1613781590999,2021-02-20T00:40:20.606Z,29.109,0.6678956747055054,0.3488372266292572,0.12053318321704865
1613781591040,2021-02-20T00:40:20.617Z,29.15,-0.42966535687446594,-0.07799205929040909,-0.06239364668726921
1613781591079,2021-02-20T00:40:20.619Z,29.189,0.48496881127357483,0.10493477433919907,0.18150879442691803
1613781591120,2021-02-20T00:40:20.622Z,29.23,0.7898468971252441,0.10493477433919907,0.12053318321704865
1613781591160,2021-02-20T00:40:20.633Z,29.27,0.1800907552242279,0.3488372266292572,-0.0014180360594764352
1613781591199,2021-02-20T00:40:20.635Z,29.309,0.2410663664340973,0.04395916312932968,-0.06239364668726921
1613781591240,2021-02-20T00:40:20.637Z,29.35,-0.002836074912920594,0.04395916312932968,0.05955757573246956
1613781591280,2021-02-20T00:40:20.648Z,29.39,0.42399320006370544,0.10493477433919907,0.05955757573246956
1613781591321,2021-02-20T00:40:20.651Z,29.431,-0.06381168961524963,0.10493477433919907,-0.0014180360594764352
1613781591360,2021-02-20T00:40:20.662Z,29.47,-0.3077141344547272,-0.13896767795085907,-0.06239364668726921
1613781591400,2021-02-20T00:40:20.664Z,29.51,-0.1857629120349884,0.10493477433919907,0.12053318321704865
1613781591441,2021-02-20T00:40:20.666Z,29.551,-1.2223482131958008,-0.19994328916072845,-0.1233692616224289
1613781591481,2021-02-20T00:40:20.677Z,29.591,-1.1613726615905762,-0.4438457190990448,-0.06239364668726921
1613781591522,2021-02-20T00:40:20.679Z,29.632,-1.2223482131958008,-0.4438457190990448,-0.06239364668726921
1613781591561,2021-02-20T00:40:20.682Z,29.671,-1.1613726615905762,-0.6267725825309753,-0.1233692616224289
1613781591601,2021-02-20T00:40:20.693Z,29.711,-1.4662506580352783,-0.32189449667930603,-0.18434487283229828
1613781591642,2021-02-20T00:40:20.696Z,29.752,-1.4662506580352783,-0.4438457190990448,-0.06239364668726921
1613781591681,2021-02-20T00:40:20.697Z,29.791,-1.588201880455017,-0.565796971321106,-0.1233692616224289
1613781591722,2021-02-20T00:40:20.708Z,29.832,-1.2223482131958008,-0.4438457190990448,-0.1233692616224289
1613781591772,2021-02-20T00:40:20.711Z,29.882,-1.4052751064300537,-0.5048213601112366,-0.18434487283229828
1613781591813,2021-02-20T00:40:20.722Z,29.923,-1.1613726615905762,-0.32189449667930603,-0.24532048404216766
1613781591863,2021-02-20T00:40:20.727Z,29.973,-1.283323884010315,-0.32189449667930603,-0.06239364668726921
1613781591902,2021-02-20T00:40:20.728Z,30.012,-1.283323884010315,-0.3828701078891754,-0.0014180360594764352
1613781591952,2021-02-20T00:40:20.738Z,30.062,-1.100396990776062,-0.19994328916072845,-0.0014180360594764352
1613781591993,2021-02-20T00:40:20.740Z,30.103,-0.9174702167510986,-0.32189449667930603,-0.06239364668726921
1613781592033,2021-02-20T00:40:20.751Z,30.143,-0.7955189943313599,-0.07799205929040909,-0.06239364668726921
1613781592072,2021-02-20T00:40:20.754Z,30.182,-1.8321043252944946,-0.6877481937408447,-0.1233692616224289
1613781592113,2021-02-20T00:40:20.756Z,30.223,-1.3442994356155396,-0.565796971321106,-0.06239364668726921
1613781592153,2021-02-20T00:40:20.766Z,30.263,-0.5516165494918823,-0.4438457190990448,-0.06239364668726921
1613781592194,2021-02-20T00:40:20.769Z,30.304,-1.2223482131958008,-0.07799205929040909,-0.18434487283229828
1613781592233,2021-02-20T00:40:20.771Z,30.343,-0.9784457683563232,-0.3828701078891754,-0.18434487283229828
1613781592273,2021-02-20T00:40:20.782Z,30.383,-1.2223482131958008,-0.32189449667930603,-0.1233692616224289
1613781592314,2021-02-20T00:40:20.784Z,30.424,-0.6735677719116211,-0.13896767795085907,-0.1233692616224289
1613781592354,2021-02-20T00:40:20.787Z,30.464,-0.9174702167510986,-0.32189449667930603,-0.1233692616224289
1613781592393,2021-02-20T00:40:20.798Z,30.503,-0.7955189943313599,-0.32189449667930603,-0.1233692616224289
1613781592434,2021-02-20T00:40:20.800Z,30.544,-0.42966535687446594,-0.13896767795085907,-0.0014180360594764352
1613781592474,2021-02-20T00:40:20.802Z,30.584,-0.9174702167510986,-0.13896767795085907,-0.06239364668726921
1613781592515,2021-02-20T00:40:20.813Z,30.625,-0.4906409680843353,-0.26091888546943665,-0.0014180360594764352
1613781592554,2021-02-20T00:40:20.816Z,30.664,-0.7345433831214905,-0.19994328916072845,-0.1233692616224289
1613781592594,2021-02-20T00:40:20.826Z,30.704,-0.7345433831214905,-0.13896767795085907,-0.1233692616224289
1613781592635,2021-02-20T00:40:20.829Z,30.745,-0.6125921607017517,-0.07799205929040909,-0.0014180360594764352
1613781592674,2021-02-20T00:40:20.832Z,30.784,-0.6735677719116211,-0.32189449667930603,0.05955757573246956
1613781592715,2021-02-20T00:40:20.843Z,30.825,-0.6125921607017517,-0.13896767795085907,-0.0014180360594764352
1613781592755,2021-02-20T00:40:20.847Z,30.865,-0.5516165494918823,-0.19994328916072845,-0.1233692616224289
1613781592794,2021-02-20T00:40:20.849Z,30.904,-0.3077141344547272,-0.07799205929040909,-0.06239364668726921
1613781592836,2021-02-20T00:40:20.858Z,30.946,-0.12478730082511902,0.04395916312932968,-0.0014180360594764352
1613781592875,2021-02-20T00:40:20.861Z,30.985,-0.002836074912920594,0.04395916312932968,-0.0014180360594764352
1613781592916,2021-02-20T00:40:20.871Z,31.026,0.2410663664340973,0.22688598930835724,0.18150879442691803
1613781592956,2021-02-20T00:40:20.874Z,31.066,0.3020419776439667,0.22688598930835724,0.12053318321704865
1613781592995,2021-02-20T00:40:20.876Z,31.105,0.36301758885383606,0.2878616154193878,0.12053318321704865
1613781593036,2021-02-20T00:40:20.887Z,31.146,0.606920063495636,0.3488372266292572,0.18150879442691803
1613781593076,2021-02-20T00:40:20.889Z,31.186,0.606920063495636,0.22688598930835724,0.12053318321704865
1613781593117,2021-02-20T00:40:20.892Z,31.227,0.8508225083351135,0.2878616154193878,0.05955757573246956
1613781593156,2021-02-20T00:40:20.903Z,31.266,0.11911514401435852,-0.017016448080539703,-0.0014180360594764352
1613781593196,2021-02-20T00:40:20.905Z,31.306,0.606920063495636,-0.017016448080539703,0.12053318321704865
1613781593237,2021-02-20T00:40:20.907Z,31.347,1.2776517868041992,0.16591037809848785,0.12053318321704865
1613781593276,2021-02-20T00:40:20.918Z,31.386,0.48496881127357483,0.3488372266292572,-0.1233692616224289
1613781593317,2021-02-20T00:40:20.921Z,31.427,0.7898468971252441,0.04395916312932968,0.05955757573246956
1613781593357,2021-02-20T00:40:20.932Z,31.467,0.7288712859153748,0.2878616154193878,0.18150879442691803
1613781593397,2021-02-20T00:40:20.933Z,31.507,1.2776517868041992,0.16591037809848785,0.05955757573246956
1613781593438,2021-02-20T00:40:20.936Z,31.548,1.0947248935699463,0.2878616154193878,0.05955757573246956
1613781593477,2021-02-20T00:40:20.947Z,31.587,0.606920063495636,0.4098128378391266,0.05955757573246956
1613781593527,2021-02-20T00:40:20.949Z,31.637,0.7288712859153748,0.4098128378391266,0.18150879442691803
1613781593568,2021-02-20T00:40:20.978Z,31.678,0.7288712859153748,0.16591037809848785,0.18150879442691803
1613781593607,2021-02-20T00:40:20.980Z,31.717,0.5459444522857666,0.10493477433919907,0.05955757573246956
1613781593649,2021-02-20T00:40:20.991Z,31.759,0.1800907552242279,0.10493477433919907,0.05955757573246956
1613781593688,2021-02-20T00:40:20.994Z,31.798,0.058139536529779434,0.2878616154193878,0.05955757573246956
1613781593728,2021-02-20T00:40:20.997Z,31.838,-0.12478730082511902,0.16591037809848785,0.12053318321704865
1613781593769,2021-02-20T00:40:21.007Z,31.879,-0.42966535687446594,-0.07799205929040909,-0.0014180360594764352
1613781593808,2021-02-20T00:40:21.010Z,31.918,-0.8564946055412292,-0.19994328916072845,-0.0014180360594764352
1613781593849,2021-02-20T00:40:21.012Z,31.959,-1.0394214391708374,-0.32189449667930603,-0.0014180360594764352
1613781593889,2021-02-20T00:40:21.023Z,31.999,-1.4052751064300537,-0.4438457190990448,-0.06239364668726921
1613781593928,2021-02-20T00:40:21.025Z,32.038,-1.3442994356155396,-0.565796971321106,-0.18434487283229828
1613781593969,2021-02-20T00:40:21.036Z,32.079,-1.4662506580352783,-0.4438457190990448,-0.06239364668726921
1613781594009,2021-02-20T00:40:21.038Z,32.119,-1.6491775512695312,-0.6877481937408447,-0.18434487283229828
1613781594050,2021-02-20T00:40:21.040Z,32.16,-1.588201880455017,-0.4438457190990448,-0.1233692616224289
1613781594089,2021-02-20T00:40:21.051Z,32.199,-1.2223482131958008,-0.5048213601112366,-0.06239364668726921
1613781594129,2021-02-20T00:40:21.054Z,32.239,-1.588201880455017,-0.19994328916072845,-0.06239364668726921
1613781594170,2021-02-20T00:40:21.056Z,32.28,-2.1369824409484863,-0.7487238049507141,-0.30629608035087585
1613781594210,2021-02-20T00:40:21.067Z,32.32,-1.8321043252944946,-0.6267725825309753,-0.18434487283229828
1613781594251,2021-02-20T00:40:21.069Z,32.361,-1.283323884010315,-0.6267725825309753,-0.1233692616224289
1613781594290,2021-02-20T00:40:21.072Z,32.4,-1.283323884010315,-0.26091888546943665,-0.18434487283229828
1613781594330,2021-02-20T00:40:21.083Z,32.44,-1.5272263288497925,-0.4438457190990448,-0.30629608035087585
1613781594371,2021-02-20T00:40:21.085Z,32.481,-1.4662506580352783,-0.6267725825309753,-0.24532048404216766
1613781594410,2021-02-20T00:40:21.087Z,32.52,-0.7345433831214905,-0.19994328916072845,-0.1233692616224289
1613781594451,2021-02-20T00:40:21.098Z,32.561,-1.100396990776062,-0.4438457190990448,-0.1233692616224289
1613781594491,2021-02-20T00:40:21.101Z,32.601,-1.2223482131958008,-0.26091888546943665,-0.06239364668726921
1613781594532,2021-02-20T00:40:21.111Z,32.642,-0.9174702167510986,-0.3828701078891754,-0.06239364668726921
1613781594571,2021-02-20T00:40:21.114Z,32.681,-1.3442994356155396,-0.3828701078891754,-0.1233692616224289
1613781594611,2021-02-20T00:40:21.117Z,32.721,-0.7345433831214905,-0.13896767795085907,-0.06239364668726921
1613781594652,2021-02-20T00:40:21.128Z,32.762,-0.9174702167510986,-0.13896767795085907,-0.06239364668726921
1613781594691,2021-02-20T00:40:21.130Z,32.801,-0.7345433831214905,-0.3828701078891754,-0.06239364668726921
1613781594731,2021-02-20T00:40:21.132Z,32.841,-0.7345433831214905,-0.13896767795085907,-0.1233692616224289
1613781594772,2021-02-20T00:40:21.144Z,32.882,-0.7345433831214905,-0.13896767795085907,-0.1233692616224289
1613781594812,2021-02-20T00:40:21.146Z,32.922,-0.5516165494918823,-0.26091888546943665,-0.0014180360594764352
1613781594853,2021-02-20T00:40:21.156Z,32.963,-0.7955189943313599,-0.19994328916072845,-0.0014180360594764352
1613781594892,2021-02-20T00:40:21.158Z,33.002,-0.6735677719116211,-0.07799205929040909,-0.1233692616224289
1613781594933,2021-02-20T00:40:21.162Z,33.043,-0.4906409680843353,-0.13896767795085907,-0.1233692616224289
1613781594983,2021-02-20T00:40:21.172Z,33.093,-0.6735677719116211,-0.19994328916072845,-0.0014180360594764352
1613781595023,2021-02-20T00:40:21.174Z,33.133,-0.7345433831214905,-0.13896767795085907,-0.06239364668726921
1613781595072,2021-02-20T00:40:21.177Z,33.182,-0.5516165494918823,-0.13896767795085907,-0.06239364668726921
1613781595113,2021-02-20T00:40:21.188Z,33.223,-0.1857629120349884,0.10493477433919907,0.05955757573246956
1613781595153,2021-02-20T00:40:21.190Z,33.263,0.11911514401435852,0.10493477433919907,-0.0014180360594764352
1613781595192,2021-02-20T00:40:21.201Z,33.302,0.1800907552242279,0.22688598930835724,0.05955757573246956
1613781595233,2021-02-20T00:40:21.204Z,33.343,-0.7345433831214905,-0.13896767795085907,-0.1233692616224289
1613781595273,2021-02-20T00:40:21.206Z,33.383,-0.002836074912920594,-0.017016448080539703,0.12053318321704865
1613781595314,2021-02-20T00:40:21.217Z,33.424,0.9117981195449829,-0.017016448080539703,0.05955757573246956
1613781595354,2021-02-20T00:40:21.219Z,33.464,0.3020419776439667,0.531764030456543,-0.1233692616224289
1613781595393,2021-02-20T00:40:21.222Z,33.503,0.5459444522857666,-0.017016448080539703,-0.06239364668726921
1613781595434,2021-02-20T00:40:21.233Z,33.544,0.42399320006370544,0.16591037809848785,0.12053318321704865
1613781595474,2021-02-20T00:40:21.235Z,33.584,1.1557005643844604,0.4098128378391266,0.18150879442691803
1613781595515,2021-02-20T00:40:21.237Z,33.625,0.606920063495636,0.3488372266292572,0.12053318321704865
1613781595554,2021-02-20T00:40:21.248Z,33.664,0.6678956747055054,0.2878616154193878,-0.0014180360594764352
1613781595594,2021-02-20T00:40:21.251Z,33.704,1.0947248935699463,0.3488372266292572,-0.0014180360594764352
1613781595635,2021-02-20T00:40:21.261Z,33.745,0.5459444522857666,0.16591037809848785,0.12053318321704865
1613781595674,2021-02-20T00:40:21.264Z,33.784,1.0337493419647217,0.3488372266292572,0.12053318321704865
1613781595715,2021-02-20T00:40:21.266Z,33.825,0.5459444522857666,0.16591037809848785,0.18150879442691803
1613781595755,2021-02-20T00:40:21.277Z,33.865,0.6678956747055054,0.04395916312932968,-0.0014180360594764352
1613781595794,2021-02-20T00:40:21.279Z,33.904,0.48496881127357483,0.3488372266292572,0.05955757573246956
1613781595836,2021-02-20T00:40:21.282Z,33.946,0.36301758885383606,0.2878616154193878,0.18150879442691803
1613781595875,2021-02-20T00:40:21.293Z,33.985,0.3020419776439667,0.10493477433919907,0.05955757573246956
1613781595916,2021-02-20T00:40:21.295Z,34.026,0.1800907552242279,0.04395916312932968,0.12053318321704865
1613781595956,2021-02-20T00:40:21.297Z,34.066,0.1800907552242279,0.16591037809848785,0.05955757573246956
1613781595995,2021-02-20T00:40:21.308Z,34.105,0.1800907552242279,0.16591037809848785,-0.0014180360594764352
1613781596036,2021-02-20T00:40:21.311Z,34.146,-0.06381168961524963,-0.07799205929040909,-0.06239364668726921
1613781596076,2021-02-20T00:40:21.321Z,34.186,-0.002836074912920594,0.16591037809848785,-0.0014180360594764352
1613781596117,2021-02-20T00:40:21.324Z,34.227,-0.4906409680843353,0.04395916312932968,0.05955757573246956
1613781596156,2021-02-20T00:40:21.326Z,34.266,-0.8564946055412292,-0.19994328916072845,0.05955757573246956
1613781596196,2021-02-20T00:40:21.337Z,34.306,-0.7345433831214905,-0.13896767795085907,-0.06239364668726921
1613781596237,2021-02-20T00:40:21.339Z,34.347,-1.0394214391708374,-0.32189449667930603,-0.06239364668726921
1613781596276,2021-02-20T00:40:21.341Z,34.386,-1.283323884010315,-0.07799205929040909,-0.0014180360594764352
1613781596317,2021-02-20T00:40:21.353Z,34.427,-2.015031099319458,-0.6267725825309753,-0.06239364668726921
1613781596357,2021-02-20T00:40:21.355Z,34.467,-1.1613726615905762,-0.3828701078891754,0.12053318321704865
1613781596397,2021-02-20T00:40:21.357Z,34.507,-1.5272263288497925,-0.6267725825309753,-0.0014180360594764352
1613781596438,2021-02-20T00:40:21.368Z,34.548,-1.3442994356155396,-0.3828701078891754,-0.18434487283229828
1613781596477,2021-02-20T00:40:21.371Z,34.587,-1.5272263288497925,-0.3828701078891754,-0.30629608035087585
1613781596518,2021-02-20T00:40:21.382Z,34.628,-1.283323884010315,-0.6267725825309753,-0.1233692616224289
1613781596558,2021-02-20T00:40:21.383Z,34.668,-1.0394214391708374,-0.26091888546943665,-0.0014180360594764352
1613781596599,2021-02-20T00:40:21.386Z,34.709,-1.5272263288497925,-0.5048213601112366,-0.18434487283229828
1613781596649,2021-02-20T00:40:21.398Z,34.759,-1.4662506580352783,-0.3828701078891754,-0.18434487283229828
1613781596688,2021-02-20T00:40:21.427Z,34.798,-1.0394214391708374,-0.32189449667930603,-0.1233692616224289
1613781596728,2021-02-20T00:40:21.429Z,34.838,-1.4662506580352783,-0.5048213601112366,-0.18434487283229828
1613781596769,2021-02-20T00:40:21.431Z,34.879,-1.0394214391708374,-0.3828701078891754,-0.18434487283229828
1613781596808,2021-02-20T00:40:21.442Z,34.918,-1.4052751064300537,-0.4438457190990448,-0.24532048404216766
1613781596849,2021-02-20T00:40:21.445Z,34.959,-1.283323884010315,-0.5048213601112366,-0.18434487283229828
1613781596889,2021-02-20T00:40:21.447Z,34.999,-1.3442994356155396,-0.19994328916072845,-0.1233692616224289
1613781596928,2021-02-20T00:40:21.458Z,35.038,-1.0394214391708374,-0.32189449667930603,-0.1233692616224289
1613781596969,2021-02-20T00:40:21.460Z,35.079,-0.9784457683563232,-0.26091888546943665,-0.18434487283229828
1613781597009,2021-02-20T00:40:21.471Z,35.119,-1.0394214391708374,-0.19994328916072845,-0.1233692616224289
1613781597050,2021-02-20T00:40:21.473Z,35.16,-0.9174702167510986,-0.32189449667930603,-0.1233692616224289
1613781597089,2021-02-20T00:40:21.476Z,35.199,-0.7345433831214905,-0.19994328916072845,-0.1233692616224289
1613781597129,2021-02-20T00:40:21.487Z,35.239,-0.8564946055412292,-0.32189449667930603,-0.06239364668726921
1613781597170,2021-02-20T00:40:21.489Z,35.28,-0.6735677719116211,-0.32189449667930603,-0.06239364668726921
1613781597220,2021-02-20T00:40:21.491Z,35.33,-0.7955189943313599,-0.13896767795085907,-0.06239364668726921
1613781597259,2021-02-20T00:40:21.502Z,35.369,-0.7955189943313599,-0.26091888546943665,-0.06239364668726921
1613781597300,2021-02-20T00:40:21.504Z,35.41,-0.42966535687446594,-0.07799205929040909,-0.0014180360594764352
1613781597340,2021-02-20T00:40:21.507Z,35.45,-0.36868974566459656,-0.07799205929040909,-0.06239364668726921
1613781597381,2021-02-20T00:40:21.518Z,35.491,-0.36868974566459656,0.04395916312932968,-0.0014180360594764352
1613781597420,2021-02-20T00:40:21.520Z,35.53,-0.7345433831214905,-0.017016448080539703,-0.0014180360594764352
1613781597460,2021-02-20T00:40:21.531Z,35.57,-0.002836074912920594,0.10493477433919907,0.12053318321704865
1613781597501,2021-02-20T00:40:21.533Z,35.611,0.606920063495636,0.04395916312932968,0.05955757573246956
1613781597541,2021-02-20T00:40:21.536Z,35.651,0.5459444522857666,0.47078844904899597,0.05955757573246956
1613781597590,2021-02-20T00:40:21.547Z,35.7,0.5459444522857666,0.10493477433919907,-0.06239364668726921
1613781597631,2021-02-20T00:40:21.549Z,35.741,0.36301758885383606,0.10493477433919907,0.12053318321704865
1613781597671,2021-02-20T00:40:21.551Z,35.781,0.9727737307548523,0.2878616154193878,0.12053318321704865
1613781597712,2021-02-20T00:40:21.562Z,35.822,0.8508225083351135,0.2878616154193878,0.12053318321704865
1613781597752,2021-02-20T00:40:21.564Z,35.862,0.6678956747055054,0.22688598930835724,0.05955757573246956
1613781597791,2021-02-20T00:40:21.576Z,35.901,1.1557005643844604,0.3488372266292572,0.12053318321704865
1613781597832,2021-02-20T00:40:21.578Z,35.942,0.606920063495636,0.2878616154193878,0.12053318321704865
1613781597872,2021-02-20T00:40:21.581Z,35.982,0.9117981195449829,0.2878616154193878,0.24248440563678741
1613781597913,2021-02-20T00:40:21.591Z,36.023,0.5459444522857666,0.22688598930835724,0.12053318321704865
1613781597952,2021-02-20T00:40:21.594Z,36.062,0.48496881127357483,0.10493477433919907,0.18150879442691803
1613781597992,2021-02-20T00:40:21.597Z,36.102,0.11911514401435852,0.3488372266292572,0.12053318321704865
1613781598033,2021-02-20T00:40:21.607Z,36.143,0.11911514401435852,0.10493477433919907,0.05955757573246956
1613781598072,2021-02-20T00:40:21.609Z,36.182,-0.1857629120349884,-0.13896767795085907,0.05955757573246956
1613781598113,2021-02-20T00:40:21.612Z,36.223,-0.2467385232448578,-0.017016448080539703,0.05955757573246956
1613781598153,2021-02-20T00:40:21.623Z,36.263,-0.42966535687446594,-0.13896767795085907,0.12053318321704865
1613781598192,2021-02-20T00:40:21.625Z,36.302,-0.6735677719116211,-0.19994328916072845,-0.0014180360594764352
1613781598233,2021-02-20T00:40:21.640Z,36.343,-0.5516165494918823,-0.13896767795085907,0.18150879442691803
1613781598283,2021-02-20T00:40:21.640Z,36.393,-0.2467385232448578,-0.13896767795085907,0.12053318321704865
1613781598323,2021-02-20T00:40:21.642Z,36.433,-0.3077141344547272,-0.017016448080539703,0.05955757573246956
1613781598364,2021-02-20T00:40:21.652Z,36.474,-0.12478730082511902,-0.19994328916072845,-0.06239364668726921
1613781598414,2021-02-20T00:40:21.656Z,36.524,-0.9174702167510986,0.04395916312932968,-0.1233692616224289
1613781598453,2021-02-20T00:40:21.657Z,36.563,-1.5272263288497925,-0.5048213601112366,-0.06239364668726921
1613781598494,2021-02-20T00:40:21.668Z,36.604,-0.36868974566459656,-0.19994328916072845,0.12053318321704865
1613781598534,2021-02-20T00:40:21.670Z,36.644,-0.2467385232448578,-0.26091888546943665,0.12053318321704865
1613781598575,2021-02-20T00:40:21.682Z,36.685,-0.9784457683563232,-0.017016448080539703,-0.24532048404216766
1613781598614,2021-02-20T00:40:21.683Z,36.724,-0.42966535687446594,-0.26091888546943665,-0.1233692616224289
1613781598654,2021-02-20T00:40:21.686Z,36.764,-0.4906409680843353,-0.32189449667930603,0.12053318321704865
1613781598695,2021-02-20T00:40:21.697Z,36.805,-0.06381168961524963,-0.32189449667930603,0.12053318321704865
1613781598734,2021-02-20T00:40:21.699Z,36.844,-0.5516165494918823,-0.19994328916072845,-0.18434487283229828
1613781598775,2021-02-20T00:40:21.701Z,36.885,-0.36868974566459656,-0.07799205929040909,-0.06239364668726921
1613781598815,2021-02-20T00:40:21.712Z,36.925,0.058139536529779434,0.10493477433919907,-0.06239364668726921
1613781598855,2021-02-20T00:40:21.715Z,36.965,-0.6125921607017517,-0.07799205929040909,-0.0014180360594764352
1613781598896,2021-02-20T00:40:21.717Z,37.006,0.11911514401435852,-0.13896767795085907,-0.06239364668726921
1613781598935,2021-02-20T00:40:21.728Z,37.045,-0.7345433831214905,-0.19994328916072845,-0.06239364668726921
1613781598975,2021-02-20T00:40:21.730Z,37.085,-0.4906409680843353,-0.19994328916072845,-0.0014180360594764352
1613781599016,2021-02-20T00:40:21.741Z,37.126,-1.0394214391708374,-0.4438457190990448,-0.1233692616224289
1613781599055,2021-02-20T00:40:21.743Z,37.165,-0.7955189943313599,-0.565796971321106,-0.06239364668726921
1613781599096,2021-02-20T00:40:21.748Z,37.206,-1.1613726615905762,-0.3828701078891754,-0.1233692616224289
1613781599136,2021-02-20T00:40:21.757Z,37.246,-1.283323884010315,-0.4438457190990448,-0.1233692616224289
1613781599177,2021-02-20T00:40:21.761Z,37.287,-1.4052751064300537,-0.3828701078891754,-0.06239364668726921
1613781599216,2021-02-20T00:40:21.762Z,37.326,-1.4052751064300537,-0.26091888546943665,-0.18434487283229828
1613781599256,2021-02-20T00:40:21.772Z,37.366,-1.3442994356155396,-0.32189449667930603,-0.06239364668726921
1613781599297,2021-02-20T00:40:21.774Z,37.407,-1.283323884010315,-0.26091888546943665,-0.0014180360594764352
1613781599336,2021-02-20T00:40:21.777Z,37.446,-1.100396990776062,-0.13896767795085907,-0.1233692616224289
1613781599376,2021-02-20T00:40:21.788Z,37.486,-1.1613726615905762,-0.32189449667930603,-0.18434487283229828
1613781599417,2021-02-20T00:40:21.790Z,37.527,-1.9540555477142334,-0.5048213601112366,-0.18434487283229828
1613781599457,2021-02-20T00:40:21.792Z,37.567,-1.4052751064300537,-0.4438457190990448,-0.18434487283229828
1613781599498,2021-02-20T00:40:21.803Z,37.608,-0.9174702167510986,-0.565796971321106,-0.1233692616224289
1613781599537,2021-02-20T00:40:21.806Z,37.647,-1.4662506580352783,-0.26091888546943665,-0.24532048404216766
1613781599577,2021-02-20T00:40:21.817Z,37.687,-1.1613726615905762,-0.4438457190990448,-0.18434487283229828
1613781599618,2021-02-20T00:40:21.818Z,37.728,-1.2223482131958008,-0.32189449667930603,-0.06239364668726921
1613781599657,2021-02-20T00:40:21.821Z,37.767,-0.9784457683563232,-0.3828701078891754,-0.1233692616224289
1613781599707,2021-02-20T00:40:21.832Z,37.817,-1.0394214391708374,-0.26091888546943665,-0.24532048404216766
1613781599748,2021-02-20T00:40:21.834Z,37.858,-0.9174702167510986,-0.32189449667930603,-0.1233692616224289
1613781599798,2021-02-20T00:40:21.846Z,37.908,-1.100396990776062,-0.26091888546943665,-0.06239364668726921
1613781599839,2021-02-20T00:40:21.848Z,37.949,-0.6735677719116211,-0.32189449667930603,-0.06239364668726921
1613781599889,2021-02-20T00:40:21.877Z,37.999,-0.8564946055412292,-0.32189449667930603,-0.1233692616224289
1613781599928,2021-02-20T00:40:21.880Z,38.038,-0.6125921607017517,-0.19994328916072845,-0.06239364668726921
1613781599968,2021-02-20T00:40:21.882Z,38.078,-0.6735677719116211,-0.13896767795085907,-0.1233692616224289
1613781600009,2021-02-20T00:40:21.893Z,38.119,-0.7345433831214905,-0.3828701078891754,-0.1233692616224289
1613781600048,2021-02-20T00:40:21.897Z,38.158,-0.7345433831214905,-0.13896767795085907,-0.0014180360594764352
1613781600089,2021-02-20T00:40:21.907Z,38.199,-0.6125921607017517,-0.13896767795085907,-0.0014180360594764352
1613781600129,2021-02-20T00:40:21.908Z,38.239,-0.12478730082511902,-0.017016448080539703,-0.0014180360594764352
1613781600169,2021-02-20T00:40:21.911Z,38.279,-0.06381168961524963,0.10493477433919907,0.05955757573246956
1613781600210,2021-02-20T00:40:21.922Z,38.32,0.42399320006370544,0.10493477433919907,0.12053318321704865
1613781600249,2021-02-20T00:40:21.924Z,38.359,0.606920063495636,0.3488372266292572,0.12053318321704865
1613781600290,2021-02-20T00:40:21.926Z,38.4,-0.1857629120349884,-0.017016448080539703,0.05955757573246956
1613781600330,2021-02-20T00:40:21.937Z,38.44,0.42399320006370544,0.04395916312932968,0.18150879442691803
1613781600369,2021-02-20T00:40:21.940Z,38.479,1.1557005643844604,0.2878616154193878,-0.0014180360594764352
1613781600410,2021-02-20T00:40:21.952Z,38.52,0.606920063495636,0.47078844904899597,-0.0014180360594764352
1613781600450,2021-02-20T00:40:21.953Z,38.56,0.7898468971252441,0.10493477433919907,-0.06239364668726921
1613781600491,2021-02-20T00:40:21.956Z,38.601,0.7288712859153748,0.22688598930835724,0.18150879442691803
1613781600530,2021-02-20T00:40:21.967Z,38.64,1.3386273384094238,0.16591037809848785,0.05955757573246956
1613781600570,2021-02-20T00:40:21.969Z,38.68,0.9727737307548523,0.2878616154193878,0.05955757573246956
1613781600611,2021-02-20T00:40:21.971Z,38.721,1.1557005643844604,0.22688598930835724,0.05955757573246956
1613781600650,2021-02-20T00:40:21.983Z,38.76,1.216676115989685,0.4098128378391266,0.24248440563678741
1613781600691,2021-02-20T00:40:21.985Z,38.801,0.8508225083351135,0.3488372266292572,0.12053318321704865
1613781600731,2021-02-20T00:40:21.987Z,38.841,1.1557005643844604,0.22688598930835724,0.12053318321704865
1613781600771,2021-02-20T00:40:21.998Z,38.881,0.606920063495636,0.16591037809848785,0.12053318321704865
1613781600812,2021-02-20T00:40:22.001Z,38.922,0.7898468971252441,0.22688598930835724,0.05955757573246956
1613781600851,2021-02-20T00:40:22.012Z,38.961,0.5459444522857666,0.3488372266292572,0.12053318321704865
1613781600892,2021-02-20T00:40:22.013Z,39.002,0.36301758885383606,0.22688598930835724,0.05955757573246956
1613781600932,2021-02-20T00:40:22.016Z,39.042,0.2410663664340973,0.04395916312932968,0.12053318321704865
1613781600971,2021-02-20T00:40:22.027Z,39.081,-0.06381168961524963,0.04395916312932968,-0.0014180360594764352
1613781601012,2021-02-20T00:40:22.029Z,39.122,-0.1857629120349884,0.10493477433919907,-0.0014180360594764352
1613781601052,2021-02-20T00:40:22.031Z,39.162,-0.06381168961524963,0.04395916312932968,0.05955757573246956
1613781601091,2021-02-20T00:40:22.042Z,39.201,-0.5516165494918823,-0.07799205929040909,-0.0014180360594764352
1613781601132,2021-02-20T00:40:22.045Z,39.242,-0.8564946055412292,-0.26091888546943665,-0.06239364668726921
1613781601172,2021-02-20T00:40:22.047Z,39.282,-0.8564946055412292,-0.26091888546943665,0.05955757573246956
1613781601213,2021-02-20T00:40:22.058Z,39.323,-0.9784457683563232,-0.26091888546943665,0.05955757573246956
1613781601253,2021-02-20T00:40:22.060Z,39.363,-1.5272263288497925,-0.26091888546943665,-0.06239364668726921
1613781601294,2021-02-20T00:40:22.071Z,39.404,-2.2589335441589355,-0.7487238049507141,-0.18434487283229828
1613781601343,2021-02-20T00:40:22.074Z,39.453,-1.588201880455017,-0.7487238049507141,-0.1233692616224289
1613781601383,2021-02-20T00:40:22.076Z,39.493,-1.283323884010315,-0.6877481937408447,-0.18434487283229828
1613781601424,2021-02-20T00:40:22.088Z,39.534,-2.015031099319458,-0.4438457190990448,-0.30629608035087585
1613781601463,2021-02-20T00:40:22.090Z,39.573,-1.4052751064300537,-0.565796971321106,-0.18434487283229828
1613781601503,2021-02-20T00:40:22.092Z,39.613,-1.6491775512695312,-0.565796971321106,-0.1233692616224289
1613781601544,2021-02-20T00:40:22.103Z,39.654,-1.283323884010315,-0.5048213601112366,-0.1233692616224289
1613781601584,2021-02-20T00:40:22.106Z,39.694,-1.5272263288497925,-0.5048213601112366,-0.24532048404216766
1613781601623,2021-02-20T00:40:22.116Z,39.733,-1.4662506580352783,-0.4438457190990448,-0.1233692616224289
1613781601664,2021-02-20T00:40:22.118Z,39.774,-1.1613726615905762,-0.3828701078891754,-0.18434487283229828
1613781601704,2021-02-20T00:40:22.121Z,39.814,-1.5272263288497925,-0.565796971321106,-0.1233692616224289
1613781601745,2021-02-20T00:40:22.132Z,39.855,-1.100396990776062,-0.3828701078891754,-0.18434487283229828
1613781601784,2021-02-20T00:40:22.134Z,39.894,-1.2223482131958008,-0.3828701078891754,-0.18434487283229828
1613781601824,2021-02-20T00:40:22.137Z,39.934,-1.1613726615905762,-0.32189449667930603,-0.1233692616224289
1613781601865,2021-02-20T00:40:22.147Z,39.975,-1.0394214391708374,-0.19994328916072845,-0.06239364668726921
1613781601904,2021-02-20T00:40:22.150Z,40.014,-1.100396990776062,-0.19994328916072845,-0.1233692616224289
1613781601945,2021-02-20T00:40:22.152Z,40.055,-0.9174702167510986,-0.32189449667930603,-0.1233692616224289
1613781601985,2021-02-20T00:40:22.163Z,40.095,-0.9784457683563232,-0.26091888546943665,-0.06239364668726921
1613781602024,2021-02-20T00:40:22.166Z,40.134,-0.7345433831214905,-0.13896767795085907,-0.06239364668726921
1613781602065,2021-02-20T00:40:22.177Z,40.175,-0.7345433831214905,-0.26091888546943665,-0.1233692616224289
1613781602105,2021-02-20T00:40:22.178Z,40.215,-0.6735677719116211,-0.26091888546943665,-0.06239364668726921
1613781602146,2021-02-20T00:40:22.181Z,40.256,-0.6125921607017517,-0.26091888546943665,-0.06239364668726921
1613781602186,2021-02-20T00:40:22.191Z,40.296,-0.7345433831214905,-0.13896767795085907,0.05955757573246956
1613781602225,2021-02-20T00:40:22.194Z,40.335,-0.6735677719116211,-0.13896767795085907,-0.06239364668726921
1613781602266,2021-02-20T00:40:22.196Z,40.376,-0.6735677719116211,-0.13896767795085907,-0.06239364668726921
1613781602306,2021-02-20T00:40:22.207Z,40.416,-0.42966535687446594,-0.13896767795085907,-0.0014180360594764352
1613781602347,2021-02-20T00:40:22.209Z,40.457,-0.6735677719116211,-0.19994328916072845,-0.06239364668726921
1613781602386,2021-02-20T00:40:22.212Z,40.496,-0.7345433831214905,-0.26091888546943665,-0.1233692616224289
1613781602426,2021-02-20T00:40:22.223Z,40.536,-0.9784457683563232,-0.19994328916072845,-0.06239364668726921
1613781602477,2021-02-20T00:40:22.225Z,40.587,-0.2467385232448578,-0.4438457190990448,-0.0014180360594764352
1613781602517,2021-02-20T00:40:22.237Z,40.627,-0.6125921607017517,0.04395916312932968,-0.1233692616224289
1613781602556,2021-02-20T00:40:22.238Z,40.666,-0.7345433831214905,-0.017016448080539703,-0.18434487283229828
1613781602597,2021-02-20T00:40:22.241Z,40.707,-0.3077141344547272,-0.13896767795085907,-0.06239364668726921
1613781602637,2021-02-20T00:40:22.252Z,40.747,-0.06381168961524963,0.16591037809848785,0.05955757573246956
1613781602678,2021-02-20T00:40:22.254Z,40.788,-0.06381168961524963,-0.07799205929040909,-0.0014180360594764352
1613781602717,2021-02-20T00:40:22.256Z,40.827,0.2410663664340973,0.16591037809848785,0.12053318321704865
1613781602757,2021-02-20T00:40:22.267Z,40.867,0.5459444522857666,0.22688598930835724,-0.06239364668726921
1613781602798,2021-02-20T00:40:22.269Z,40.908,-0.002836074912920594,0.22688598930835724,0.12053318321704865
1613781602837,2021-02-20T00:40:22.272Z,40.947,0.606920063495636,0.16591037809848785,0.12053318321704865
1613781602887,2021-02-20T00:40:22.283Z,40.997,0.7288712859153748,0.2878616154193878,0.05955757573246956
1613781602928,2021-02-20T00:40:22.286Z,41.038,0.7288712859153748,0.3488372266292572,0.05955757573246956
1613781602978,2021-02-20T00:40:22.298Z,41.088,0.7898468971252441,0.22688598930835724,0.12053318321704865
1613781603028,2021-02-20T00:40:22.301Z,41.138,0.7898468971252441,0.22688598930835724,0.12053318321704865
1613781603069,2021-02-20T00:40:22.329Z,41.179,0.7288712859153748,0.22688598930835724,0.05955757573246956
1613781603108,2021-02-20T00:40:22.331Z,41.218,0.8508225083351135,0.22688598930835724,0.12053318321704865
1613781603148,2021-02-20T00:40:22.343Z,41.258,0.8508225083351135,0.10493477433919907,0.05955757573246956
1613781603189,2021-02-20T00:40:22.344Z,41.299,0.7898468971252441,0.3488372266292572,0.18150879442691803
1613781603229,2021-02-20T00:40:22.347Z,41.339,0.7898468971252441,0.22688598930835724,0.12053318321704865
1613781603270,2021-02-20T00:40:22.358Z,41.38,0.48496881127357483,0.22688598930835724,0.12053318321704865
1613781603309,2021-02-20T00:40:22.360Z,41.419,0.6678956747055054,0.3488372266292572,0.24248440563678741
1613781603349,2021-02-20T00:40:22.362Z,41.459,0.36301758885383606,0.22688598930835724,0.12053318321704865
1613781603390,2021-02-20T00:40:22.373Z,41.5,0.6678956747055054,0.2878616154193878,0.18150879442691803
1613781603429,2021-02-20T00:40:22.376Z,41.539,0.48496881127357483,0.10493477433919907,-0.0014180360594764352
1613781603470,2021-02-20T00:40:22.386Z,41.58,0.058139536529779434,0.22688598930835724,0.05955757573246956
1613781603510,2021-02-20T00:40:22.388Z,41.62,-0.8564946055412292,-0.4438457190990448,-0.06239364668726921
1613781603549,2021-02-20T00:40:22.391Z,41.659,0.058139536529779434,-0.3828701078891754,0.18150879442691803
1613781603590,2021-02-20T00:40:22.402Z,41.7,0.1800907552242279,-0.26091888546943665,-0.06239364668726921
1613781603630,2021-02-20T00:40:22.404Z,41.74,-0.6735677719116211,0.10493477433919907,-0.24532048404216766
1613781603669,2021-02-20T00:40:22.407Z,41.779,-0.7955189943313599,-0.13896767795085907,-0.06239364668726921
1613781603711,2021-02-20T00:40:22.418Z,41.821,-1.2223482131958008,-0.32189449667930603,-0.06239364668726921
1613781603750,2021-02-20T00:40:22.420Z,41.86,-0.7345433831214905,-0.26091888546943665,-0.06239364668726921
1613781603791,2021-02-20T00:40:22.422Z,41.901,-1.283323884010315,-0.3828701078891754,-0.06239364668726921
1613781603831,2021-02-20T00:40:22.433Z,41.941,-1.77112877368927,-0.6267725825309753,-0.18434487283229828
1613781603872,2021-02-20T00:40:22.436Z,41.982,-1.2223482131958008,-0.5048213601112366,-0.06239364668726921
1613781603911,2021-02-20T00:40:22.446Z,42.021,-1.8321043252944946,-0.5048213601112366,-0.24532048404216766
1613781603951,2021-02-20T00:40:22.448Z,42.061,-1.283323884010315,-0.3828701078891754,-0.18434487283229828
1613781603992,2021-02-20T00:40:22.451Z,42.102,-1.588201880455017,-0.6267725825309753,-0.1233692616224289
1613781604031,2021-02-20T00:40:22.462Z,42.141,-1.4052751064300537,-0.4438457190990448,-0.18434487283229828
1613781604071,2021-02-20T00:40:22.464Z,42.181,-1.3442994356155396,-0.26091888546943665,-0.06239364668726921
1613781604112,2021-02-20T00:40:22.466Z,42.222,-1.4052751064300537,-0.32189449667930603,-0.1233692616224289
1613781604151,2021-02-20T00:40:22.478Z,42.261,-1.4052751064300537,-0.5048213601112366,-0.1233692616224289
1613781604192,2021-02-20T00:40:22.480Z,42.302,-1.283323884010315,-0.32189449667930603,-0.0014180360594764352
1613781604232,2021-02-20T00:40:22.482Z,42.342,-1.1613726615905762,-0.4438457190990448,-0.18434487283229828
1613781604272,2021-02-20T00:40:22.493Z,42.382,-1.100396990776062,-0.32189449667930603,-0.24532048404216766
1613781604313,2021-02-20T00:40:22.496Z,42.423,-1.283323884010315,-0.26091888546943665,-0.1233692616224289
1613781604352,2021-02-20T00:40:22.507Z,42.462,-1.0394214391708374,-0.5048213601112366,-0.18434487283229828
1613781604393,2021-02-20T00:40:22.508Z,42.503,-1.1613726615905762,-0.19994328916072845,-0.06239364668726921
1613781604433,2021-02-20T00:40:22.511Z,42.543,-1.0394214391708374,-0.13896767795085907,-0.06239364668726921
1613781604474,2021-02-20T00:40:22.522Z,42.584,-0.9784457683563232,-0.13896767795085907,-0.0014180360594764352
1613781604524,2021-02-20T00:40:22.525Z,42.634,-1.0394214391708374,-0.19994328916072845,-0.06239364668726921
1613781604563,2021-02-20T00:40:22.526Z,42.673,-1.0394214391708374,-0.32189449667930603,-0.18434487283229828
1613781604603,2021-02-20T00:40:22.538Z,42.713,-1.0394214391708374,-0.26091888546943665,-0.18434487283229828
1613781604644,2021-02-20T00:40:22.540Z,42.754,-0.9784457683563232,-0.5048213601112366,-0.06239364668726921
1613781604683,2021-02-20T00:40:22.542Z,42.793,-0.6125921607017517,-0.26091888546943665,-0.1233692616224289
1613781604724,2021-02-20T00:40:22.553Z,42.834,-1.1613726615905762,-0.13896767795085907,-0.18434487283229828
1613781604764,2021-02-20T00:40:22.556Z,42.874,-0.4906409680843353,-0.3828701078891754,-0.06239364668726921
1613781604803,2021-02-20T00:40:22.566Z,42.913,-0.5516165494918823,-0.26091888546943665,-0.0014180360594764352
1613781604844,2021-02-20T00:40:22.568Z,42.954,-0.7345433831214905,-0.19994328916072845,-0.06239364668726921
1613781604884,2021-02-20T00:40:22.571Z,42.994,-0.7345433831214905,-0.13896767795085907,-0.1233692616224289
1613781604925,2021-02-20T00:40:22.583Z,43.035,-0.4906409680843353,-0.13896767795085907,0.05955757573246956
1613781604964,2021-02-20T00:40:22.584Z,43.074,-0.6735677719116211,-0.07799205929040909,-0.06239364668726921
1613781605004,2021-02-20T00:40:22.586Z,43.114,-0.6125921607017517,-0.19994328916072845,-0.06239364668726921
1613781605045,2021-02-20T00:40:22.597Z,43.155,-0.5516165494918823,-0.19994328916072845,-0.1233692616224289
1613781605085,2021-02-20T00:40:22.600Z,43.195,-0.4906409680843353,-0.19994328916072845,-0.06239364668726921
1613781605126,2021-02-20T00:40:22.602Z,43.236,-0.5516165494918823,-0.017016448080539703,-0.06239364668726921
1613781605165,2021-02-20T00:40:22.613Z,43.275,-0.4906409680843353,-0.13896767795085907,-0.0014180360594764352
1613781605205,2021-02-20T00:40:22.615Z,43.315,-0.4906409680843353,-0.13896767795085907,-0.0014180360594764352
1613781605256,2021-02-20T00:40:22.627Z,43.366,-0.4906409680843353,-0.07799205929040909,-0.06239364668726921
1613781605295,2021-02-20T00:40:22.629Z,43.405,-0.4906409680843353,-0.19994328916072845,-0.1233692616224289
1613781605335,2021-02-20T00:40:22.631Z,43.445,-0.5516165494918823,-0.13896767795085907,-0.1233692616224289
1613781605376,2021-02-20T00:40:22.642Z,43.486,-0.36868974566459656,-0.13896767795085907,-0.0014180360594764352
1613781605416,2021-02-20T00:40:22.645Z,43.526,-0.42966535687446594,-0.13896767795085907,-0.0014180360594764352
1613781605455,2021-02-20T00:40:22.647Z,43.565,-0.42966535687446594,-0.017016448080539703,-0.0014180360594764352
1613781605496,2021-02-20T00:40:22.658Z,43.606,-0.1857629120349884,-0.017016448080539703,0.05955757573246956
1613781605536,2021-02-20T00:40:22.661Z,43.646,-0.1857629120349884,-0.07799205929040909,-0.1233692616224289
1613781605577,2021-02-20T00:40:22.672Z,43.687,-0.002836074912920594,0.10493477433919907,-0.0014180360594764352
1613781605616,2021-02-20T00:40:22.674Z,43.726,-0.9784457683563232,-0.13896767795085907,-0.0014180360594764352
1613781605656,2021-02-20T00:40:22.676Z,43.766,-0.3077141344547272,-0.017016448080539703,0.18150879442691803
1613781605697,2021-02-20T00:40:22.688Z,43.807,0.7288712859153748,0.04395916312932968,0.05955757573246956
1613781605736,2021-02-20T00:40:22.690Z,43.846,-0.3077141344547272,0.2878616154193878,-0.1233692616224289
1613781605777,2021-02-20T00:40:22.692Z,43.887,0.3020419776439667,-0.13896767795085907,-0.0014180360594764352
1613781605817,2021-02-20T00:40:22.703Z,43.927,-0.06381168961524963,0.10493477433919907,0.12053318321704865
1613781605857,2021-02-20T00:40:22.705Z,43.967,0.36301758885383606,0.10493477433919907,0.05955757573246956
1613781605898,2021-02-20T00:40:22.716Z,44.008,0.2410663664340973,0.22688598930835724,0.05955757573246956
1613781605937,2021-02-20T00:40:22.718Z,44.047,0.42399320006370544,0.16591037809848785,-0.0014180360594764352
1613781605978,2021-02-20T00:40:22.721Z,44.088,0.5459444522857666,0.16591037809848785,-0.06239364668726921
1613781606018,2021-02-20T00:40:22.733Z,44.128,0.3020419776439667,0.22688598930835724,0.05955757573246956
1613781606067,2021-02-20T00:40:22.734Z,44.177,0.48496881127357483,0.04395916312932968,-0.0014180360594764352
1613781606108,2021-02-20T00:40:22.737Z,44.218,0.42399320006370544,0.10493477433919907,0.05955757573246956
1613781606158,2021-02-20T00:40:22.748Z,44.268,0.5459444522857666,0.22688598930835724,0.05955757573246956
1613781606198,2021-02-20T00:40:22.750Z,44.308,0.36301758885383606,0.22688598930835724,0.05955757573246956
1613781606239,2021-02-20T00:40:22.779Z,44.349,0.36301758885383606,0.10493477433919907,0.05955757573246956
1613781606278,2021-02-20T00:40:22.781Z,44.388,0.42399320006370544,0.16591037809848785,0.18150879442691803
1613781606318,2021-02-20T00:40:22.792Z,44.428,0.36301758885383606,0.16591037809848785,0.12053318321704865
1613781606359,2021-02-20T00:40:22.794Z,44.469,0.1800907552242279,0.16591037809848785,-0.0014180360594764352
1613781606399,2021-02-20T00:40:22.797Z,44.509,0.1800907552242279,0.16591037809848785,0.05955757573246956
1613781606440,2021-02-20T00:40:22.808Z,44.55,0.11911514401435852,0.10493477433919907,-0.0014180360594764352
1613781606479,2021-02-20T00:40:22.810Z,44.589,0.11911514401435852,0.04395916312932968,0.05955757573246956
1613781606519,2021-02-20T00:40:22.813Z,44.629,0.058139536529779434,0.16591037809848785,0.05955757573246956
1613781606560,2021-02-20T00:40:22.823Z,44.67,-0.12478730082511902,0.04395916312932968,0.12053318321704865
1613781606609,2021-02-20T00:40:22.826Z,44.719,-0.1857629120349884,-0.017016448080539703,-0.18434487283229828
1613781606649,2021-02-20T00:40:22.837Z,44.759,-0.2467385232448578,-0.07799205929040909,-0.06239364668726921
1613781606690,2021-02-20T00:40:22.840Z,44.8,-0.1857629120349884,-0.19994328916072845,0.12053318321704865
1613781606730,2021-02-20T00:40:22.842Z,44.84,-0.42966535687446594,0.04395916312932968,-0.1233692616224289
1613781606771,2021-02-20T00:40:22.853Z,44.881,-0.6125921607017517,-0.13896767795085907,-0.18434487283229828
1613781606810,2021-02-20T00:40:22.855Z,44.92,-0.6735677719116211,-0.32189449667930603,-0.0014180360594764352
1613781606850,2021-02-20T00:40:22.857Z,44.96,-0.8564946055412292,-0.13896767795085907,-0.0014180360594764352
1613781606891,2021-02-20T00:40:22.868Z,45.001,-1.3442994356155396,-0.3828701078891754,-0.06239364668726921
1613781606930,2021-02-20T00:40:22.871Z,45.04,-1.2223482131958008,-0.5048213601112366,-0.06239364668726921
1613781606971,2021-02-20T00:40:22.881Z,45.081,-0.9174702167510986,-0.32189449667930603,-0.1233692616224289
1613781607011,2021-02-20T00:40:22.886Z,45.121,-1.588201880455017,-0.565796971321106,-0.18434487283229828
1613781607050,2021-02-20T00:40:22.887Z,45.16,-1.2223482131958008,-0.4438457190990448,-0.18434487283229828
1613781607091,2021-02-20T00:40:22.897Z,45.201,-1.4052751064300537,-0.4438457190990448,-0.1233692616224289
1613781607131,2021-02-20T00:40:22.899Z,45.241,-1.4052751064300537,-0.5048213601112366,-0.1233692616224289
1613781607170,2021-02-20T00:40:22.902Z,45.28,-1.3442994356155396,-0.19994328916072845,-0.18434487283229828
1613781607211,2021-02-20T00:40:22.913Z,45.321,-1.283323884010315,-0.32189449667930603,-0.1233692616224289
1613781607251,2021-02-20T00:40:22.915Z,45.361,-1.3442994356155396,-0.3828701078891754,-0.18434487283229828
1613781607292,2021-02-20T00:40:22.917Z,45.402,-1.2223482131958008,-0.4438457190990448,-0.1233692616224289
1613781607332,2021-02-20T00:40:22.928Z,45.442,-1.1613726615905762,-0.26091888546943665,-0.06239364668726921
1613781607371,2021-02-20T00:40:22.931Z,45.481,-1.1613726615905762,-0.32189449667930603,-0.0014180360594764352
1613781607412,2021-02-20T00:40:22.941Z,45.522,-1.1613726615905762,-0.26091888546943665,-0.18434487283229828
1613781607452,2021-02-20T00:40:22.943Z,45.562,-0.8564946055412292,-0.32189449667930603,-0.06239364668726921
1613781607493,2021-02-20T00:40:22.946Z,45.603,-0.7955189943313599,-0.3828701078891754,-0.0014180360594764352
1613781607532,2021-02-20T00:40:22.957Z,45.642,-0.8564946055412292,-0.13896767795085907,-0.06239364668726921
1613781607572,2021-02-20T00:40:22.959Z,45.682,-1.588201880455017,-0.4438457190990448,-0.1233692616224289
1613781607613,2021-02-20T00:40:22.961Z,45.723,-1.2223482131958008,-0.4438457190990448,-0.0014180360594764352
1613781607652,2021-02-20T00:40:22.973Z,45.762,-0.4906409680843353,-0.5048213601112366,-0.06239364668726921
1613781607702,2021-02-20T00:40:22.975Z,45.812,-1.100396990776062,-0.26091888546943665,-0.30629608035087585
1613781607743,2021-02-20T00:40:22.977Z,45.853,-0.5516165494918823,-0.32189449667930603,-0.1233692616224289
1613781607793,2021-02-20T00:40:22.989Z,45.903,-0.4906409680843353,-0.19994328916072845,-0.06239364668726921
1613781607833,2021-02-20T00:40:22.991Z,45.943,-0.6125921607017517,-0.13896767795085907,-0.1233692616224289
1613781607874,2021-02-20T00:40:23.001Z,45.984,-0.7955189943313599,-0.13896767795085907,-0.18434487283229828
1613781607913,2021-02-20T00:40:23.004Z,46.023,-0.5516165494918823,-0.07799205929040909,-0.0014180360594764352
1613781607954,2021-02-20T00:40:23.007Z,46.064,-0.9174702167510986,-0.19994328916072845,-0.06239364668726921
1613781607994,2021-02-20T00:40:23.018Z,46.104,-0.36868974566459656,-0.07799205929040909,0.05955757573246956
1613781608033,2021-02-20T00:40:23.020Z,46.143,-0.6125921607017517,-0.017016448080539703,-0.0014180360594764352
1613781608074,2021-02-20T00:40:23.022Z,46.184,-0.6735677719116211,-0.19994328916072845,-0.06239364668726921
1613781608114,2021-02-20T00:40:23.034Z,46.224,-0.4906409680843353,-0.07799205929040909,-0.06239364668726921
1613781608155,2021-02-20T00:40:23.036Z,46.265,-0.5516165494918823,-0.13896767795085907,-0.0014180360594764352
1613781608194,2021-02-20T00:40:23.047Z,46.304,-0.6735677719116211,-0.19994328916072845,0.05955757573246956
1613781608234,2021-02-20T00:40:23.049Z,46.344,-0.6125921607017517,-0.19994328916072845,-0.06239364668726921
1613781608275,2021-02-20T00:40:23.052Z,46.385,-0.36868974566459656,-0.07799205929040909,-0.06239364668726921
1613781608315,2021-02-20T00:40:23.063Z,46.425,-0.6735677719116211,-0.19994328916072845,-0.0014180360594764352
1613781608356,2021-02-20T00:40:23.065Z,46.466,-0.42966535687446594,-0.19994328916072845,-0.0014180360594764352
1613781608395,2021-02-20T00:40:23.067Z,46.505,-0.3077141344547272,0.04395916312932968,0.05955757573246956
1613781608435,2021-02-20T00:40:23.078Z,46.545,-0.06381168961524963,0.10493477433919907,-0.0014180360594764352
1613781608476,2021-02-20T00:40:23.081Z,46.586,0.1800907552242279,-0.07799205929040909,0.05955757573246956
1613781608515,2021-02-20T00:40:23.091Z,46.625,0.1800907552242279,0.2878616154193878,0.05955757573246956
1613781608556,2021-02-20T00:40:23.093Z,46.666,-0.6735677719116211,-0.017016448080539703,0.05955757573246956
1613781608596,2021-02-20T00:40:23.096Z,46.706,-0.002836074912920594,-0.13896767795085907,0.18150879442691803
1613781608637,2021-02-20T00:40:23.107Z,46.747,0.9727737307548523,0.10493477433919907,0.05955757573246956
1613781608687,2021-02-20T00:40:23.110Z,46.797,-0.12478730082511902,0.2878616154193878,-0.06239364668726921
1613781608726,2021-02-20T00:40:23.121Z,46.836,0.606920063495636,-0.017016448080539703,-0.06239364668726921
1613781608766,2021-02-20T00:40:23.123Z,46.876,0.6678956747055054,0.2878616154193878,0.12053318321704865
1613781608807,2021-02-20T00:40:23.126Z,46.917,0.606920063495636,0.22688598930835724,-0.0014180360594764352
1613781608846,2021-02-20T00:40:23.136Z,46.956,0.606920063495636,0.2878616154193878,0.05955757573246956
1613781608887,2021-02-20T00:40:23.139Z,46.997,0.6678956747055054,0.16591037809848785,0.12053318321704865
1613781608927,2021-02-20T00:40:23.141Z,47.037,0.7288712859153748,0.3488372266292572,0.05955757573246956
1613781608966,2021-02-20T00:40:23.152Z,47.076,0.48496881127357483,0.10493477433919907,0.12053318321704865
1613781609007,2021-02-20T00:40:23.154Z,47.117,0.606920063495636,0.16591037809848785,0.05955757573246956
1613781609047,2021-02-20T00:40:23.157Z,47.157,0.6678956747055054,0.10493477433919907,0.05955757573246956
1613781609088,2021-02-20T00:40:23.168Z,47.198,0.606920063495636,0.10493477433919907,-0.0014180360594764352
1613781609128,2021-02-20T00:40:23.170Z,47.238,0.48496881127357483,0.2878616154193878,0.18150879442691803
1613781609167,2021-02-20T00:40:23.172Z,47.277,0.42399320006370544,0.16591037809848785,0.12053318321704865
1613781609208,2021-02-20T00:40:23.183Z,47.318,0.48496881127357483,0.16591037809848785,0.05955757573246956
1613781609248,2021-02-20T00:40:23.186Z,47.358,0.36301758885383606,0.16591037809848785,0.05955757573246956
1613781609289,2021-02-20T00:40:23.197Z,47.399,0.11911514401435852,0.2878616154193878,0.05955757573246956
1613781609338,2021-02-20T00:40:23.199Z,47.448,0.3020419776439667,0.16591037809848785,0.12053318321704865
1613781609388,2021-02-20T00:40:23.228Z,47.498,0.11911514401435852,-0.017016448080539703,0.05955757573246956
1613781609428,2021-02-20T00:40:23.231Z,47.538,-0.06381168961524963,0.2878616154193878,0.12053318321704865
1613781609469,2021-02-20T00:40:23.242Z,47.579,-0.4906409680843353,-0.13896767795085907,-0.06239364668726921
1613781609508,2021-02-20T00:40:23.244Z,47.618,-0.36868974566459656,-0.13896767795085907,0.12053318321704865
1613781609549,2021-02-20T00:40:23.246Z,47.659,-0.2467385232448578,-0.26091888546943665,0.05955757573246956
1613781609589,2021-02-20T00:40:23.258Z,47.699,-0.9174702167510986,-0.07799205929040909,-0.24532048404216766
1613781609628,2021-02-20T00:40:23.260Z,47.738,-1.2223482131958008,-0.32189449667930603,-0.1233692616224289
1613781609669,2021-02-20T00:40:23.262Z,47.779,-1.4662506580352783,-0.565796971321106,-0.06239364668726921
1613781609709,2021-02-20T00:40:23.273Z,47.819,-0.8564946055412292,-0.5048213601112366,-0.06239364668726921
1613781609750,2021-02-20T00:40:23.276Z,47.86,-1.4662506580352783,-0.565796971321106,-0.1233692616224289
1613781609790,2021-02-20T00:40:23.286Z,47.9,-1.77112877368927,-0.565796971321106,-0.18434487283229828
1613781609829,2021-02-20T00:40:23.288Z,47.939,-1.283323884010315,-0.5048213601112366,-0.1233692616224289
1613781609870,2021-02-20T00:40:23.291Z,47.98,-1.7101531028747559,-0.3828701078891754,-0.1233692616224289
1613781609910,2021-02-20T00:40:23.302Z,48.02,-1.3442994356155396,-0.4438457190990448,-0.06239364668726921
1613781609960,2021-02-20T00:40:23.304Z,48.07,-1.4662506580352783,-0.565796971321106,-0.06239364668726921
1613781610001,2021-02-20T00:40:23.306Z,48.111,-1.4662506580352783,-0.5048213601112366,-0.18434487283229828
1613781610040,2021-02-20T00:40:23.318Z,48.15,-1.283323884010315,-0.26091888546943665,-0.18434487283229828
1613781610080,2021-02-20T00:40:23.320Z,48.19,-1.3442994356155396,-0.3828701078891754,-0.1233692616224289
1613781610121,2021-02-20T00:40:23.322Z,48.231,-1.283323884010315,-0.3828701078891754,-0.0014180360594764352
1613781610160,2021-02-20T00:40:23.333Z,48.27,-1.3442994356155396,-0.4438457190990448,-0.18434487283229828
1613781610201,2021-02-20T00:40:23.336Z,48.311,-1.1613726615905762,-0.19994328916072845,-0.1233692616224289
1613781610241,2021-02-20T00:40:23.346Z,48.351,-1.3442994356155396,-0.3828701078891754,-0.06239364668726921
1613781610280,2021-02-20T00:40:23.348Z,48.39,-1.1613726615905762,-0.26091888546943665,-0.18434487283229828
1613781610321,2021-02-20T00:40:23.351Z,48.431,-0.9784457683563232,-0.26091888546943665,-0.06239364668726921
1613781610361,2021-02-20T00:40:23.362Z,48.471,-1.0394214391708374,-0.3828701078891754,-0.1233692616224289
1613781610402,2021-02-20T00:40:23.364Z,48.512,-0.7345433831214905,-0.13896767795085907,-0.06239364668726921
1613781610441,2021-02-20T00:40:23.366Z,48.551,-1.4052751064300537,-0.3828701078891754,-0.06239364668726921
1613781610481,2021-02-20T00:40:23.377Z,48.591,-1.3442994356155396,-0.3828701078891754,-0.1233692616224289
1613781610522,2021-02-20T00:40:23.380Z,48.632,-0.2467385232448578,-0.3828701078891754,-0.0014180360594764352
1613781610562,2021-02-20T00:40:23.382Z,48.672,-1.0394214391708374,-0.07799205929040909,-0.24532048404216766
1613781610603,2021-02-20T00:40:23.393Z,48.713,-0.4906409680843353,-0.3828701078891754,-0.1233692616224289
1613781610642,2021-02-20T00:40:23.395Z,48.752,-0.7955189943313599,-0.3828701078891754,-0.06239364668726921
1613781610682,2021-02-20T00:40:23.407Z,48.792,-0.6735677719116211,-0.19994328916072845,-0.1233692616224289
1613781610733,2021-02-20T00:40:23.409Z,48.843,-0.8564946055412292,-0.13896767795085907,-0.06239364668726921
1613781610773,2021-02-20T00:40:23.411Z,48.883,-0.42966535687446594,-0.32189449667930603,-0.0014180360594764352
1613781610822,2021-02-20T00:40:23.424Z,48.932,-0.8564946055412292,-0.13896767795085907,-0.0014180360594764352
1613781610863,2021-02-20T00:40:23.426Z,48.973,-0.5516165494918823,-0.13896767795085907,-0.0014180360594764352
1613781610913,2021-02-20T00:40:23.436Z,49.023,-0.5516165494918823,-0.19994328916072845,-0.06239364668726921
1613781610953,2021-02-20T00:40:23.441Z,49.063,-0.5516165494918823,-0.07799205929040909,-0.1233692616224289
1613781610994,2021-02-20T00:40:23.442Z,49.104,-0.5516165494918823,-0.07799205929040909,-0.06239364668726921
1613781611033,2021-02-20T00:40:23.452Z,49.143,-0.4906409680843353,-0.19994328916072845,-0.1233692616224289
1613781611073,2021-02-20T00:40:23.454Z,49.183,-0.4906409680843353,-0.13896767795085907,-0.0014180360594764352
1613781611114,2021-02-20T00:40:23.456Z,49.224,-0.4906409680843353,-0.017016448080539703,-0.0014180360594764352
1613781611153,2021-02-20T00:40:23.468Z,49.263,-0.4906409680843353,-0.017016448080539703,-0.0014180360594764352
1613781611194,2021-02-20T00:40:23.472Z,49.304,-0.3077141344547272,-0.07799205929040909,-0.0014180360594764352
1613781611234,2021-02-20T00:40:23.472Z,49.344,-0.002836074912920594,0.10493477433919907,-0.0014180360594764352
1613781611274,2021-02-20T00:40:23.483Z,49.384,0.11911514401435852,0.2878616154193878,0.12053318321704865
1613781611315,2021-02-20T00:40:23.486Z,49.425,0.36301758885383606,0.22688598930835724,0.12053318321704865
1613781611354,2021-02-20T00:40:23.496Z,49.464,0.48496881127357483,0.3488372266292572,0.12053318321704865
1613781611395,2021-02-20T00:40:23.499Z,49.505,-0.1857629120349884,0.04395916312932968,-0.0014180360594764352
1613781611435,2021-02-20T00:40:23.501Z,49.545,0.3020419776439667,-0.13896767795085907,0.12053318321704865
1613781611474,2021-02-20T00:40:23.512Z,49.584,1.1557005643844604,0.3488372266292572,-0.0014180360594764352
1613781611515,2021-02-20T00:40:23.514Z,49.625,0.1800907552242279,0.3488372266292572,-0.1233692616224289
1613781611555,2021-02-20T00:40:23.516Z,49.665,0.606920063495636,-0.07799205929040909,-0.06239364668726921
1613781611596,2021-02-20T00:40:23.528Z,49.706,0.606920063495636,0.22688598930835724,0.12053318321704865
1613781611635,2021-02-20T00:40:23.530Z,49.745,0.7898468971252441,0.22688598930835724,0.18150879442691803
1613781611675,2021-02-20T00:40:23.532Z,49.785,0.42399320006370544,0.2878616154193878,-0.06239364668726921
1613781611716,2021-02-20T00:40:23.543Z,49.826,0.606920063495636,0.04395916312932968,0.12053318321704865
1613781611755,2021-02-20T00:40:23.546Z,49.865,0.5459444522857666,0.2878616154193878,-0.0014180360594764352
1613781611796,2021-02-20T00:40:23.557Z,49.906,0.5459444522857666,0.22688598930835724,0.12053318321704865
1613781611836,2021-02-20T00:40:23.558Z,49.946,0.36301758885383606,0.10493477433919907,0.12053318321704865
1613781611876,2021-02-20T00:40:23.561Z,49.986,0.3020419776439667,0.10493477433919907,-0.0014180360594764352
1613781611917,2021-02-20T00:40:23.572Z,50.027,0.42399320006370544,0.22688598930835724,0.05955757573246956
1613781611956,2021-02-20T00:40:23.574Z,50.066,0.11911514401435852,0.10493477433919907,-0.0014180360594764352
1613781611997,2021-02-20T00:40:23.577Z,50.107,0.11911514401435852,-0.017016448080539703,0.05955757573246956
1613781612037,2021-02-20T00:40:23.587Z,50.147,-0.06381168961524963,0.04395916312932968,0.05955757573246956
1613781612076,2021-02-20T00:40:23.590Z,50.186,-0.06381168961524963,-0.07799205929040909,-0.06239364668726921
1613781612117,2021-02-20T00:40:23.592Z,50.227,-0.3077141344547272,-0.017016448080539703,-0.0014180360594764352
1613781612157,2021-02-20T00:40:23.603Z,50.267,-0.1857629120349884,-0.017016448080539703,-0.0014180360594764352
1613781612196,2021-02-20T00:40:23.605Z,50.306,-0.2467385232448578,0.04395916312932968,-0.0014180360594764352
1613781612237,2021-02-20T00:40:23.616Z,50.347,-0.3077141344547272,-0.13896767795085907,-0.0014180360594764352
1613781612277,2021-02-20T00:40:23.618Z,50.387,-0.9784457683563232,-0.017016448080539703,-0.0014180360594764352
1613781612318,2021-02-20T00:40:23.621Z,50.428,-1.9540555477142334,-0.5048213601112366,-0.1233692616224289
1613781612357,2021-02-20T00:40:23.631Z,50.467,-0.9784457683563232,-0.565796971321106,0.05955757573246956
1613781612397,2021-02-20T00:40:23.634Z,50.507,-0.9784457683563232,-0.6267725825309753,-0.06239364668726921
1613781612438,2021-02-20T00:40:23.637Z,50.548,-1.5272263288497925,-0.3828701078891754,-0.30629608035087585
1613781612478,2021-02-20T00:40:23.647Z,50.588,-1.2223482131958008,-0.565796971321106,-0.24532048404216766
1613781612527,2021-02-20T00:40:23.650Z,50.637,-1.4052751064300537,-0.32189449667930603,-0.06239364668726921
1613781612568,2021-02-20T00:40:23.678Z,50.678,-1.283323884010315,-0.4438457190990448,-0.24532048404216766
1613781612608,2021-02-20T00:40:23.681Z,50.718,-1.100396990776062,-0.4438457190990448,-0.1233692616224289
1613781612649,2021-02-20T00:40:23.692Z,50.759,-1.0394214391708374,-0.26091888546943665,-0.06239364668726921
1613781612689,2021-02-20T00:40:23.694Z,50.799,-1.2223482131958008,-0.26091888546943665,-0.1233692616224289
1613781612728,2021-02-20T00:40:23.696Z,50.838,-1.1613726615905762,-0.4438457190990448,-0.18434487283229828
1613781612769,2021-02-20T00:40:23.708Z,50.879,-0.9784457683563232,-0.32189449667930603,-0.06239364668726921
1613781612809,2021-02-20T00:40:23.710Z,50.919,-1.100396990776062,-0.5048213601112366,-0.1233692616224289
1613781612850,2021-02-20T00:40:23.712Z,50.96,-1.0394214391708374,-0.32189449667930603,-0.18434487283229828
1613781612889,2021-02-20T00:40:23.723Z,50.999,-0.9174702167510986,-0.19994328916072845,-0.06239364668726921
1613781612929,2021-02-20T00:40:23.726Z,51.039,-0.9784457683563232,-0.32189449667930603,-0.0014180360594764352
1613781612970,2021-02-20T00:40:23.736Z,51.08,-0.9784457683563232,-0.3828701078891754,-0.18434487283229828
1613781613009,2021-02-20T00:40:23.739Z,51.119,-0.8564946055412292,-0.19994328916072845,-0.1233692616224289
1613781613050,2021-02-20T00:40:23.741Z,51.16,-0.7955189943313599,-0.26091888546943665,-0.1233692616224289
1613781613090,2021-02-20T00:40:23.752Z,51.2,-0.9174702167510986,-0.13896767795085907,-0.0014180360594764352
1613781613129,2021-02-20T00:40:23.754Z,51.239,-0.5516165494918823,-0.19994328916072845,-0.06239364668726921
1613781613170,2021-02-20T00:40:23.757Z,51.28,-0.5516165494918823,-0.3828701078891754,-0.06239364668726921
1613781613210,2021-02-20T00:40:23.767Z,51.32,-0.4906409680843353,-0.017016448080539703,-0.0014180360594764352
1613781613251,2021-02-20T00:40:23.770Z,51.361,-1.4052751064300537,-0.4438457190990448,-0.24532048404216766
1613781613291,2021-02-20T00:40:23.781Z,51.401,-0.9784457683563232,-0.32189449667930603,-0.0014180360594764352
1613781613330,2021-02-20T00:40:23.784Z,51.44,-0.2467385232448578,-0.3828701078891754,-0.0014180360594764352
