epoch (ms),time (-07:00),elapsed (s),Pressure (Pa)
1613606861144,2021-02-18T00:09:55.464Z,40.598,99685.25390625
1613606861183,2021-02-18T00:09:55.479Z,40.637,99685.25390625
1613606861223,2021-02-18T00:09:55.493Z,40.677,99685.25390625
1613606861262,2021-02-18T00:09:55.507Z,40.716,99685.25390625
1613606861302,2021-02-18T00:09:55.522Z,40.756,99685.91015625
1613606861343,2021-02-18T00:09:55.524Z,40.797,99685.91015625
1613606861383,2021-02-18T00:09:55.540Z,40.836999999999996,99685.91015625
1613606861422,2021-02-18T00:09:55.553Z,40.876,99685.91015625
1613606861462,2021-02-18T00:09:55.568Z,40.916,99685.25390625
1613606861501,2021-02-18T00:09:55.582Z,40.955,99685.25390625
1613606861542,2021-02-18T00:09:55.584Z,40.996,99685.25390625
1613606861582,2021-02-18T00:09:55.599Z,41.036,99685.25390625
1613606861621,2021-02-18T00:09:55.613Z,41.075,99685.25390625
1613606861661,2021-02-18T00:09:55.628Z,41.115,99685.25390625
1613606861700,2021-02-18T00:09:55.642Z,41.153999999999996,99685.25390625
1613606861740,2021-02-18T00:09:55.645Z,41.193999999999996,99685.25390625
1613606861781,2021-02-18T00:09:55.659Z,41.235,99685.25390625
1613606861821,2021-02-18T00:09:55.678Z,41.275,99685.25390625
1613606861860,2021-02-18T00:09:55.696Z,41.31399999999999,99685.25390625
1613606861900,2021-02-18T00:09:55.704Z,41.354,99685.25390625
1613606861939,2021-02-18T00:09:55.718Z,41.393,99684.59765625
1613606861980,2021-02-18T00:09:55.729Z,41.434,99684.59765625
1613606862020,2021-02-18T00:09:55.742Z,41.474,99684.59765625
1613606862059,2021-02-18T00:09:55.750Z,41.513000000000005,99684.59765625
1613606862099,2021-02-18T00:09:55.763Z,41.553000000000004,99684.59765625
1613606862138,2021-02-18T00:09:55.778Z,41.592,99684.59765625
1613606862178,2021-02-18T00:09:55.780Z,41.632,99684.59765625
1613606862219,2021-02-18T00:09:55.796Z,41.673,99684.59765625
1613606862259,2021-02-18T00:09:55.809Z,41.713,99684.59765625
1613606862298,2021-02-18T00:09:55.825Z,41.751999999999995,99685.25390625
1613606862338,2021-02-18T00:09:55.837Z,41.792,99685.25390625
1613606862377,2021-02-18T00:09:55.853Z,41.831,99685.25390625
1613606862418,2021-02-18T00:09:55.858Z,41.872,99685.25390625
1613606862458,2021-02-18T00:09:55.870Z,41.912,99685.25390625
1613606862497,2021-02-18T00:09:55.883Z,41.951,99685.25390625
1613606862537,2021-02-18T00:09:55.898Z,41.99100000000001,99685.25390625
1613606862576,2021-02-18T00:09:55.912Z,42.03,99685.25390625
1613606862617,2021-02-18T00:09:55.916Z,42.071000000000005,99685.25390625
1613606862657,2021-02-18T00:09:55.931Z,42.111000000000004,99685.25390625
1613606862697,2021-02-18T00:09:55.943Z,42.151,99684.59765625
1613606862736,2021-02-18T00:09:55.958Z,42.19,99684.59765625
1613606862776,2021-02-18T00:09:55.972Z,42.23,99684.59765625
1613606862815,2021-02-18T00:09:55.974Z,42.269,99684.59765625
1613606862856,2021-02-18T00:09:55.989Z,42.31,99685.25390625
1613606862896,2021-02-18T00:09:56.003Z,42.35,99685.25390625
1613606862935,2021-02-18T00:09:56.018Z,42.388999999999996,99685.25390625
1613606862975,2021-02-18T00:09:56.032Z,42.428999999999995,99685.25390625
1613606863014,2021-02-18T00:09:56.048Z,42.468,99684.59765625
1613606863055,2021-02-18T00:09:56.079Z,42.50899999999999,99684.59765625
1613606863095,2021-02-18T00:09:56.095Z,42.549,99685.25390625
1613606863134,2021-02-18T00:09:56.109Z,42.588,99685.25390625
1613606863174,2021-02-18T00:09:56.123Z,42.628,99685.25390625
1613606863214,2021-02-18T00:09:56.137Z,42.668,99685.25390625
1613606863255,2021-02-18T00:09:56.152Z,42.708999999999996,99685.25390625
1613606863294,2021-02-18T00:09:56.156Z,42.748000000000005,99685.25390625
1613606863334,2021-02-18T00:09:56.169Z,42.788000000000004,99685.25390625
1613606863373,2021-02-18T00:09:56.183Z,42.827,99685.25390625
1613606863413,2021-02-18T00:09:56.198Z,42.867,99685.25390625
1613606863452,2021-02-18T00:09:56.213Z,42.906000000000006,99685.25390625
1613606863493,2021-02-18T00:09:56.215Z,42.946999999999996,99685.25390625
1613606863533,2021-02-18T00:09:56.230Z,42.986999999999995,99685.25390625
1613606863572,2021-02-18T00:09:56.244Z,43.026,99685.25390625
1613606863612,2021-02-18T00:09:56.258Z,43.066,99685.25390625
1613606863652,2021-02-18T00:09:56.273Z,43.106,99685.25390625
1613606863691,2021-02-18T00:09:56.292Z,43.145,99685.25390625
1613606863732,2021-02-18T00:09:56.294Z,43.18600000000001,99685.25390625
1613606863772,2021-02-18T00:09:56.305Z,43.226000000000006,99685.25390625
1613606863811,2021-02-18T00:09:56.319Z,43.265,99685.25390625
1613606863851,2021-02-18T00:09:56.334Z,43.305,99684.59765625
1613606863890,2021-02-18T00:09:56.348Z,43.343999999999994,99684.59765625
1613606863931,2021-02-18T00:09:56.351Z,43.385,99685.25390625
1613606863971,2021-02-18T00:09:56.364Z,43.425,99685.25390625
1613606864010,2021-02-18T00:09:56.382Z,43.464,99685.25390625
1613606864050,2021-02-18T00:09:56.394Z,43.504,99685.25390625
1613606864090,2021-02-18T00:09:56.408Z,43.544,99685.25390625
1613606864131,2021-02-18T00:09:56.409Z,43.585,99685.25390625
1613606864170,2021-02-18T00:09:56.425Z,43.623999999999995,99684.59765625
1613606864210,2021-02-18T00:09:56.439Z,43.663999999999994,99684.59765625
1613606864249,2021-02-18T00:09:56.453Z,43.703,99684.59765625
1613606864289,2021-02-18T00:09:56.468Z,43.743,99684.59765625
1613606864328,2021-02-18T00:09:56.482Z,43.782,99684.59765625
1613606864369,2021-02-18T00:09:56.485Z,43.823,99684.59765625
1613606864409,2021-02-18T00:09:56.500Z,43.863,99684.59765625
1613606864448,2021-02-18T00:09:56.513Z,43.902,99684.59765625
1613606864488,2021-02-18T00:09:56.528Z,43.942,99684.59765625
1613606864528,2021-02-18T00:09:56.542Z,43.982,99684.59765625
1613606864569,2021-02-18T00:09:56.545Z,44.023,99684.59765625
1613606864608,2021-02-18T00:09:56.564Z,44.062,99684.59765625
1613606864648,2021-02-18T00:09:56.578Z,44.102,99684.59765625
1613606864687,2021-02-18T00:09:56.588Z,44.141000000000005,99684.59765625
1613606864727,2021-02-18T00:09:56.602Z,44.181000000000004,99684.59765625
1613606864766,2021-02-18T00:09:56.607Z,44.22,99684.59765625
1613606864807,2021-02-18T00:09:56.623Z,44.261,99684.59765625
1613606864847,2021-02-18T00:09:56.634Z,44.301,99684.59765625
1613606864886,2021-02-18T00:09:56.656Z,44.34,99684.59765625
1613606864926,2021-02-18T00:09:56.663Z,44.38,99684.59765625
1613606864966,2021-02-18T00:09:56.678Z,44.42,99684.59765625
1613606865007,2021-02-18T00:09:56.681Z,44.461000000000006,99684.59765625
1613606865046,2021-02-18T00:09:56.694Z,44.5,99684.59765625
1613606865086,2021-02-18T00:09:56.708Z,44.54,99684.59765625
1613606865125,2021-02-18T00:09:56.724Z,44.57899999999999,99685.25390625
1613606865165,2021-02-18T00:09:56.738Z,44.619,99685.25390625
1613606865204,2021-02-18T00:09:56.741Z,44.658,99685.25390625
1613606865245,2021-02-18T00:09:56.756Z,44.699,99685.25390625
1613606865285,2021-02-18T00:09:56.768Z,44.739,99685.25390625
1613606865324,2021-02-18T00:09:56.785Z,44.778,99685.25390625
1613606865364,2021-02-18T00:09:56.798Z,44.818000000000005,99685.25390625
1613606865404,2021-02-18T00:09:56.813Z,44.858000000000004,99685.25390625
1613606865445,2021-02-18T00:09:56.815Z,44.898999999999994,99685.25390625
1613606865484,2021-02-18T00:09:56.830Z,44.938,99685.25390625
1613606865524,2021-02-18T00:09:56.843Z,44.978,99685.25390625
1613606865563,2021-02-18T00:09:56.858Z,45.016999999999996,99685.25390625
1613606865603,2021-02-18T00:09:56.873Z,45.056999999999995,99685.25390625
1613606865642,2021-02-18T00:09:56.875Z,45.096000000000004,99685.25390625
1613606865683,2021-02-18T00:09:56.895Z,45.137,99685.25390625
1613606865723,2021-02-18T00:09:56.905Z,45.177,99685.25390625
1613606865762,2021-02-18T00:09:56.919Z,45.216,99685.25390625
1613606865802,2021-02-18T00:09:56.940Z,45.256,99685.25390625
1613606865842,2021-02-18T00:09:56.942Z,45.29600000000001,99685.25390625
1613606865883,2021-02-18T00:09:56.950Z,45.336999999999996,99685.91015625
1613606865922,2021-02-18T00:09:56.966Z,45.376000000000005,99685.91015625
1613606865962,2021-02-18T00:09:56.978Z,45.416000000000004,99685.91015625
1613606866001,2021-02-18T00:09:57.001Z,45.455,99685.91015625
1613606866041,2021-02-18T00:09:57.008Z,45.495,99685.25390625
1613606866080,2021-02-18T00:09:57.009Z,45.534,99685.25390625
1613606866121,2021-02-18T00:09:57.027Z,45.575,99685.91015625
1613606866161,2021-02-18T00:09:57.070Z,45.615,99685.91015625
1613606866200,2021-02-18T00:09:57.084Z,45.653999999999996,99685.05078125
1613606866240,2021-02-18T00:09:57.098Z,45.693999999999996,99685.05078125
1613606866280,2021-02-18T00:09:57.117Z,45.733999999999995,99685.25390625
1613606866321,2021-02-18T00:09:57.120Z,45.775,99685.25390625
1613606866360,2021-02-18T00:09:57.140Z,45.81399999999999,99685.25390625
1613606866400,2021-02-18T00:09:57.155Z,45.854,99685.25390625
1613606866439,2021-02-18T00:09:57.173Z,45.893,99685.91015625
1613606866479,2021-02-18T00:09:57.175Z,45.933,99685.91015625
1613606866520,2021-02-18T00:09:57.176Z,45.974,99685.91015625
1613606866559,2021-02-18T00:09:57.199Z,46.013000000000005,99685.91015625
1613606866599,2021-02-18T00:09:57.204Z,46.053000000000004,99685.91015625
1613606866638,2021-02-18T00:09:57.219Z,46.092,99685.91015625
1613606866678,2021-02-18T00:09:57.233Z,46.132,99685.91015625
1613606866717,2021-02-18T00:09:57.249Z,46.17100000000001,99685.25390625
1613606866759,2021-02-18T00:09:57.262Z,46.213,99685.25390625
1613606866798,2021-02-18T00:09:57.264Z,46.251999999999995,99685.25390625
1613606866838,2021-02-18T00:09:57.286Z,46.292,99685.25390625
1613606866877,2021-02-18T00:09:57.297Z,46.331,99685.25390625
1613606866917,2021-02-18T00:09:57.308Z,46.371,99685.25390625
1613606866958,2021-02-18T00:09:57.322Z,46.412,99685.25390625
1613606866997,2021-02-18T00:09:57.324Z,46.451,99685.25390625
1613606867037,2021-02-18T00:09:57.339Z,46.49100000000001,99685.25390625
1613606867076,2021-02-18T00:09:57.355Z,46.53,99685.25390625
1613606867116,2021-02-18T00:09:57.368Z,46.57,99685.25390625
1613606867155,2021-02-18T00:09:57.382Z,46.608999999999995,99685.25390625
1613606867197,2021-02-18T00:09:57.397Z,46.651,99686.12109375
1613606867236,2021-02-18T00:09:57.401Z,46.69,99686.12109375
1613606867276,2021-02-18T00:09:57.428Z,46.73,99686.12109375
1613606867315,2021-02-18T00:09:57.430Z,46.769,99686.12109375
1613606867355,2021-02-18T00:09:57.445Z,46.809,99686.12109375
1613606867396,2021-02-18T00:09:57.460Z,46.85,99686.12109375
1613606867435,2021-02-18T00:09:57.473Z,46.888999999999996,99685.45703125
1613606867475,2021-02-18T00:09:57.488Z,46.928999999999995,99685.45703125
1613606867514,2021-02-18T00:09:57.502Z,46.968,99686.12109375
1613606867554,2021-02-18T00:09:57.504Z,47.008,99686.12109375
1613606867593,2021-02-18T00:09:57.519Z,47.047,99685.45703125
1613606867634,2021-02-18T00:09:57.533Z,47.088,99685.45703125
1613606867674,2021-02-18T00:09:57.548Z,47.128,99685.45703125
1613606867714,2021-02-18T00:09:57.563Z,47.168,99685.45703125
1613606867753,2021-02-18T00:09:57.565Z,47.207,99685.45703125
1613606867793,2021-02-18T00:09:57.580Z,47.247,99685.45703125
1613606867834,2021-02-18T00:09:57.593Z,47.288000000000004,99685.45703125
1613606867873,2021-02-18T00:09:57.610Z,47.327,99685.45703125
1613606867913,2021-02-18T00:09:57.625Z,47.367,99685.45703125
1613606867952,2021-02-18T00:09:57.627Z,47.406000000000006,99685.45703125
1613606867992,2021-02-18T00:09:57.641Z,47.446000000000005,99685.45703125
1613606868033,2021-02-18T00:09:57.659Z,47.486999999999995,99685.45703125
1613606868072,2021-02-18T00:09:57.670Z,47.526,99684.59765625
1613606868112,2021-02-18T00:09:57.684Z,47.566,99684.59765625
1613606868152,2021-02-18T00:09:57.697Z,47.606,99684.59765625
1613606868191,2021-02-18T00:09:57.702Z,47.645,99684.59765625
1613606868232,2021-02-18T00:09:57.718Z,47.68600000000001,99684.59765625
1613606868272,2021-02-18T00:09:57.729Z,47.726000000000006,99684.59765625
1613606868311,2021-02-18T00:09:57.743Z,47.765,99684.59765625
1613606868351,2021-02-18T00:09:57.758Z,47.805,99685.25390625
1613606868390,2021-02-18T00:09:57.760Z,47.843999999999994,99685.25390625
1613606868430,2021-02-18T00:09:57.775Z,47.88399999999999,99684.59765625
1613606868471,2021-02-18T00:09:57.789Z,47.925,99684.59765625
1613606868510,2021-02-18T00:09:57.803Z,47.964,99684.59765625
1613606868550,2021-02-18T00:09:57.817Z,48.004,99684.59765625
1613606868590,2021-02-18T00:09:57.833Z,48.044,99684.59765625
1613606868629,2021-02-18T00:09:57.835Z,48.083,99684.59765625
1613606868670,2021-02-18T00:09:57.850Z,48.123999999999995,99685.25390625
1613606868710,2021-02-18T00:09:57.863Z,48.163999999999994,99685.25390625
1613606868749,2021-02-18T00:09:57.879Z,48.203,99685.25390625
1613606868789,2021-02-18T00:09:57.893Z,48.243,99685.25390625
1613606868828,2021-02-18T00:09:57.898Z,48.282,99685.25390625
1613606868869,2021-02-18T00:09:57.926Z,48.323,99685.25390625
1613606868909,2021-02-18T00:09:57.940Z,48.363,99685.25390625
1613606868948,2021-02-18T00:09:57.952Z,48.402,99685.25390625
1613606868988,2021-02-18T00:09:57.966Z,48.442,99684.59765625
1613606869028,2021-02-18T00:09:57.972Z,48.482,99684.59765625
1613606869067,2021-02-18T00:09:57.985Z,48.521,99685.25390625
1613606869108,2021-02-18T00:09:57.998Z,48.562,99685.25390625
1613606869148,2021-02-18T00:09:58.012Z,48.602,99685.25390625
1613606869187,2021-02-18T00:09:58.014Z,48.641000000000005,99685.25390625
1613606869227,2021-02-18T00:09:58.029Z,48.681000000000004,99685.25390625
1613606869266,2021-02-18T00:09:58.046Z,48.72,99685.25390625
1613606869307,2021-02-18T00:09:58.089Z,48.761,99685.25390625
1613606869347,2021-02-18T00:09:58.105Z,48.801,99685.25390625
1613606869386,2021-02-18T00:09:58.118Z,48.84,99685.25390625
1613606869426,2021-02-18T00:09:58.132Z,48.88,99685.25390625
1613606869466,2021-02-18T00:09:58.147Z,48.92,99685.25390625
1613606869505,2021-02-18T00:09:58.149Z,48.958999999999996,99685.25390625
1613606869546,2021-02-18T00:09:58.165Z,49.0,99685.25390625
1613606869586,2021-02-18T00:09:58.179Z,49.04,99685.25390625
1613606869625,2021-02-18T00:09:58.193Z,49.07899999999999,99685.25390625
1613606869665,2021-02-18T00:09:58.208Z,49.119,99685.25390625
1613606869704,2021-02-18T00:09:58.211Z,49.158,99685.25390625
1613606869745,2021-02-18T00:09:58.224Z,49.199,99684.59765625
1613606869785,2021-02-18T00:09:58.240Z,49.239,99684.59765625
1613606869824,2021-02-18T00:09:58.254Z,49.278,99685.25390625
1613606869864,2021-02-18T00:09:58.267Z,49.318000000000005,99685.25390625
1613606869904,2021-02-18T00:09:58.288Z,49.358000000000004,99685.45703125
1613606869945,2021-02-18T00:09:58.290Z,49.398999999999994,99685.45703125
1613606869984,2021-02-18T00:09:58.299Z,49.438,99685.45703125
1613606870024,2021-02-18T00:09:58.314Z,49.478,99685.45703125
1613606870063,2021-02-18T00:09:58.330Z,49.516999999999996,99685.45703125
1613606870103,2021-02-18T00:09:58.342Z,49.556999999999995,99685.45703125
1613606870144,2021-02-18T00:09:58.344Z,49.598,99685.45703125
1613606870183,2021-02-18T00:09:58.359Z,49.637,99685.45703125
1613606870223,2021-02-18T00:09:58.376Z,49.677,99685.45703125
1613606870262,2021-02-18T00:09:58.389Z,49.716,99685.45703125
1613606870302,2021-02-18T00:09:58.403Z,49.756,99684.80078125
1613606870342,2021-02-18T00:09:58.417Z,49.79600000000001,99684.80078125
1613606870383,2021-02-18T00:09:58.432Z,49.836999999999996,99685.45703125
1613606870422,2021-02-18T00:09:58.435Z,49.876000000000005,99685.45703125
1613606870462,2021-02-18T00:09:58.451Z,49.916000000000004,99684.80078125
1613606870501,2021-02-18T00:09:58.467Z,49.955,99684.80078125
1613606870541,2021-02-18T00:09:58.480Z,49.995,99685.45703125
1613606870582,2021-02-18T00:09:58.493Z,50.036,99685.45703125
1613606870621,2021-02-18T00:09:58.496Z,50.075,99684.80078125
1613606870661,2021-02-18T00:09:58.509Z,50.115,99684.80078125
1613606870700,2021-02-18T00:09:58.524Z,50.153999999999996,99685.45703125
1613606870740,2021-02-18T00:09:58.538Z,50.193999999999996,99685.45703125
1613606870781,2021-02-18T00:09:58.553Z,50.235,99685.45703125
1613606870821,2021-02-18T00:09:58.555Z,50.275,99685.45703125
1613606870860,2021-02-18T00:09:58.572Z,50.31399999999999,99684.80078125
1613606870900,2021-02-18T00:09:58.584Z,50.354,99684.80078125
1613606870939,2021-02-18T00:09:58.600Z,50.393,99685.45703125
1613606870980,2021-02-18T00:09:58.612Z,50.434,99685.45703125
1613606871020,2021-02-18T00:09:58.628Z,50.474,99684.80078125
1613606871059,2021-02-18T00:09:58.629Z,50.513000000000005,99684.80078125
1613606871099,2021-02-18T00:09:58.644Z,50.553000000000004,99684.80078125
1613606871138,2021-02-18T00:09:58.659Z,50.592,99684.80078125
1613606871178,2021-02-18T00:09:58.673Z,50.632,99684.80078125
1613606871219,2021-02-18T00:09:58.698Z,50.673,99684.80078125
1613606871259,2021-02-18T00:09:58.700Z,50.713,99684.80078125
1613606871298,2021-02-18T00:09:58.712Z,50.751999999999995,99684.80078125
1613606871338,2021-02-18T00:09:58.720Z,50.792,99684.14453125
1613606871377,2021-02-18T00:09:58.733Z,50.831,99684.14453125
1613606871418,2021-02-18T00:09:58.747Z,50.872,99684.14453125
1613606871458,2021-02-18T00:09:58.762Z,50.912,99684.14453125
1613606871497,2021-02-18T00:09:58.766Z,50.951,99684.14453125
1613606871537,2021-02-18T00:09:58.779Z,50.99100000000001,99684.14453125
1613606871576,2021-02-18T00:09:58.793Z,51.03,99684.14453125
1613606871617,2021-02-18T00:09:58.810Z,51.071000000000005,99684.14453125
1613606871657,2021-02-18T00:09:58.823Z,51.111000000000004,99684.14453125
1613606871697,2021-02-18T00:09:58.826Z,51.151,99684.14453125
1613606871736,2021-02-18T00:09:58.839Z,51.19,99684.14453125
1613606871776,2021-02-18T00:09:58.855Z,51.23,99684.80078125
1613606871817,2021-02-18T00:09:58.871Z,51.271,99684.80078125
1613606871856,2021-02-18T00:09:58.882Z,51.31,99684.14453125
1613606871896,2021-02-18T00:09:58.884Z,51.35,99684.14453125
1613606871935,2021-02-18T00:09:58.900Z,51.388999999999996,99684.14453125
1613606871975,2021-02-18T00:09:58.914Z,51.428999999999995,99684.14453125
1613606872014,2021-02-18T00:09:58.928Z,51.468,99684.14453125
1613606872055,2021-02-18T00:09:58.943Z,51.50899999999999,99684.14453125
1613606872095,2021-02-18T00:09:58.958Z,51.549,99684.14453125
1613606872134,2021-02-18T00:09:58.973Z,51.588,99684.14453125
1613606872174,2021-02-18T00:09:58.976Z,51.628,99684.14453125
1613606872214,2021-02-18T00:09:58.989Z,51.668,99684.14453125
1613606872255,2021-02-18T00:09:59.006Z,51.708999999999996,99685.00390625
1613606872294,2021-02-18T00:09:59.018Z,51.748000000000005,99685.00390625
1613606872334,2021-02-18T00:09:59.023Z,51.788000000000004,99685.00390625
1613606872373,2021-02-18T00:09:59.036Z,51.827,99685.00390625
1613606872413,2021-02-18T00:09:59.079Z,51.867,99685.00390625
1613606872454,2021-02-18T00:09:59.092Z,51.908,99685.00390625
1613606872493,2021-02-18T00:09:59.107Z,51.946999999999996,99685.00390625
1613606872533,2021-02-18T00:09:59.115Z,51.986999999999995,99685.00390625
1613606872572,2021-02-18T00:09:59.124Z,52.026,99684.34765625
1613606872612,2021-02-18T00:09:59.138Z,52.066,99684.34765625
1613606872652,2021-02-18T00:09:59.154Z,52.106,99684.34765625
1613606872693,2021-02-18T00:09:59.168Z,52.147,99684.34765625
1613606872732,2021-02-18T00:09:59.169Z,52.18600000000001,99684.34765625
1613606872772,2021-02-18T00:09:59.185Z,52.226000000000006,99684.34765625
1613606872811,2021-02-18T00:09:59.198Z,52.265,99684.34765625
1613606872851,2021-02-18T00:09:59.214Z,52.305,99684.34765625
1613606872892,2021-02-18T00:09:59.227Z,52.346000000000004,99684.34765625
1613606872931,2021-02-18T00:09:59.242Z,52.385,99684.34765625
1613606872971,2021-02-18T00:09:59.244Z,52.425,99684.34765625
1613606873010,2021-02-18T00:09:59.259Z,52.464,99684.34765625
1613606873050,2021-02-18T00:09:59.273Z,52.504,99684.34765625
1613606873091,2021-02-18T00:09:59.288Z,52.545,99684.34765625
1613606873131,2021-02-18T00:09:59.302Z,52.585,99684.34765625
1613606873170,2021-02-18T00:09:59.306Z,52.623999999999995,99684.34765625
1613606873210,2021-02-18T00:09:59.319Z,52.663999999999994,99684.34765625
1613606873249,2021-02-18T00:09:59.334Z,52.703,99684.34765625
1613606873289,2021-02-18T00:09:59.348Z,52.743,99684.34765625
1613606873330,2021-02-18T00:09:59.362Z,52.784,99684.34765625
1613606873369,2021-02-18T00:09:59.365Z,52.823,99684.34765625
1613606873409,2021-02-18T00:09:59.381Z,52.863,99684.34765625
1613606873448,2021-02-18T00:09:59.393Z,52.902,99684.34765625
1613606873488,2021-02-18T00:09:59.414Z,52.942,99683.69140625
1613606873529,2021-02-18T00:09:59.423Z,52.983000000000004,99683.69140625
1613606873569,2021-02-18T00:09:59.437Z,53.023,99683.69140625
1613606873608,2021-02-18T00:09:59.440Z,53.062,99683.69140625
1613606873648,2021-02-18T00:09:59.454Z,53.102,99682.82421875
1613606873687,2021-02-18T00:09:59.468Z,53.141000000000005,99682.82421875
1613606873728,2021-02-18T00:09:59.483Z,53.181999999999995,99682.82421875
1613606873768,2021-02-18T00:09:59.498Z,53.222,99682.82421875
1613606873807,2021-02-18T00:09:59.500Z,53.261,99682.82421875
1613606873847,2021-02-18T00:09:59.513Z,53.301,99682.82421875
1613606873886,2021-02-18T00:09:59.529Z,53.34,99682.82421875
1613606873926,2021-02-18T00:09:59.543Z,53.38,99682.82421875
1613606873967,2021-02-18T00:09:59.558Z,53.42100000000001,99683.48828125
1613606874007,2021-02-18T00:09:59.560Z,53.461000000000006,99683.48828125
1613606874046,2021-02-18T00:09:59.577Z,53.5,99683.48828125
1613606874086,2021-02-18T00:09:59.604Z,53.54,99683.48828125
1613606874125,2021-02-18T00:09:59.615Z,53.57899999999999,99683.48828125
1613606874166,2021-02-18T00:09:59.617Z,53.62,99683.48828125
1613606874206,2021-02-18T00:09:59.632Z,53.66,99683.48828125
1613606874245,2021-02-18T00:09:59.635Z,53.699,99683.48828125
1613606874285,2021-02-18T00:09:59.667Z,53.739,99684.14453125
1613606874324,2021-02-18T00:09:59.672Z,53.778,99684.14453125
1613606874365,2021-02-18T00:09:59.680Z,53.818999999999996,99684.14453125
1613606874405,2021-02-18T00:09:59.693Z,53.858999999999995,99683.48828125
1613606874445,2021-02-18T00:09:59.708Z,53.898999999999994,99683.48828125
1613606874484,2021-02-18T00:09:59.723Z,53.938,99683.48828125
1613606874524,2021-02-18T00:09:59.726Z,53.978,99683.48828125
1613606874563,2021-02-18T00:09:59.741Z,54.016999999999996,99683.48828125
1613606874604,2021-02-18T00:09:59.753Z,54.058,99683.48828125
1613606874644,2021-02-18T00:09:59.768Z,54.098,99683.48828125
1613606874683,2021-02-18T00:09:59.783Z,54.137,99683.48828125
1613606874723,2021-02-18T00:09:59.785Z,54.177,99683.48828125
1613606874762,2021-02-18T00:09:59.799Z,54.216,99683.48828125
1613606874803,2021-02-18T00:09:59.814Z,54.257,99684.14453125
1613606874843,2021-02-18T00:09:59.828Z,54.297,99684.14453125
1613606874883,2021-02-18T00:09:59.843Z,54.336999999999996,99684.14453125
1613606874922,2021-02-18T00:09:59.844Z,54.376000000000005,99684.14453125
1613606874962,2021-02-18T00:09:59.859Z,54.416000000000004,99684.14453125
1613606875003,2021-02-18T00:09:59.874Z,54.457,99684.14453125
1613606875042,2021-02-18T00:09:59.890Z,54.496,99683.48828125
1613606875082,2021-02-18T00:09:59.903Z,54.536,99683.48828125
1613606875121,2021-02-18T00:09:59.918Z,54.575,99683.48828125
1613606875161,2021-02-18T00:09:59.920Z,54.615,99683.48828125
1613606875202,2021-02-18T00:09:59.935Z,54.656000000000006,99684.34765625
1613606875241,2021-02-18T00:09:59.948Z,54.695,99684.34765625
1613606875281,2021-02-18T00:09:59.967Z,54.735,99684.34765625
1613606875321,2021-02-18T00:09:59.979Z,54.775,99684.34765625
1613606875360,2021-02-18T00:09:59.989Z,54.81399999999999,99684.34765625
1613606875400,2021-02-18T00:09:59.995Z,54.854,99684.34765625
1613606875441,2021-02-18T00:10:00.010Z,54.895,99684.34765625
1613606875480,2021-02-18T00:10:00.024Z,54.934,99684.34765625
1613606875520,2021-02-18T00:10:00.038Z,54.974,99684.34765625
1613606875559,2021-02-18T00:10:00.071Z,55.013000000000005,99684.34765625
1613606875599,2021-02-18T00:10:00.086Z,55.053000000000004,99684.34765625
1613606875640,2021-02-18T00:10:00.104Z,55.093999999999994,99684.34765625
1613606875679,2021-02-18T00:10:00.114Z,55.133,99684.34765625
1613606875719,2021-02-18T00:10:00.127Z,55.173,99684.34765625
1613606875759,2021-02-18T00:10:00.130Z,55.213,99684.34765625
1613606875798,2021-02-18T00:10:00.144Z,55.251999999999995,99684.34765625
1613606875839,2021-02-18T00:10:00.160Z,55.293,99684.34765625
1613606875879,2021-02-18T00:10:00.173Z,55.333,99684.34765625
1613606875918,2021-02-18T00:10:00.189Z,55.372,99684.34765625
1613606875958,2021-02-18T00:10:00.191Z,55.412,99684.34765625
1613606875997,2021-02-18T00:10:00.216Z,55.451,99684.34765625
1613606876037,2021-02-18T00:10:00.221Z,55.49100000000001,99683.69140625
1613606876078,2021-02-18T00:10:00.233Z,55.532,99683.69140625
1613606876117,2021-02-18T00:10:00.248Z,55.571000000000005,99684.34765625
1613606876157,2021-02-18T00:10:00.262Z,55.611000000000004,99684.34765625
1613606876197,2021-02-18T00:10:00.264Z,55.651,99684.34765625
1613606876236,2021-02-18T00:10:00.280Z,55.69,99684.34765625
1613606876277,2021-02-18T00:10:00.293Z,55.731,99683.69140625
1613606876317,2021-02-18T00:10:00.308Z,55.771,99683.69140625
1613606876356,2021-02-18T00:10:00.324Z,55.81,99683.69140625
1613606876396,2021-02-18T00:10:00.326Z,55.85,99683.69140625
1613606876435,2021-02-18T00:10:00.339Z,55.888999999999996,99683.69140625
1613606876476,2021-02-18T00:10:00.353Z,55.93,99683.69140625
1613606876516,2021-02-18T00:10:00.369Z,55.97,99683.69140625
1613606876555,2021-02-18T00:10:00.382Z,56.00899999999999,99683.69140625
1613606876595,2021-02-18T00:10:00.397Z,56.049,99683.02734375
1613606876634,2021-02-18T00:10:00.400Z,56.088,99683.02734375
1613606876674,2021-02-18T00:10:00.415Z,56.128,99683.69140625
1613606876715,2021-02-18T00:10:00.429Z,56.169,99683.69140625
1613606876755,2021-02-18T00:10:00.443Z,56.208999999999996,99683.02734375
1613606876794,2021-02-18T00:10:00.457Z,56.248000000000005,99683.02734375
1613606876834,2021-02-18T00:10:00.460Z,56.288000000000004,99683.02734375
1613606876873,2021-02-18T00:10:00.475Z,56.327,99683.02734375
1613606876914,2021-02-18T00:10:00.491Z,56.368,99683.02734375
1613606876954,2021-02-18T00:10:00.503Z,56.408,99683.02734375
1613606876993,2021-02-18T00:10:00.518Z,56.446999999999996,99683.02734375
1613606877033,2021-02-18T00:10:00.519Z,56.486999999999995,99683.02734375
1613606877072,2021-02-18T00:10:00.534Z,56.526,99682.16015625
1613606877113,2021-02-18T00:10:00.549Z,56.567,99682.16015625
1613606877153,2021-02-18T00:10:00.563Z,56.607,99683.02734375
1613606877193,2021-02-18T00:10:00.578Z,56.647,99683.02734375
1613606877232,2021-02-18T00:10:00.593Z,56.68600000000001,99683.02734375
1613606877272,2021-02-18T00:10:00.596Z,56.726000000000006,99683.02734375
1613606877311,2021-02-18T00:10:00.610Z,56.765,99683.02734375
1613606877352,2021-02-18T00:10:00.623Z,56.806000000000004,99683.02734375
1613606877392,2021-02-18T00:10:00.638Z,56.846000000000004,99683.02734375
1613606877431,2021-02-18T00:10:00.653Z,56.885,99683.02734375
1613606877471,2021-02-18T00:10:00.655Z,56.925,99683.02734375
1613606877510,2021-02-18T00:10:00.669Z,56.964,99683.02734375
1613606877551,2021-02-18T00:10:00.684Z,57.005,99683.02734375
1613606877591,2021-02-18T00:10:00.698Z,57.045,99683.69140625
1613606877631,2021-02-18T00:10:00.714Z,57.085,99683.69140625
1613606877670,2021-02-18T00:10:00.731Z,57.123999999999995,99683.02734375
1613606877710,2021-02-18T00:10:00.735Z,57.163999999999994,99683.02734375
1613606877751,2021-02-18T00:10:00.753Z,57.205,99683.02734375
1613606877790,2021-02-18T00:10:00.760Z,57.244,99683.02734375
1613606877830,2021-02-18T00:10:00.773Z,57.284,99683.02734375
1613606877869,2021-02-18T00:10:00.787Z,57.323,99683.02734375
1613606877909,2021-02-18T00:10:00.789Z,57.363,99683.02734375
1613606877948,2021-02-18T00:10:00.804Z,57.402,99683.02734375
1613606877989,2021-02-18T00:10:00.818Z,57.443000000000005,99683.02734375
1613606878029,2021-02-18T00:10:00.834Z,57.483000000000004,99683.02734375
1613606878069,2021-02-18T00:10:00.847Z,57.523,99683.02734375
1613606878108,2021-02-18T00:10:00.849Z,57.562,99683.02734375
1613606878149,2021-02-18T00:10:00.864Z,57.603,99683.02734375
1613606878189,2021-02-18T00:10:00.879Z,57.643,99683.02734375
1613606878228,2021-02-18T00:10:00.893Z,57.681999999999995,99683.69140625
1613606878268,2021-02-18T00:10:00.907Z,57.722,99683.69140625
1613606878307,2021-02-18T00:10:00.923Z,57.761,99683.02734375
1613606878347,2021-02-18T00:10:00.925Z,57.801,99683.02734375
1613606878388,2021-02-18T00:10:00.941Z,57.842,99683.02734375
1613606878427,2021-02-18T00:10:00.954Z,57.881,99683.02734375
1613606878467,2021-02-18T00:10:00.970Z,57.92100000000001,99683.02734375
1613606878507,2021-02-18T00:10:00.983Z,57.961000000000006,99683.02734375
1613606878546,2021-02-18T00:10:00.987Z,58.0,99683.02734375
1613606878586,2021-02-18T00:10:00.999Z,58.04,99683.02734375
1613606878627,2021-02-18T00:10:01.014Z,58.081,99682.37109375
1613606878666,2021-02-18T00:10:01.058Z,58.12,99682.37109375
1613606878706,2021-02-18T00:10:01.075Z,58.16,99683.89453125
1613606878745,2021-02-18T00:10:01.087Z,58.199,99683.89453125
1613606878785,2021-02-18T00:10:01.090Z,58.239,99683.23828125
1613606878826,2021-02-18T00:10:01.104Z,58.28,99683.23828125
1613606878865,2021-02-18T00:10:01.119Z,58.318999999999996,99683.23828125
1613606878905,2021-02-18T00:10:01.133Z,58.358999999999995,99683.23828125
1613606878945,2021-02-18T00:10:01.148Z,58.398999999999994,99683.23828125
1613606878984,2021-02-18T00:10:01.149Z,58.438,99683.23828125
1613606879025,2021-02-18T00:10:01.164Z,58.479,99683.23828125
1613606879065,2021-02-18T00:10:01.183Z,58.519,99683.89453125
1613606879104,2021-02-18T00:10:01.193Z,58.558,99683.89453125
1613606879144,2021-02-18T00:10:01.208Z,58.598,99683.89453125
1613606879183,2021-02-18T00:10:01.222Z,58.637,99683.89453125
1613606879223,2021-02-18T00:10:01.224Z,58.677,99683.23828125
1613606879264,2021-02-18T00:10:01.239Z,58.718,99683.23828125
1613606879303,2021-02-18T00:10:01.254Z,58.757,99683.23828125
1613606879343,2021-02-18T00:10:01.268Z,58.797,99683.23828125
1613606879383,2021-02-18T00:10:01.289Z,58.836999999999996,99683.23828125
1613606879422,2021-02-18T00:10:01.291Z,58.876000000000005,99683.23828125
1613606879463,2021-02-18T00:10:01.307Z,58.917,99683.23828125
1613606879503,2021-02-18T00:10:01.320Z,58.957,99683.23828125
1613606879542,2021-02-18T00:10:01.329Z,58.996,99683.23828125
1613606879582,2021-02-18T00:10:01.344Z,59.036,99683.23828125
1613606879621,2021-02-18T00:10:01.357Z,59.075,99683.89453125
1613606879662,2021-02-18T00:10:01.360Z,59.11600000000001,99683.89453125
1613606879702,2021-02-18T00:10:01.375Z,59.156000000000006,99683.89453125
1613606879741,2021-02-18T00:10:01.388Z,59.195,99683.89453125
1613606879781,2021-02-18T00:10:01.403Z,59.235,99683.23828125
1613606879821,2021-02-18T00:10:01.417Z,59.275,99683.23828125
1613606879860,2021-02-18T00:10:01.419Z,59.31399999999999,99683.23828125
1613606879901,2021-02-18T00:10:01.434Z,59.355,99683.23828125
1613606879941,2021-02-18T00:10:01.449Z,59.395,99683.23828125
1613606879980,2021-02-18T00:10:01.464Z,59.434,99683.23828125
1613606880020,2021-02-18T00:10:01.478Z,59.474,99683.23828125
1613606880059,2021-02-18T00:10:01.480Z,59.513000000000005,99683.23828125
1613606880100,2021-02-18T00:10:01.495Z,59.553999999999995,99683.23828125
1613606880140,2021-02-18T00:10:01.508Z,59.593999999999994,99683.23828125
1613606880179,2021-02-18T00:10:01.523Z,59.633,99683.23828125
1613606880219,2021-02-18T00:10:01.552Z,59.673,99683.23828125
1613606880259,2021-02-18T00:10:01.568Z,59.713,99683.23828125
1613606880298,2021-02-18T00:10:01.570Z,59.751999999999995,99683.23828125
1613606880339,2021-02-18T00:10:01.602Z,59.793,99682.57421875
1613606880379,2021-02-18T00:10:01.613Z,59.833,99682.57421875
1613606880418,2021-02-18T00:10:01.628Z,59.872,99683.23828125
1613606880458,2021-02-18T00:10:01.642Z,59.912,99683.23828125
1613606880497,2021-02-18T00:10:01.644Z,59.951,99682.57421875
1613606880538,2021-02-18T00:10:01.659Z,59.992,99682.57421875
1613606880578,2021-02-18T00:10:01.674Z,60.032,99682.57421875
1613606880617,2021-02-18T00:10:01.688Z,60.071000000000005,99682.57421875
1613606880657,2021-02-18T00:10:01.704Z,60.111000000000004,99682.57421875
1613606880697,2021-02-18T00:10:01.717Z,60.151,99682.57421875
1613606880738,2021-02-18T00:10:01.720Z,60.192,99682.57421875
1613606880777,2021-02-18T00:10:01.734Z,60.231,99682.57421875
1613606880817,2021-02-18T00:10:01.748Z,60.271,99682.57421875
1613606880856,2021-02-18T00:10:01.763Z,60.31,99682.57421875
1613606880896,2021-02-18T00:10:01.767Z,60.35,99682.57421875
1613606880935,2021-02-18T00:10:01.779Z,60.388999999999996,99682.57421875
1613606880976,2021-02-18T00:10:01.794Z,60.43,99682.57421875
1613606881016,2021-02-18T00:10:01.808Z,60.47,99682.57421875
1613606881055,2021-02-18T00:10:01.823Z,60.50899999999999,99682.57421875
1613606881095,2021-02-18T00:10:01.826Z,60.549,99682.57421875
1613606881134,2021-02-18T00:10:01.842Z,60.588,99682.57421875
1613606881176,2021-02-18T00:10:01.855Z,60.63,99682.57421875
1613606881215,2021-02-18T00:10:01.869Z,60.669,99682.57421875
1613606881255,2021-02-18T00:10:01.883Z,60.708999999999996,99682.57421875
1613606881294,2021-02-18T00:10:01.886Z,60.748000000000005,99682.57421875
1613606881334,2021-02-18T00:10:01.901Z,60.788000000000004,99683.23828125
1613606881375,2021-02-18T00:10:01.918Z,60.82899999999999,99683.23828125
1613606881414,2021-02-18T00:10:01.929Z,60.868,99683.23828125
1613606881454,2021-02-18T00:10:01.942Z,60.908,99683.23828125
1613606881493,2021-02-18T00:10:01.958Z,60.946999999999996,99682.57421875
1613606881533,2021-02-18T00:10:01.960Z,60.986999999999995,99682.57421875
1613606881572,2021-02-18T00:10:01.975Z,61.026,99682.57421875
1613606881613,2021-02-18T00:10:01.988Z,61.067,99682.57421875
1613606881653,2021-02-18T00:10:02.004Z,61.107,99682.57421875
1613606881693,2021-02-18T00:10:02.017Z,61.147,99682.57421875
1613606881732,2021-02-18T00:10:02.028Z,61.18600000000001,99682.57421875
1613606881772,2021-02-18T00:10:02.033Z,61.226000000000006,99682.57421875
1613606881813,2021-02-18T00:10:02.080Z,61.266999999999996,99682.57421875
1613606881852,2021-02-18T00:10:02.093Z,61.306000000000004,99682.57421875
1613606881892,2021-02-18T00:10:02.108Z,61.346000000000004,99682.57421875
1613606881931,2021-02-18T00:10:02.122Z,61.385,99682.57421875
1613606881971,2021-02-18T00:10:02.125Z,61.425,99683.23828125
1613606882012,2021-02-18T00:10:02.141Z,61.466,99683.23828125
1613606882051,2021-02-18T00:10:02.154Z,61.505,99683.23828125
1613606882091,2021-02-18T00:10:02.168Z,61.545,99683.23828125
1613606882131,2021-02-18T00:10:02.184Z,61.585,99683.23828125
1613606882170,2021-02-18T00:10:02.198Z,61.623999999999995,99683.23828125
1613606882210,2021-02-18T00:10:02.212Z,61.663999999999994,99683.23828125
1613606882251,2021-02-18T00:10:02.216Z,61.705,99683.89453125
1613606882290,2021-02-18T00:10:02.229Z,61.744,99683.89453125
1613606882330,2021-02-18T00:10:02.243Z,61.784,99683.89453125
1613606882369,2021-02-18T00:10:02.258Z,61.823,99683.89453125
1613606882409,2021-02-18T00:10:02.273Z,61.863,99683.89453125
1613606882450,2021-02-18T00:10:02.275Z,61.903999999999996,99683.89453125
1613606882489,2021-02-18T00:10:02.290Z,61.943000000000005,99683.89453125
1613606882529,2021-02-18T00:10:02.308Z,61.983000000000004,99683.89453125
1613606882569,2021-02-18T00:10:02.319Z,62.023,99683.89453125
1613606882608,2021-02-18T00:10:02.333Z,62.062,99683.89453125
1613606882649,2021-02-18T00:10:02.347Z,62.103,99683.89453125
1613606882689,2021-02-18T00:10:02.350Z,62.143,99683.89453125
1613606882728,2021-02-18T00:10:02.364Z,62.181999999999995,99683.89453125
1613606882768,2021-02-18T00:10:02.378Z,62.222,99683.89453125
1613606882807,2021-02-18T00:10:02.393Z,62.261,99683.23828125
1613606882847,2021-02-18T00:10:02.407Z,62.301,99683.23828125
1613606882888,2021-02-18T00:10:02.412Z,62.342,99682.37109375
1613606882927,2021-02-18T00:10:02.423Z,62.381,99682.37109375
1613606882967,2021-02-18T00:10:02.439Z,62.42100000000001,99682.37109375
1613606883007,2021-02-18T00:10:02.454Z,62.461000000000006,99682.37109375
1613606883046,2021-02-18T00:10:02.468Z,62.5,99683.89453125
1613606883087,2021-02-18T00:10:02.470Z,62.541000000000004,99683.89453125
1613606883127,2021-02-18T00:10:02.485Z,62.581,99683.89453125
1613606883166,2021-02-18T00:10:02.499Z,62.62,99683.89453125
1613606883206,2021-02-18T00:10:02.514Z,62.66,99683.02734375
1613606883245,2021-02-18T00:10:02.528Z,62.699,99683.02734375
1613606883286,2021-02-18T00:10:02.542Z,62.74,99683.89453125
1613606883326,2021-02-18T00:10:02.544Z,62.78,99683.89453125
1613606883365,2021-02-18T00:10:02.559Z,62.818999999999996,99683.89453125
1613606883405,2021-02-18T00:10:02.573Z,62.858999999999995,99683.89453125
1613606883445,2021-02-18T00:10:02.588Z,62.898999999999994,99683.23828125
1613606883484,2021-02-18T00:10:02.602Z,62.938,99683.23828125
1613606883525,2021-02-18T00:10:02.606Z,62.979,99683.23828125
1613606883565,2021-02-18T00:10:02.620Z,63.019,99683.23828125
1613606883604,2021-02-18T00:10:02.634Z,63.058,99683.23828125
1613606883644,2021-02-18T00:10:02.648Z,63.098,99683.23828125
1613606883683,2021-02-18T00:10:02.662Z,63.137,99683.23828125
1613606883724,2021-02-18T00:10:02.665Z,63.178000000000004,99683.23828125
1613606883764,2021-02-18T00:10:02.679Z,63.218,99683.23828125
1613606883803,2021-02-18T00:10:02.695Z,63.257,99683.23828125
1613606883843,2021-02-18T00:10:02.709Z,63.297,99683.23828125
1613606883883,2021-02-18T00:10:02.723Z,63.336999999999996,99683.23828125
1613606883924,2021-02-18T00:10:02.738Z,63.378,99683.23828125
1613606883963,2021-02-18T00:10:02.741Z,63.417,99683.23828125
1613606884003,2021-02-18T00:10:02.755Z,63.457,99683.23828125
1613606884042,2021-02-18T00:10:02.776Z,63.496,99684.09765625
1613606884082,2021-02-18T00:10:02.786Z,63.536,99684.09765625
1613606884121,2021-02-18T00:10:02.798Z,63.575,99684.09765625
1613606884162,2021-02-18T00:10:02.802Z,63.61600000000001,99684.09765625
1613606884202,2021-02-18T00:10:02.816Z,63.656000000000006,99684.09765625
