epoch (ms),time (-07:00),elapsed (s),X-Axis (T),Y-Axis (T),Z-Axis (T)
1616622400326,2021-03-24T21:48:43.404Z,27.838,-12.373611450195312,-25.869443893432614,49.11388778686523
1616622400366,2021-03-24T21:48:43.406Z,27.878,-13.123611450195312,-25.494443893432614,47.11388778686523
1616622400407,2021-03-24T21:48:43.432Z,27.919,-13.123611450195312,-24.369443893432614,47.92638778686523
1616622400447,2021-03-24T21:48:43.435Z,27.959,-12.748611450195312,-25.119443893432614,49.92638778686523
1616622400486,2021-03-24T21:48:43.437Z,27.998,-13.123611450195312,-24.744443893432614,48.73888778686523
1616622400526,2021-03-24T21:48:43.448Z,28.038,-12.748611450195312,-26.244443893432614,48.36388778686523
1616622400565,2021-03-24T21:48:43.463Z,28.076999999999998,-12.748611450195312,-25.119443893432614,49.92638778686523
1616622400605,2021-03-24T21:48:43.466Z,28.116999999999997,-12.373611450195312,-25.869443893432614,46.30138778686523
1616622400644,2021-03-24T21:48:43.477Z,28.156,-13.123611450195312,-25.869443893432614,48.30138778686523
1616622400684,2021-03-24T21:48:43.492Z,28.195999999999998,-11.623611450195312,-25.869443893432614,49.55138778686523
1616622400723,2021-03-24T21:48:43.494Z,28.235,-12.373611450195312,-25.869443893432614,49.55138778686523
1616622400763,2021-03-24T21:48:43.496Z,28.275,-12.373611450195312,-26.619443893432614,50.36388778686523
1616622400802,2021-03-24T21:48:43.507Z,28.314,-13.498611450195312,-24.744443893432614,49.92638778686523
1616622400843,2021-03-24T21:48:43.509Z,28.355,-12.748611450195312,-26.619443893432614,48.73888778686523
1616622400883,2021-03-24T21:48:43.511Z,28.395,-13.498611450195312,-25.119443893432614,49.92638778686523
1616622400923,2021-03-24T21:48:43.523Z,28.435,-13.123611450195312,-34.74444580078125,47.92638778686523
1616622400962,2021-03-24T21:48:43.525Z,28.474,-13.498611450195312,-25.494443893432614,48.30138778686523
1616622401002,2021-03-24T21:48:43.527Z,28.514,-12.748611450195312,-25.494443893432614,49.55138778686523
1616622401041,2021-03-24T21:48:43.568Z,28.553,-14.248611450195312,-25.869443893432614,49.55138778686523
1616622401081,2021-03-24T21:48:43.570Z,28.593000000000004,-12.748611450195312,-25.119443893432614,48.36388778686523
1616622401120,2021-03-24T21:48:43.572Z,28.631999999999998,-13.123611450195312,-26.994443893432614,50.36388778686523
1616622401160,2021-03-24T21:48:43.584Z,28.671999999999997,-11.623611450195312,-25.494443893432614,47.48888778686523
1616622401199,2021-03-24T21:48:43.586Z,28.711,-11.998611450195312,-25.494443893432614,49.92638778686523
1616622401239,2021-03-24T21:48:43.597Z,28.750999999999998,-13.123611450195312,-23.994443893432614,48.73888778686523
1616622401280,2021-03-24T21:48:43.599Z,28.791999999999998,-12.748611450195312,-24.369443893432614,47.48888778686523
1616622401320,2021-03-24T21:48:43.601Z,28.831999999999997,-13.123611450195312,-24.369443893432614,48.73888778686523
1616622401359,2021-03-24T21:48:43.628Z,28.871,-12.373611450195312,-25.494443893432614,49.55138778686523
1616622401399,2021-03-24T21:48:43.629Z,28.910999999999998,-13.498611450195312,-26.244443893432614,47.05138778686523
1616622401438,2021-03-24T21:48:43.632Z,28.95,-13.123611450195312,-25.869443893432614,49.55138778686523
1616622401478,2021-03-24T21:48:43.643Z,28.99,-12.748611450195312,-38.43194580078125,48.67638778686523
1616622401517,2021-03-24T21:48:43.645Z,29.029,-11.998611450195312,-26.994443893432614,47.86388778686523
1616622401557,2021-03-24T21:48:43.647Z,29.069000000000003,-13.123611450195312,-26.244443893432614,47.86388778686523
1616622401596,2021-03-24T21:48:43.689Z,29.108,-13.498611450195312,-27.369443893432614,49.11388778686523
1616622401636,2021-03-24T21:48:43.691Z,29.148000000000003,-14.998611450195312,-23.994443893432614,48.30138778686523
1616622401676,2021-03-24T21:48:43.702Z,29.188000000000002,-12.748611450195312,-26.244443893432614,49.55138778686523
1616622401715,2021-03-24T21:48:43.704Z,29.226999999999997,-12.748611450195312,-26.619443893432614,47.05138778686523
1616622401756,2021-03-24T21:48:43.707Z,29.268,-13.123611450195312,-26.619443893432614,48.36388778686523
1616622401796,2021-03-24T21:48:43.718Z,29.308000000000003,-12.373611450195312,-26.619443893432614,49.92638778686523
1616622401835,2021-03-24T21:48:43.720Z,29.346999999999998,-12.748611450195312,-26.619443893432614,47.48888778686523
1616622401875,2021-03-24T21:48:43.722Z,29.386999999999997,-13.123611450195312,-24.744443893432614,48.73888778686523
1616622401914,2021-03-24T21:48:43.734Z,29.426,-13.498611450195312,-25.119443893432614,49.55138778686523
1616622401954,2021-03-24T21:48:43.736Z,29.465999999999998,-12.748611450195312,-26.619443893432614,48.73888778686523
1616622401993,2021-03-24T21:48:43.748Z,29.505,-13.123611450195312,-25.869443893432614,49.92638778686523
1616622402033,2021-03-24T21:48:43.750Z,29.545,-12.748611450195312,-26.619443893432614,48.30138778686523
1616622402072,2021-03-24T21:48:43.762Z,29.584,-12.748611450195312,-25.119443893432614,47.05138778686523
1616622402112,2021-03-24T21:48:43.764Z,29.624000000000002,-12.748611450195312,-24.744443893432614,48.30138778686523
1616622402152,2021-03-24T21:48:43.766Z,29.664,-13.123611450195312,-38.80694580078125,49.55138778686523
1616622402193,2021-03-24T21:48:43.777Z,29.705,-12.748611450195312,-25.869443893432614,47.48888778686523
1616622402232,2021-03-24T21:48:43.780Z,29.744,-12.748611450195312,-25.494443893432614,48.73888778686523
1616622402272,2021-03-24T21:48:43.782Z,29.784000000000002,-13.498611450195312,-26.244443893432614,47.48888778686523
1616622402311,2021-03-24T21:48:43.794Z,29.823,-12.748611450195312,-26.994443893432614,47.48888778686523
1616622402351,2021-03-24T21:48:43.795Z,29.863000000000003,-12.748611450195312,-25.119443893432614,50.36388778686523
1616622402390,2021-03-24T21:48:43.822Z,29.901999999999997,-12.748611450195312,-26.619443893432614,48.30138778686523
1616622402430,2021-03-24T21:48:43.838Z,29.941999999999997,-13.123611450195312,-25.494443893432614,47.92638778686523
1616622402469,2021-03-24T21:48:43.840Z,29.980999999999998,-13.123611450195312,-25.869443893432614,48.30138778686523
1616622402509,2021-03-24T21:48:43.841Z,30.021,-11.623611450195312,-26.619443893432614,47.92638778686523
1616622402549,2021-03-24T21:48:43.853Z,30.061,-13.123611450195312,-26.244443893432614,49.92638778686523
1616622402588,2021-03-24T21:48:43.855Z,30.1,-12.748611450195312,-25.119443893432614,49.92638778686523
1616622402629,2021-03-24T21:48:43.857Z,30.141,-12.748611450195312,-25.494443893432614,48.30138778686523
1616622402669,2021-03-24T21:48:43.868Z,30.180999999999997,-13.123611450195312,-24.744443893432614,49.11388778686523
1616622402708,2021-03-24T21:48:43.871Z,30.22,-11.998611450195312,-34.74444580078125,49.11388778686523
1616622402748,2021-03-24T21:48:43.882Z,30.26,-13.498611450195312,-26.244443893432614,48.73888778686523
1616622402787,2021-03-24T21:48:43.884Z,30.299,-12.373611450195312,-26.619443893432614,49.11388778686523
1616622402827,2021-03-24T21:48:43.886Z,30.339000000000002,-12.748611450195312,-26.994443893432614,47.48888778686523
1616622402866,2021-03-24T21:48:43.902Z,30.378,-12.748611450195312,-25.494443893432614,47.92638778686523
1616622402906,2021-03-24T21:48:43.902Z,30.418000000000003,-13.123611450195312,-24.744443893432614,49.92638778686523
1616622402946,2021-03-24T21:48:43.903Z,30.458000000000002,-10.873611450195312,-27.369443893432614,47.92638778686523
1616622402985,2021-03-24T21:48:43.913Z,30.497,-12.373611450195312,-25.869443893432614,48.73888778686523
1616622403025,2021-03-24T21:48:43.916Z,30.537,-13.123611450195312,-28.056943893432614,48.73888778686523
1616622403066,2021-03-24T21:48:43.927Z,30.578000000000003,-12.748611450195312,-26.244443893432614,48.36388778686523
1616622403105,2021-03-24T21:48:43.929Z,30.616999999999997,-12.748611450195312,-26.994443893432614,49.11388778686523
1616622403145,2021-03-24T21:48:43.931Z,30.656999999999996,-13.498611450195312,-25.494443893432614,49.11388778686523
1616622403184,2021-03-24T21:48:43.942Z,30.695999999999998,-12.748611450195312,-25.119443893432614,47.11388778686523
1616622403224,2021-03-24T21:48:43.944Z,30.736,-13.873611450195312,-25.119443893432614,48.30138778686523
1616622403263,2021-03-24T21:48:43.946Z,30.775,-11.998611450195312,-26.619443893432614,48.67638778686523
1616622403303,2021-03-24T21:48:43.958Z,30.815,-12.748611450195312,-26.244443893432614,47.11388778686523
1616622403343,2021-03-24T21:48:43.960Z,30.855,-12.748611450195312,-25.494443893432614,49.55138778686523
1616622403382,2021-03-24T21:48:43.962Z,30.894000000000002,-12.373611450195312,-42.86944580078125,49.55138778686523
1616622403422,2021-03-24T21:48:43.988Z,30.934,-13.123611450195312,-25.494443893432614,48.30138778686523
1616622403461,2021-03-24T21:48:43.991Z,30.973000000000003,-14.248611450195312,-24.744443893432614,49.11388778686523
1616622403502,2021-03-24T21:48:44.002Z,31.014,-12.748611450195312,-25.869443893432614,47.05138778686523
1616622403542,2021-03-24T21:48:44.017Z,31.054000000000002,-12.748611450195312,-26.244443893432614,49.11388778686523
1616622403581,2021-03-24T21:48:44.019Z,31.093000000000004,-13.498611450195312,-25.494443893432614,48.73888778686523
1616622403621,2021-03-24T21:48:44.021Z,31.133000000000003,-12.748611450195312,-28.431943893432614,47.92638778686523
1616622403660,2021-03-24T21:48:44.032Z,31.171999999999997,-13.873611450195312,-25.869443893432614,48.73888778686523
1616622403700,2021-03-24T21:48:44.047Z,31.212,-13.123611450195312,-24.744443893432614,48.73888778686523
1616622403739,2021-03-24T21:48:44.049Z,31.250999999999998,-13.123611450195312,-24.744443893432614,47.05138778686523
1616622403779,2021-03-24T21:48:44.052Z,31.291,-13.873611450195312,-25.119443893432614,48.30138778686523
1616622403819,2021-03-24T21:48:44.063Z,31.331,-13.498611450195312,-24.744443893432614,49.11388778686523
1616622403858,2021-03-24T21:48:44.066Z,31.37,-12.748611450195312,-25.119443893432614,47.48888778686523
1616622403899,2021-03-24T21:48:44.067Z,31.410999999999998,-12.748611450195312,-25.119443893432614,49.55138778686523
1616622403939,2021-03-24T21:48:44.078Z,31.451,-12.373611450195312,-26.994443893432614,49.11388778686523
1616622403978,2021-03-24T21:48:44.081Z,31.49,-11.623611450195312,-26.244443893432614,47.86388778686523
1616622404018,2021-03-24T21:48:44.092Z,31.53,-13.873611450195312,-25.119443893432614,49.11388778686523
1616622404057,2021-03-24T21:48:44.095Z,31.569000000000003,-13.123611450195312,-32.86944580078125,49.11388778686523
1616622404097,2021-03-24T21:48:44.107Z,31.609,-12.748611450195312,-25.119443893432614,47.48888778686523
1616622404136,2021-03-24T21:48:44.137Z,31.648000000000003,-13.498611450195312,-24.744443893432614,48.73888778686523
1616622404176,2021-03-24T21:48:44.170Z,31.688000000000002,-12.373611450195312,-26.244443893432614,46.23888778686523
1616622404216,2021-03-24T21:48:44.172Z,31.728,-12.748611450195312,-23.994443893432614,47.98888778686523
1616622404255,2021-03-24T21:48:44.182Z,31.767,-13.873611450195312,-26.619443893432614,48.30138778686523
1616622404295,2021-03-24T21:48:44.184Z,31.807,-13.123611450195312,-25.869443893432614,47.92638778686523
1616622404336,2021-03-24T21:48:44.187Z,31.848000000000003,-12.373611450195312,-25.494443893432614,48.67638778686523
1616622404375,2021-03-24T21:48:44.198Z,31.886999999999997,-13.123611450195312,-25.869443893432614,48.73888778686523
1616622404415,2021-03-24T21:48:44.200Z,31.927,-11.998611450195312,-25.869443893432614,48.30138778686523
1616622404454,2021-03-24T21:48:44.202Z,31.965999999999998,-13.123611450195312,-25.869443893432614,51.17638778686523
1616622404494,2021-03-24T21:48:44.243Z,32.006,-12.748611450195312,-25.494443893432614,49.17638778686523
1616622404533,2021-03-24T21:48:44.245Z,32.045,-13.123611450195312,-25.119443893432614,49.55138778686523
1616622404573,2021-03-24T21:48:44.247Z,32.085,-13.873611450195312,-25.494443893432614,49.55138778686523
1616622404613,2021-03-24T21:48:44.258Z,32.125,-13.123611450195312,-39.55694580078125,49.55138778686523
1616622404652,2021-03-24T21:48:44.261Z,32.164,-13.498611450195312,-27.744443893432614,48.30138778686523
1616622404692,2021-03-24T21:48:44.272Z,32.204,-13.498611450195312,-25.119443893432614,48.73888778686523
1616622404731,2021-03-24T21:48:44.274Z,32.243,-13.873611450195312,-24.744443893432614,47.48888778686523
1616622404772,2021-03-24T21:48:44.276Z,32.284,-12.373611450195312,-25.119443893432614,48.73888778686523
1616622404812,2021-03-24T21:48:44.288Z,32.324,-12.748611450195312,-25.869443893432614,49.55138778686523
1616622404851,2021-03-24T21:48:44.290Z,32.363,-12.748611450195312,-25.869443893432614,47.48888778686523
1616622404891,2021-03-24T21:48:44.292Z,32.403,-11.623611450195312,-25.869443893432614,48.36388778686523
1616622404930,2021-03-24T21:48:44.304Z,32.442,-12.748611450195312,-24.369443893432614,49.92638778686523
1616622404970,2021-03-24T21:48:44.306Z,32.482,-13.498611450195312,-26.619443893432614,47.86388778686523
1616622405010,2021-03-24T21:48:44.318Z,32.522,-13.498611450195312,-25.494443893432614,49.55138778686523
1616622405049,2021-03-24T21:48:44.320Z,32.561,-13.498611450195312,-25.119443893432614,47.11388778686523
1616622405089,2021-03-24T21:48:44.332Z,32.601,-13.123611450195312,-25.869443893432614,47.86388778686523
1616622405128,2021-03-24T21:48:44.336Z,32.64,-12.373611450195312,-25.869443893432614,49.55138778686523
1616622405168,2021-03-24T21:48:44.337Z,32.68,-12.373611450195312,-24.744443893432614,49.11388778686523
1616622405209,2021-03-24T21:48:44.347Z,32.721,-12.748611450195312,-25.869443893432614,49.11388778686523
1616622405248,2021-03-24T21:48:44.349Z,32.76,-12.748611450195312,-25.869443893432614,49.55138778686523
1616622405288,2021-03-24T21:48:44.351Z,32.8,-11.998611450195312,-43.61944580078125,49.11388778686523
1616622405327,2021-03-24T21:48:44.378Z,32.839,-12.748611450195312,-25.869443893432614,48.30138778686523
1616622405367,2021-03-24T21:48:44.393Z,32.879,-13.123611450195312,-25.869443893432614,49.55138778686523
1616622405406,2021-03-24T21:48:44.396Z,32.918,-13.123611450195312,-26.244443893432614,48.73888778686523
1616622405446,2021-03-24T21:48:44.407Z,32.958,-13.123611450195312,-25.869443893432614,47.55138778686523
1616622405486,2021-03-24T21:48:44.409Z,32.998000000000005,-11.623611450195312,-26.244443893432614,49.92638778686523
1616622405525,2021-03-24T21:48:44.411Z,33.037,-12.748611450195312,-28.806943893432614,47.48888778686523
1616622405565,2021-03-24T21:48:44.423Z,33.077,-13.123611450195312,-24.369443893432614,49.11388778686523
1616622405606,2021-03-24T21:48:44.424Z,33.118,-12.748611450195312,-24.744443893432614,49.11388778686523
1616622405645,2021-03-24T21:48:44.426Z,33.157,-11.998611450195312,-23.994443893432614,47.92638778686523
1616622405685,2021-03-24T21:48:44.437Z,33.196999999999996,-12.748611450195312,-25.119443893432614,49.92638778686523
1616622405724,2021-03-24T21:48:44.440Z,33.236,-12.748611450195312,-25.869443893432614,49.11388778686523
1616622405764,2021-03-24T21:48:44.442Z,33.275999999999996,-12.373611450195312,-22.869443893432614,48.73888778686523
1616622405803,2021-03-24T21:48:44.453Z,33.315,-13.123611450195312,-25.869443893432614,49.11388778686523
1616622405843,2021-03-24T21:48:44.455Z,33.355,-13.123611450195312,-29.556943893432614,49.55138778686523
1616622405883,2021-03-24T21:48:44.467Z,33.395,-13.123611450195312,-26.619443893432614,48.30138778686523
1616622405922,2021-03-24T21:48:44.468Z,33.434,-12.373611450195312,-26.244443893432614,50.36388778686523
1616622405962,2021-03-24T21:48:44.471Z,33.474000000000004,-13.123611450195312,-28.806943893432614,49.11388778686523
1616622406003,2021-03-24T21:48:44.482Z,33.515,-11.248611450195312,-25.119443893432614,47.92638778686523
1616622406042,2021-03-24T21:48:44.485Z,33.554,-12.748611450195312,-26.619443893432614,49.11388778686523
1616622406082,2021-03-24T21:48:44.487Z,33.594,-12.373611450195312,-26.619443893432614,49.55138778686523
1616622406121,2021-03-24T21:48:44.498Z,33.633,-11.248611450195312,-25.494443893432614,48.36388778686523
1616622406161,2021-03-24T21:48:44.500Z,33.673,-13.123611450195312,-24.744443893432614,49.55138778686523
1616622406200,2021-03-24T21:48:44.512Z,33.711999999999996,-13.123611450195312,-25.494443893432614,49.55138778686523
1616622406240,2021-03-24T21:48:44.514Z,33.751999999999995,-13.873611450195312,-25.869443893432614,49.55138778686523
1616622406280,2021-03-24T21:48:44.516Z,33.792,-13.873611450195312,-26.619443893432614,49.98888778686523
1616622406319,2021-03-24T21:48:44.542Z,33.830999999999996,-12.373611450195312,-25.494443893432614,46.23888778686523
1616622406359,2021-03-24T21:48:44.545Z,33.871,-13.123611450195312,-24.369443893432614,48.73888778686523
1616622406398,2021-03-24T21:48:44.547Z,33.91,-12.748611450195312,-25.494443893432614,49.55138778686523
1616622406438,2021-03-24T21:48:44.558Z,33.95,-13.873611450195312,-26.619443893432614,47.05138778686523
1616622406479,2021-03-24T21:48:44.573Z,33.991,-14.248611450195312,-26.244443893432614,49.55138778686523
1616622406518,2021-03-24T21:48:44.576Z,34.03,-11.623611450195312,-42.18194580078125,48.30138778686523
1616622406558,2021-03-24T21:48:44.587Z,34.07,-12.748611450195312,-28.056943893432614,48.30138778686523
1616622406597,2021-03-24T21:48:44.602Z,34.109,-12.748611450195312,-23.994443893432614,48.73888778686523
1616622406637,2021-03-24T21:48:44.603Z,34.149,-13.123611450195312,-26.619443893432614,49.11388778686523
1616622406677,2021-03-24T21:48:44.606Z,34.189,-13.498611450195312,-25.494443893432614,47.92638778686523
1616622406716,2021-03-24T21:48:44.617Z,34.228,-13.123611450195312,-24.369443893432614,49.55138778686523
1616622406756,2021-03-24T21:48:44.619Z,34.268,-13.873611450195312,-25.119443893432614,48.30138778686523
1616622406795,2021-03-24T21:48:44.622Z,34.306999999999995,-12.748611450195312,-25.494443893432614,49.17638778686523
1616622406835,2021-03-24T21:48:44.633Z,34.347,-11.623611450195312,-25.119443893432614,49.55138778686523
1616622406874,2021-03-24T21:48:44.635Z,34.385999999999996,-13.873611450195312,-25.494443893432614,47.92638778686523
1616622406915,2021-03-24T21:48:44.637Z,34.427,-11.998611450195312,-25.869443893432614,48.67638778686523
1616622406955,2021-03-24T21:48:44.650Z,34.467,-12.373611450195312,-26.244443893432614,48.73888778686523
1616622406994,2021-03-24T21:48:44.652Z,34.506,-11.623611450195312,-26.244443893432614,47.48888778686523
1616622407034,2021-03-24T21:48:44.663Z,34.546,-13.498611450195312,-25.119443893432614,49.11388778686523
1616622407073,2021-03-24T21:48:44.665Z,34.585,-11.998611450195312,-25.494443893432614,49.11388778686523
1616622407113,2021-03-24T21:48:44.678Z,34.625,-13.123611450195312,-26.994443893432614,48.30138778686523
1616622407153,2021-03-24T21:48:44.680Z,34.665,-12.748611450195312,-26.244443893432614,49.11388778686523
1616622407192,2021-03-24T21:48:44.682Z,34.704,-13.498611450195312,-36.61944580078125,48.73888778686523
1616622407232,2021-03-24T21:48:44.693Z,34.744,-13.498611450195312,-24.744443893432614,47.48888778686523
1616622407271,2021-03-24T21:48:44.723Z,34.783,-11.248611450195312,-25.869443893432614,49.55138778686523
1616622407311,2021-03-24T21:48:44.725Z,34.823,-13.498611450195312,-25.869443893432614,48.73888778686523
1616622407350,2021-03-24T21:48:44.736Z,34.861999999999995,-13.498611450195312,-26.244443893432614,49.17638778686523
1616622407391,2021-03-24T21:48:44.738Z,34.903,-13.123611450195312,-25.494443893432614,49.55138778686523
1616622407431,2021-03-24T21:48:44.741Z,34.943000000000005,-13.123611450195312,-24.744443893432614,48.67638778686523
1616622407470,2021-03-24T21:48:44.752Z,34.982,-12.748611450195312,-26.619443893432614,49.11388778686523
1616622407510,2021-03-24T21:48:44.754Z,35.022,-12.748611450195312,-25.494443893432614,49.11388778686523
1616622407550,2021-03-24T21:48:44.756Z,35.062,-11.998611450195312,-25.494443893432614,47.86388778686523
1616622407589,2021-03-24T21:48:44.767Z,35.101,-13.498611450195312,-26.619443893432614,49.11388778686523
1616622407629,2021-03-24T21:48:44.770Z,35.141,-13.498611450195312,-26.244443893432614,48.30138778686523
1616622407668,2021-03-24T21:48:44.797Z,35.18,-13.873611450195312,-25.869443893432614,48.73888778686523
1616622407708,2021-03-24T21:48:44.799Z,35.22,-12.373611450195312,-24.369443893432614,49.92638778686523
1616622407747,2021-03-24T21:48:44.801Z,35.259,-13.123611450195312,-35.49444580078125,50.36388778686523
1616622407787,2021-03-24T21:48:44.812Z,35.299,-12.373611450195312,-26.244443893432614,48.73888778686523
1616622407828,2021-03-24T21:48:44.814Z,35.34,-13.123611450195312,-25.119443893432614,48.30138778686523
1616622407867,2021-03-24T21:48:44.816Z,35.379,-13.123611450195312,-26.994443893432614,49.11388778686523
1616622407907,2021-03-24T21:48:44.827Z,35.419000000000004,-13.123611450195312,-25.869443893432614,48.30138778686523
1616622407947,2021-03-24T21:48:44.829Z,35.459,-13.123611450195312,-26.619443893432614,49.55138778686523
1616622407986,2021-03-24T21:48:44.833Z,35.498000000000005,-13.873611450195312,-27.369443893432614,48.73888778686523
1616622408026,2021-03-24T21:48:44.843Z,35.538000000000004,-12.748611450195312,-23.994443893432614,48.73888778686523
1616622408065,2021-03-24T21:48:44.846Z,35.577,-13.498611450195312,-25.869443893432614,49.92638778686523
1616622408105,2021-03-24T21:48:44.858Z,35.617,-13.123611450195312,-25.494443893432614,49.11388778686523
1616622408144,2021-03-24T21:48:44.860Z,35.656,-11.998611450195312,-26.619443893432614,48.73888778686523
1616622408184,2021-03-24T21:48:44.862Z,35.696,-13.123611450195312,-24.369443893432614,51.17638778686523
1616622408223,2021-03-24T21:48:44.873Z,35.735,-13.498611450195312,-25.119443893432614,47.48888778686523
1616622408264,2021-03-24T21:48:44.875Z,35.775999999999996,-12.748611450195312,-25.869443893432614,49.55138778686523
1616622408304,2021-03-24T21:48:44.887Z,35.816,-11.998611450195312,-25.494443893432614,49.11388778686523
1616622408343,2021-03-24T21:48:44.889Z,35.855,-11.998611450195312,-25.869443893432614,47.86388778686523
1616622408383,2021-03-24T21:48:44.891Z,35.895,-12.373611450195312,-23.994443893432614,50.36388778686523
1616622408423,2021-03-24T21:48:44.902Z,35.935,-12.373611450195312,-43.61944580078125,49.11388778686523
1616622408462,2021-03-24T21:48:44.904Z,35.974000000000004,-13.873611450195312,-25.869443893432614,47.11388778686523
1616622408502,2021-03-24T21:48:44.906Z,36.014,-13.123611450195312,-25.494443893432614,49.55138778686523
1616622408541,2021-03-24T21:48:44.917Z,36.053000000000004,-13.498611450195312,-26.619443893432614,47.48888778686523
1616622408581,2021-03-24T21:48:44.920Z,36.093,-12.748611450195312,-24.369443893432614,48.73888778686523
1616622408620,2021-03-24T21:48:44.922Z,36.132,-12.748611450195312,-26.244443893432614,48.73888778686523
1616622408660,2021-03-24T21:48:44.949Z,36.172,-13.123611450195312,-26.619443893432614,48.67638778686523
1616622408701,2021-03-24T21:48:44.950Z,36.213,-12.373611450195312,-25.869443893432614,48.30138778686523
1616622408740,2021-03-24T21:48:44.962Z,36.251999999999995,-12.748611450195312,-25.494443893432614,49.92638778686523
1616622408780,2021-03-24T21:48:44.964Z,36.292,-12.748611450195312,-23.994443893432614,47.48888778686523
1616622408820,2021-03-24T21:48:44.966Z,36.332,-13.873611450195312,-26.244443893432614,49.55138778686523
1616622408859,2021-03-24T21:48:44.977Z,36.371,-13.123611450195312,-28.431943893432614,49.11388778686523
1616622408899,2021-03-24T21:48:44.981Z,36.411,-13.498611450195312,-24.744443893432614,48.30138778686523
1616622408938,2021-03-24T21:48:44.993Z,36.45,-13.873611450195312,-25.494443893432614,48.73888778686523
1616622408978,2021-03-24T21:48:44.994Z,36.49,-13.123611450195312,-26.619443893432614,48.30138778686523
1616622409017,2021-03-24T21:48:44.996Z,36.529,-12.748611450195312,-26.619443893432614,47.48888778686523
1616622409057,2021-03-24T21:48:45.008Z,36.569,-14.248611450195312,-23.994443893432614,49.55138778686523
1616622409096,2021-03-24T21:48:45.010Z,36.608000000000004,-11.998611450195312,-37.74444580078125,48.73888778686523
1616622409137,2021-03-24T21:48:45.012Z,36.649,-11.623611450195312,-25.119443893432614,47.48888778686523
1616622409177,2021-03-24T21:48:45.023Z,36.689,-11.998611450195312,-25.119443893432614,50.36388778686523
1616622409217,2021-03-24T21:48:45.026Z,36.729,-12.748611450195312,-26.619443893432614,47.92638778686523
1616622409256,2021-03-24T21:48:45.037Z,36.768,-12.373611450195312,-25.869443893432614,48.36388778686523
1616622409296,2021-03-24T21:48:45.067Z,36.808,-13.498611450195312,-25.869443893432614,49.11388778686523
1616622409335,2021-03-24T21:48:45.069Z,36.847,-13.498611450195312,-26.244443893432614,47.48888778686523
1616622409375,2021-03-24T21:48:45.072Z,36.887,-13.123611450195312,-25.869443893432614,49.55138778686523
1616622409414,2021-03-24T21:48:45.097Z,36.926,-13.873611450195312,-25.494443893432614,49.11388778686523
1616622409454,2021-03-24T21:48:45.098Z,36.966,-12.748611450195312,-25.494443893432614,48.73888778686523
1616622409493,2021-03-24T21:48:45.101Z,37.005,-13.498611450195312,-25.119443893432614,47.92638778686523
1616622409533,2021-03-24T21:48:45.112Z,37.045,-12.373611450195312,-24.369443893432614,50.73888778686523
1616622409574,2021-03-24T21:48:45.127Z,37.086,-11.623611450195312,-25.119443893432614,46.67638778686523
1616622409614,2021-03-24T21:48:45.131Z,37.126,-12.748611450195312,-24.369443893432614,50.36388778686523
1616622409653,2021-03-24T21:48:45.131Z,37.165,-12.373611450195312,-32.86944580078125,49.55138778686523
1616622409693,2021-03-24T21:48:45.143Z,37.205,-13.873611450195312,-25.494443893432614,48.73888778686523
1616622409732,2021-03-24T21:48:45.158Z,37.244,-12.748611450195312,-24.744443893432614,50.36388778686523
1616622409772,2021-03-24T21:48:45.173Z,37.284,-13.123611450195312,-26.994443893432614,48.30138778686523
1616622409811,2021-03-24T21:48:45.175Z,37.323,-12.748611450195312,-25.494443893432614,47.92638778686523
1616622409851,2021-03-24T21:48:45.187Z,37.363,-13.498611450195312,-25.494443893432614,49.55138778686523
1616622409890,2021-03-24T21:48:45.189Z,37.402,-13.123611450195312,-24.744443893432614,48.30138778686523
1616622409930,2021-03-24T21:48:45.191Z,37.442,-14.248611450195312,-26.244443893432614,48.73888778686523
1616622409969,2021-03-24T21:48:45.217Z,37.481,-13.123611450195312,-25.494443893432614,50.73888778686523
1616622410010,2021-03-24T21:48:45.221Z,37.522,-13.873611450195312,-25.119443893432614,48.67638778686523
1616622410050,2021-03-24T21:48:45.247Z,37.562,-13.123611450195312,-26.994443893432614,49.92638778686523
1616622410090,2021-03-24T21:48:45.249Z,37.602,-12.373611450195312,-24.744443893432614,48.73888778686523
1616622410129,2021-03-24T21:48:45.251Z,37.641,-12.373611450195312,-26.619443893432614,48.73888778686523
1616622410169,2021-03-24T21:48:45.263Z,37.681,-12.748611450195312,-24.744443893432614,49.55138778686523
1616622410208,2021-03-24T21:48:45.294Z,37.72,-11.248611450195312,-26.244443893432614,50.36388778686523
1616622410248,2021-03-24T21:48:45.307Z,37.76,-13.123611450195312,-25.869443893432614,48.30138778686523
1616622410287,2021-03-24T21:48:45.309Z,37.799,-11.998611450195312,-25.119443893432614,50.80138778686523
1616622410327,2021-03-24T21:48:45.312Z,37.839,-13.498611450195312,-43.99444580078125,49.11388778686523
1616622410368,2021-03-24T21:48:45.352Z,37.88,-11.998611450195312,-25.869443893432614,48.73888778686523
1616622410406,2021-03-24T21:48:45.355Z,37.918,-11.998611450195312,-24.744443893432614,49.55138778686523
1616622410447,2021-03-24T21:48:45.357Z,37.959,-12.748611450195312,-25.869443893432614,49.92638778686523
1616622410487,2021-03-24T21:48:45.368Z,37.999,-13.123611450195312,-24.744443893432614,48.30138778686523
1616622410526,2021-03-24T21:48:45.371Z,38.038000000000004,-13.123611450195312,-24.744443893432614,49.55138778686523
1616622410566,2021-03-24T21:48:45.382Z,38.078,-13.123611450195312,-28.056943893432614,48.30138778686523
1616622410605,2021-03-24T21:48:45.383Z,38.117,-12.373611450195312,-24.744443893432614,49.17638778686523
1616622410645,2021-03-24T21:48:45.386Z,38.157,-11.998611450195312,-26.994443893432614,50.36388778686523
1616622410684,2021-03-24T21:48:45.398Z,38.196,-13.123611450195312,-26.619443893432614,47.92638778686523
1616622410724,2021-03-24T21:48:45.400Z,38.236,-13.123611450195312,-23.994443893432614,50.36388778686523
1616622410763,2021-03-24T21:48:45.402Z,38.275,-14.623611450195312,-25.869443893432614,48.30138778686523
1616622410803,2021-03-24T21:48:45.414Z,38.315,-12.373611450195312,-25.494443893432614,47.86388778686523
1616622410843,2021-03-24T21:48:45.416Z,38.355,-13.123611450195312,-26.244443893432614,48.67638778686523
1616622410884,2021-03-24T21:48:45.428Z,38.396,-13.123611450195312,-26.244443893432614,49.11388778686523
1616622410923,2021-03-24T21:48:45.430Z,38.435,-12.373611450195312,-26.619443893432614,48.30138778686523
1616622410963,2021-03-24T21:48:45.432Z,38.475,-12.373611450195312,-24.744443893432614,49.55138778686523
1616622411002,2021-03-24T21:48:45.443Z,38.514,-12.748611450195312,-32.86944580078125,49.11388778686523
1616622411042,2021-03-24T21:48:45.446Z,38.554,-12.748611450195312,-26.619443893432614,48.30138778686523
1616622411081,2021-03-24T21:48:45.457Z,38.593,-13.123611450195312,-24.369443893432614,49.11388778686523
1616622411121,2021-03-24T21:48:45.459Z,38.633,-13.873611450195312,-25.869443893432614,49.11388778686523
1616622411160,2021-03-24T21:48:45.461Z,38.672,-12.748611450195312,-26.244443893432614,48.73888778686523
1616622411200,2021-03-24T21:48:45.472Z,38.711999999999996,-13.123611450195312,-25.494443893432614,50.36388778686523
1616622411239,2021-03-24T21:48:45.474Z,38.751,-12.373611450195312,-26.619443893432614,48.67638778686523
1616622411281,2021-03-24T21:48:45.476Z,38.793,-13.498611450195312,-26.244443893432614,49.11388778686523
1616622411320,2021-03-24T21:48:45.488Z,38.832,-12.748611450195312,-25.494443893432614,49.92638778686523
1616622411360,2021-03-24T21:48:45.503Z,38.872,-13.498611450195312,-25.119443893432614,47.92638778686523
1616622411399,2021-03-24T21:48:45.505Z,38.911,-13.123611450195312,-25.494443893432614,49.11388778686523
1616622411439,2021-03-24T21:48:45.507Z,38.951,-11.998611450195312,-25.119443893432614,49.55138778686523
1616622411478,2021-03-24T21:48:45.519Z,38.99,-13.498611450195312,-25.494443893432614,47.92638778686523
1616622411518,2021-03-24T21:48:45.521Z,39.03,-12.748611450195312,-25.869443893432614,49.92638778686523
1616622411557,2021-03-24T21:48:45.532Z,39.069,-13.873611450195312,-41.80694580078125,50.36388778686523
1616622411597,2021-03-24T21:48:45.547Z,39.109,-11.998611450195312,-25.494443893432614,48.73888778686523
1616622411636,2021-03-24T21:48:45.550Z,39.148,-10.561111450195312,-26.244443893432614,49.55138778686523
1616622411676,2021-03-24T21:48:45.552Z,39.188,-12.373611450195312,-26.619443893432614,49.11388778686523
1616622411717,2021-03-24T21:48:45.563Z,39.229,-11.998611450195312,-24.369443893432614,47.92638778686523
1616622411757,2021-03-24T21:48:45.565Z,39.269,-13.498611450195312,-24.744443893432614,50.36388778686523
1616622411796,2021-03-24T21:48:45.577Z,39.308,-13.123611450195312,-25.869443893432614,47.86388778686523
1616622411836,2021-03-24T21:48:45.579Z,39.348,-13.498611450195312,-23.994443893432614,48.73888778686523
1616622411875,2021-03-24T21:48:45.581Z,39.387,-14.248611450195312,-24.369443893432614,48.73888778686523
1616622411915,2021-03-24T21:48:45.592Z,39.427,-12.748611450195312,-25.119443893432614,48.73888778686523
1616622411954,2021-03-24T21:48:45.595Z,39.466,-12.748611450195312,-28.056943893432614,49.11388778686523
1616622411994,2021-03-24T21:48:45.597Z,39.506,-13.498611450195312,-25.119443893432614,48.30138778686523
1616622412033,2021-03-24T21:48:45.609Z,39.545,-12.748611450195312,-25.869443893432614,48.73888778686523
1616622412073,2021-03-24T21:48:45.611Z,39.585,-12.373611450195312,-25.494443893432614,48.30138778686523
1616622412113,2021-03-24T21:48:45.623Z,39.625,-11.623611450195312,-25.119443893432614,48.73888778686523
1616622412152,2021-03-24T21:48:45.626Z,39.664,-12.373611450195312,-26.619443893432614,47.11388778686523
1616622412193,2021-03-24T21:48:45.637Z,39.705,-12.748611450195312,-25.869443893432614,50.36388778686523
1616622412233,2021-03-24T21:48:45.652Z,39.745,-13.123611450195312,-37.74444580078125,49.55138778686523
1616622412272,2021-03-24T21:48:45.654Z,39.784,-13.873611450195312,-25.494443893432614,48.30138778686523
1616622412312,2021-03-24T21:48:45.656Z,39.824,-13.123611450195312,-25.869443893432614,49.11388778686523
1616622412351,2021-03-24T21:48:45.667Z,39.863,-13.498611450195312,-25.119443893432614,47.05138778686523
1616622412391,2021-03-24T21:48:45.685Z,39.903,-13.123611450195312,-25.494443893432614,47.92638778686523
1616622412430,2021-03-24T21:48:45.686Z,39.942,-12.373611450195312,-26.244443893432614,49.92638778686523
1616622412470,2021-03-24T21:48:45.687Z,39.982,-11.998611450195312,-26.619443893432614,50.36388778686523
1616622412510,2021-03-24T21:48:45.698Z,40.022,-13.498611450195312,-25.494443893432614,50.73888778686523
1616622412549,2021-03-24T21:48:45.728Z,40.061,-12.748611450195312,-27.744443893432614,49.92638778686523
1616622412589,2021-03-24T21:48:45.729Z,40.101,-13.498611450195312,-25.869443893432614,48.30138778686523
1616622412630,2021-03-24T21:48:45.731Z,40.141999999999996,-12.748611450195312,-23.619443893432614,49.11388778686523
1616622412669,2021-03-24T21:48:45.742Z,40.181,-13.873611450195312,-24.369443893432614,49.11388778686523
1616622412709,2021-03-24T21:48:45.745Z,40.221,-13.873611450195312,-26.994443893432614,47.86388778686523
1616622412748,2021-03-24T21:48:45.746Z,40.26,-12.373611450195312,-25.869443893432614,49.55138778686523
1616622412788,2021-03-24T21:48:45.758Z,40.3,-10.873611450195312,-31.806943893432614,50.36388778686523
1616622412827,2021-03-24T21:48:45.761Z,40.339,-12.748611450195312,-25.869443893432614,47.86388778686523
1616622412867,2021-03-24T21:48:45.772Z,40.379,-13.123611450195312,-25.869443893432614,49.55138778686523
1616622412906,2021-03-24T21:48:45.788Z,40.418,-11.623611450195312,-29.181943893432614,48.30138778686523
1616622412946,2021-03-24T21:48:45.790Z,40.458,-13.123611450195312,-23.994443893432614,48.30138778686523
1616622412986,2021-03-24T21:48:45.818Z,40.498000000000005,-13.498611450195312,-24.369443893432614,49.11388778686523
1616622413025,2021-03-24T21:48:45.821Z,40.537,-11.998611450195312,-25.494443893432614,47.48888778686523
1616622413066,2021-03-24T21:48:45.832Z,40.578,-13.498611450195312,-26.244443893432614,48.36388778686523
1616622413106,2021-03-24T21:48:45.833Z,40.618,-12.373611450195312,-25.869443893432614,48.30138778686523
1616622413145,2021-03-24T21:48:45.836Z,40.657,-13.873611450195312,-25.494443893432614,48.67638778686523
1616622413185,2021-03-24T21:48:45.847Z,40.696999999999996,-13.123611450195312,-24.744443893432614,49.11388778686523
1616622413224,2021-03-24T21:48:45.862Z,40.736,-13.498611450195312,-25.119443893432614,47.86388778686523
1616622413264,2021-03-24T21:48:45.864Z,40.775999999999996,-13.123611450195312,-25.869443893432614,47.86388778686523
1616622413303,2021-03-24T21:48:45.866Z,40.815,-13.498611450195312,-25.494443893432614,49.92638778686523
1616622413343,2021-03-24T21:48:45.908Z,40.855,-11.998611450195312,-25.119443893432614,50.36388778686523
1616622413383,2021-03-24T21:48:45.910Z,40.895,-13.498611450195312,-26.619443893432614,47.92638778686523
1616622413422,2021-03-24T21:48:45.912Z,40.934,-13.123611450195312,-26.244443893432614,49.11388778686523
1616622413462,2021-03-24T21:48:45.926Z,40.974,-14.248611450195312,-39.55694580078125,49.92638778686523
1616622413503,2021-03-24T21:48:45.968Z,41.015,-11.998611450195312,-28.056943893432614,48.30138778686523
1616622413542,2021-03-24T21:48:45.970Z,41.053999999999995,-13.123611450195312,-25.494443893432614,49.55138778686523
1616622413582,2021-03-24T21:48:45.982Z,41.093999999999994,-12.748611450195312,-26.244443893432614,48.30138778686523
1616622413621,2021-03-24T21:48:45.984Z,41.133,-13.123611450195312,-25.494443893432614,47.92638778686523
1616622413661,2021-03-24T21:48:45.986Z,41.173,-12.748611450195312,-27.369443893432614,48.30138778686523
1616622413700,2021-03-24T21:48:45.997Z,41.211999999999996,-11.998611450195312,-26.244443893432614,47.48888778686523
1616622413740,2021-03-24T21:48:46.000Z,41.251999999999995,-13.123611450195312,-26.244443893432614,49.17638778686523
1616622413780,2021-03-24T21:48:46.002Z,41.292,-13.498611450195312,-25.494443893432614,48.30138778686523
1616622413819,2021-03-24T21:48:46.013Z,41.331,-11.623611450195312,-26.244443893432614,48.30138778686523
1616622413859,2021-03-24T21:48:46.015Z,41.371,-12.373611450195312,-24.744443893432614,49.11388778686523
1616622413898,2021-03-24T21:48:46.027Z,41.41,-12.373611450195312,-25.494443893432614,49.92638778686523
1616622413939,2021-03-24T21:48:46.029Z,41.451,-13.123611450195312,-25.119443893432614,49.11388778686523
1616622413979,2021-03-24T21:48:46.031Z,41.49100000000001,-12.748611450195312,-25.494443893432614,49.11388778686523
1616622414018,2021-03-24T21:48:46.057Z,41.53,-13.123611450195312,-25.119443893432614,48.67638778686523
1616622414058,2021-03-24T21:48:46.059Z,41.57,-13.123611450195312,-26.244443893432614,47.92638778686523
1616622414097,2021-03-24T21:48:46.061Z,41.608999999999995,-11.998611450195312,-25.494443893432614,49.11388778686523
1616622414137,2021-03-24T21:48:46.072Z,41.648999999999994,-12.373611450195312,-41.05694580078125,48.73888778686523
1616622414177,2021-03-24T21:48:46.075Z,41.68899999999999,-14.248611450195312,-23.994443893432614,47.92638778686523
1616622414216,2021-03-24T21:48:46.077Z,41.728,-11.998611450195312,-27.369443893432614,49.11388778686523
1616622414256,2021-03-24T21:48:46.088Z,41.768,-13.498611450195312,-23.994443893432614,46.67638778686523
1616622414295,2021-03-24T21:48:46.103Z,41.806999999999995,-12.748611450195312,-25.869443893432614,48.73888778686523
1616622414335,2021-03-24T21:48:46.106Z,41.847,-13.498611450195312,-25.869443893432614,48.73888778686523
1616622414376,2021-03-24T21:48:46.117Z,41.888000000000005,-13.498611450195312,-25.494443893432614,48.30138778686523
1616622414415,2021-03-24T21:48:46.119Z,41.927,-13.123611450195312,-25.119443893432614,49.55138778686523
1616622414455,2021-03-24T21:48:46.121Z,41.967,-12.748611450195312,-25.494443893432614,48.73888778686523
1616622414494,2021-03-24T21:48:46.148Z,42.006,-12.748611450195312,-25.119443893432614,46.67638778686523
1616622414534,2021-03-24T21:48:46.149Z,42.04600000000001,-13.498611450195312,-25.494443893432614,49.11388778686523
1616622414573,2021-03-24T21:48:46.151Z,42.085,-12.748611450195312,-25.869443893432614,49.55138778686523
1616622414613,2021-03-24T21:48:46.162Z,42.125,-14.623611450195312,-23.994443893432614,47.92638778686523
1616622414653,2021-03-24T21:48:46.165Z,42.165,-12.748611450195312,-25.494443893432614,48.30138778686523
1616622414692,2021-03-24T21:48:46.167Z,42.20399999999999,-13.123611450195312,-28.806943893432614,48.30138778686523
1616622414732,2021-03-24T21:48:46.178Z,42.244,-12.373611450195312,-24.744443893432614,47.92638778686523
1616622414771,2021-03-24T21:48:46.180Z,42.283,-11.998611450195312,-26.994443893432614,48.30138778686523
1616622414812,2021-03-24T21:48:46.192Z,42.324,-12.748611450195312,-30.681943893432614,48.30138778686523
1616622414852,2021-03-24T21:48:46.207Z,42.364,-14.248611450195312,-25.494443893432614,47.92638778686523
1616622414891,2021-03-24T21:48:46.209Z,42.403,-13.873611450195312,-24.744443893432614,49.92638778686523
1616622414931,2021-03-24T21:48:46.211Z,42.443000000000005,-14.248611450195312,-25.119443893432614,47.48888778686523
1616622414970,2021-03-24T21:48:46.223Z,42.482,-13.498611450195312,-26.244443893432614,47.92638778686523
1616622415010,2021-03-24T21:48:46.239Z,42.522,-13.498611450195312,-26.244443893432614,49.11388778686523
1616622415050,2021-03-24T21:48:46.241Z,42.562,-13.498611450195312,-26.244443893432614,48.67638778686523
1616622415089,2021-03-24T21:48:46.242Z,42.601000000000006,-13.123611450195312,-25.119443893432614,48.73888778686523
1616622415129,2021-03-24T21:48:46.267Z,42.641000000000005,-13.123611450195312,-25.869443893432614,49.55138778686523
1616622415168,2021-03-24T21:48:46.268Z,42.68,-12.748611450195312,-25.119443893432614,47.48888778686523
1616622415208,2021-03-24T21:48:46.271Z,42.72,-13.123611450195312,-25.869443893432614,47.92638778686523
1616622415249,2021-03-24T21:48:46.282Z,42.761,-11.998611450195312,-25.869443893432614,48.73888778686523
1616622415288,2021-03-24T21:48:46.284Z,42.8,-11.998611450195312,-25.119443893432614,47.48888778686523
1616622415328,2021-03-24T21:48:46.286Z,42.84,-12.748611450195312,-27.744443893432614,49.11388778686523
1616622415367,2021-03-24T21:48:46.297Z,42.879,-13.123611450195312,-43.24444580078125,49.17638778686523
1616622415407,2021-03-24T21:48:46.299Z,42.919,-12.373611450195312,-26.994443893432614,47.48888778686523
1616622415447,2021-03-24T21:48:46.302Z,42.958999999999996,-13.873611450195312,-25.119443893432614,49.11388778686523
1616622415486,2021-03-24T21:48:46.316Z,42.998000000000005,-13.498611450195312,-25.494443893432614,47.11388778686523
1616622415526,2021-03-24T21:48:46.316Z,43.038000000000004,-13.873611450195312,-26.994443893432614,47.48888778686523
1616622415565,2021-03-24T21:48:46.317Z,43.077,-11.998611450195312,-25.869443893432614,49.11388778686523
1616622415605,2021-03-24T21:48:46.357Z,43.117,-13.123611450195312,-27.369443893432614,47.48888778686523
1616622415644,2021-03-24T21:48:46.359Z,43.156000000000006,-13.123611450195312,-26.244443893432614,49.55138778686523
1616622415685,2021-03-24T21:48:46.361Z,43.196999999999996,-13.123611450195312,-26.994443893432614,48.73888778686523
1616622415725,2021-03-24T21:48:46.373Z,43.236999999999995,-13.498611450195312,-26.619443893432614,46.67638778686523
1616622415764,2021-03-24T21:48:46.403Z,43.276,-11.623611450195312,-25.869443893432614,48.73888778686523
1616622415804,2021-03-24T21:48:46.418Z,43.316,-13.873611450195312,-27.369443893432614,49.11388778686523
1616622415843,2021-03-24T21:48:46.420Z,43.355,-14.623611450195312,-25.869443893432614,47.48888778686523
1616622415883,2021-03-24T21:48:46.432Z,43.395,-13.498611450195312,-26.244443893432614,49.55138778686523
1616622415923,2021-03-24T21:48:46.463Z,43.435,-13.498611450195312,-25.494443893432614,48.30138778686523
1616622415962,2021-03-24T21:48:46.464Z,43.474,-13.498611450195312,-24.369443893432614,47.92638778686523
1616622416002,2021-03-24T21:48:46.466Z,43.513999999999996,-11.998611450195312,-27.744443893432614,48.30138778686523
1616622416041,2021-03-24T21:48:46.478Z,43.553000000000004,-12.373611450195312,-44.74444580078125,47.11388778686523
1616622416081,2021-03-24T21:48:46.480Z,43.593,-13.873611450195312,-26.994443893432614,47.92638778686523
1616622416122,2021-03-24T21:48:46.482Z,43.63399999999999,-14.248611450195312,-25.869443893432614,48.30138778686523
1616622416161,2021-03-24T21:48:46.494Z,43.673,-13.123611450195312,-26.619443893432614,48.30138778686523
1616622416201,2021-03-24T21:48:46.496Z,43.713,-14.248611450195312,-27.369443893432614,47.48888778686523
1616622416240,2021-03-24T21:48:46.507Z,43.751999999999995,-12.748611450195312,-26.244443893432614,49.17638778686523
1616622416280,2021-03-24T21:48:46.509Z,43.792,-13.498611450195312,-27.744443893432614,47.11388778686523
1616622416320,2021-03-24T21:48:46.511Z,43.832,-13.123611450195312,-25.494443893432614,48.73888778686523
1616622416359,2021-03-24T21:48:46.524Z,43.871,-12.748611450195312,-26.619443893432614,47.92638778686523
1616622416399,2021-03-24T21:48:46.538Z,43.911,-14.998611450195312,-26.619443893432614,46.67638778686523
1616622416438,2021-03-24T21:48:46.539Z,43.95,-13.873611450195312,-26.244443893432614,47.92638778686523
1616622416478,2021-03-24T21:48:46.541Z,43.99,-13.873611450195312,-26.244443893432614,47.86388778686523
1616622416517,2021-03-24T21:48:46.553Z,44.028999999999996,-13.123611450195312,-28.431943893432614,47.11388778686523
1616622416558,2021-03-24T21:48:46.555Z,44.07,-14.998611450195312,-26.994443893432614,48.30138778686523
1616622416598,2021-03-24T21:48:46.597Z,44.11,-13.873611450195312,-26.994443893432614,49.11388778686523
1616622416637,2021-03-24T21:48:46.612Z,44.148999999999994,-13.498611450195312,-26.244443893432614,45.86388778686523
1616622416677,2021-03-24T21:48:46.615Z,44.18899999999999,-14.248611450195312,-25.494443893432614,47.92638778686523
1616622416717,2021-03-24T21:48:46.617Z,44.229,-13.873611450195312,-31.056943893432614,47.86388778686523
1616622416756,2021-03-24T21:48:46.629Z,44.268,-13.123611450195312,-26.994443893432614,46.73888778686523
1616622416796,2021-03-24T21:48:46.631Z,44.308,-14.248611450195312,-28.431943893432614,48.67638778686523
1616622416835,2021-03-24T21:48:46.642Z,44.347,-14.248611450195312,-27.744443893432614,47.11388778686523
1616622416875,2021-03-24T21:48:46.658Z,44.387,-14.623611450195312,-26.244443893432614,47.98888778686523
1616622416914,2021-03-24T21:48:46.660Z,44.426,-13.123611450195312,-28.056943893432614,48.73888778686523
1616622416954,2021-03-24T21:48:46.662Z,44.466,-13.123611450195312,-27.369443893432614,47.11388778686523
1616622416995,2021-03-24T21:48:46.673Z,44.507,-11.998611450195312,-27.369443893432614,48.30138778686523
1616622417034,2021-03-24T21:48:46.675Z,44.54600000000001,-12.748611450195312,-26.994443893432614,49.11388778686523
1616622417074,2021-03-24T21:48:46.687Z,44.586000000000006,-15.373611450195312,-26.994443893432614,46.30138778686523
1616622417114,2021-03-24T21:48:46.688Z,44.626000000000005,-13.873611450195312,-29.181943893432614,47.92638778686523
1616622417153,2021-03-24T21:48:46.691Z,44.665,-13.873611450195312,-25.869443893432614,47.92638778686523
1616622417193,2021-03-24T21:48:46.702Z,44.705,-13.123611450195312,-26.244443893432614,47.11388778686523
1616622417232,2021-03-24T21:48:46.704Z,44.744,-13.873611450195312,-27.369443893432614,47.92638778686523
1616622417272,2021-03-24T21:48:46.706Z,44.784,-13.873611450195312,-39.18194580078125,49.92638778686523
1616622417311,2021-03-24T21:48:46.718Z,44.823,-13.873611450195312,-35.11944580078125,46.67638778686523
1616622417351,2021-03-24T21:48:46.719Z,44.863,-13.498611450195312,-27.744443893432614,49.11388778686523
1616622417390,2021-03-24T21:48:46.722Z,44.902,-13.123611450195312,-27.369443893432614,46.67638778686523
1616622417431,2021-03-24T21:48:46.734Z,44.943000000000005,-14.248611450195312,-26.994443893432614,47.11388778686523
1616622417471,2021-03-24T21:48:46.736Z,44.983000000000004,-13.123611450195312,-26.994443893432614,47.92638778686523
1616622417510,2021-03-24T21:48:46.762Z,45.022,-14.248611450195312,-30.306943893432614,47.48888778686523
1616622417550,2021-03-24T21:48:46.764Z,45.062,-15.373611450195312,-27.369443893432614,48.36388778686523
1616622417590,2021-03-24T21:48:46.766Z,45.102,-12.748611450195312,-26.244443893432614,48.36388778686523
1616622417629,2021-03-24T21:48:46.777Z,45.141000000000005,-13.873611450195312,-28.056943893432614,47.48888778686523
1616622417669,2021-03-24T21:48:46.793Z,45.181000000000004,-14.248611450195312,-27.369443893432614,47.92638778686523
1616622417708,2021-03-24T21:48:46.795Z,45.22,-13.873611450195312,-27.744443893432614,47.92638778686523
1616622417748,2021-03-24T21:48:46.797Z,45.26,-15.748611450195312,-26.994443893432614,46.67638778686523
1616622417787,2021-03-24T21:48:46.808Z,45.299,-14.623611450195312,-30.306943893432614,48.30138778686523
1616622417827,2021-03-24T21:48:46.824Z,45.339,-13.873611450195312,-27.744443893432614,49.55138778686523
1616622417866,2021-03-24T21:48:46.826Z,45.378,-13.123611450195312,-27.744443893432614,46.30138778686523
1616622417907,2021-03-24T21:48:46.838Z,45.419,-13.873611450195312,-26.619443893432614,48.73888778686523
1616622417947,2021-03-24T21:48:46.839Z,45.458999999999996,-14.623611450195312,-44.74444580078125,49.11388778686523
1616622417987,2021-03-24T21:48:46.841Z,45.498999999999995,-13.123611450195312,-26.994443893432614,47.48888778686523
1616622418026,2021-03-24T21:48:46.852Z,45.538000000000004,-15.373611450195312,-26.619443893432614,47.92638778686523
1616622418066,2021-03-24T21:48:46.854Z,45.578,-13.498611450195312,-27.744443893432614,46.67638778686523
1616622418105,2021-03-24T21:48:46.856Z,45.617,-14.623611450195312,-26.619443893432614,47.11388778686523
1616622418145,2021-03-24T21:48:46.882Z,45.657,-14.623611450195312,-26.994443893432614,47.92638778686523
1616622418184,2021-03-24T21:48:46.914Z,45.696000000000005,-14.623611450195312,-29.556943893432614,47.48888778686523
1616622418224,2021-03-24T21:48:46.915Z,45.736000000000004,-14.248611450195312,-26.994443893432614,48.36388778686523
1616622418263,2021-03-24T21:48:46.916Z,45.775,-15.373611450195312,-26.994443893432614,49.55138778686523
1616622418303,2021-03-24T21:48:46.927Z,45.815,-13.873611450195312,-27.744443893432614,47.48888778686523
1616622418344,2021-03-24T21:48:46.957Z,45.856,-13.498611450195312,-28.056943893432614,47.92638778686523
1616622418384,2021-03-24T21:48:46.959Z,45.896,-14.248611450195312,-27.744443893432614,47.11388778686523
1616622418423,2021-03-24T21:48:46.972Z,45.935,-13.873611450195312,-26.619443893432614,48.30138778686523
1616622418463,2021-03-24T21:48:46.975Z,45.975,-14.248611450195312,-25.869443893432614,48.30138778686523
1616622418502,2021-03-24T21:48:46.977Z,46.013999999999996,-14.623611450195312,-26.994443893432614,49.11388778686523
1616622418542,2021-03-24T21:48:46.988Z,46.053999999999995,-13.873611450195312,-26.994443893432614,46.67638778686523
1616622418581,2021-03-24T21:48:47.018Z,46.093,-15.373611450195312,-27.369443893432614,47.92638778686523
1616622418621,2021-03-24T21:48:47.021Z,46.133,-14.998611450195312,-39.93194580078125,47.92638778686523
1616622418660,2021-03-24T21:48:47.032Z,46.172,-13.123611450195312,-29.181943893432614,47.92638778686523
1616622418700,2021-03-24T21:48:47.047Z,46.211999999999996,-13.873611450195312,-27.369443893432614,48.30138778686523
1616622418739,2021-03-24T21:48:47.054Z,46.251000000000005,-13.873611450195312,-27.369443893432614,47.92638778686523
1616622418781,2021-03-24T21:48:47.055Z,46.293,-13.873611450195312,-27.369443893432614,47.17638778686523
1616622418820,2021-03-24T21:48:47.063Z,46.332,-13.873611450195312,-29.181943893432614,48.73888778686523
1616622418860,2021-03-24T21:48:47.065Z,46.372,-14.623611450195312,-26.994443893432614,47.48888778686523
1616622418899,2021-03-24T21:48:47.067Z,46.411,-13.498611450195312,-27.744443893432614,48.73888778686523
1616622418939,2021-03-24T21:48:47.079Z,46.451,-14.623611450195312,-25.869443893432614,47.11388778686523
1616622418978,2021-03-24T21:48:47.081Z,46.49,-15.373611450195312,-26.619443893432614,45.86388778686523
1616622419018,2021-03-24T21:48:47.093Z,46.53,-14.248611450195312,-27.744443893432614,47.48888778686523
1616622419057,2021-03-24T21:48:47.095Z,46.568999999999996,-14.248611450195312,-27.744443893432614,47.92638778686523
1616622419097,2021-03-24T21:48:47.107Z,46.608999999999995,-14.623611450195312,-32.18194580078125,47.92638778686523
1616622419136,2021-03-24T21:48:47.109Z,46.648,-14.248611450195312,-26.994443893432614,47.48888778686523
1616622419176,2021-03-24T21:48:47.111Z,46.688,-14.248611450195312,-33.61944580078125,48.73888778686523
1616622419217,2021-03-24T21:48:47.122Z,46.729,-14.623611450195312,-28.119443893432614,47.55138778686523
1616622419257,2021-03-24T21:48:47.124Z,46.769,-14.623611450195312,-27.744443893432614,47.92638778686523
1616622419296,2021-03-24T21:48:47.126Z,46.808,-14.623611450195312,-30.306943893432614,47.48888778686523
1616622419336,2021-03-24T21:48:47.137Z,46.848,-12.373611450195312,-26.994443893432614,46.67638778686523
1616622419375,2021-03-24T21:48:47.140Z,46.887,-14.998611450195312,-26.994443893432614,48.30138778686523
1616622419415,2021-03-24T21:48:47.142Z,46.927,-14.623611450195312,-27.369443893432614,47.48888778686523
1616622419454,2021-03-24T21:48:47.153Z,46.966,-13.873611450195312,-28.806943893432614,47.17638778686523
1616622419494,2021-03-24T21:48:47.168Z,47.006,-13.873611450195312,-27.744443893432614,48.30138778686523
1616622419533,2021-03-24T21:48:47.171Z,47.045,-14.623611450195312,-28.431943893432614,47.11388778686523
1616622419573,2021-03-24T21:48:47.182Z,47.085,-13.498611450195312,-29.931943893432614,48.73888778686523
1616622419613,2021-03-24T21:48:47.184Z,47.125,-13.498611450195312,-27.744443893432614,48.73888778686523
1616622419654,2021-03-24T21:48:47.186Z,47.166000000000004,-13.873611450195312,-26.994443893432614,47.48888778686523
1616622419693,2021-03-24T21:48:47.200Z,47.205,-16.061111450195312,-27.369443893432614,47.11388778686523
1616622419733,2021-03-24T21:48:47.243Z,47.245,-14.248611450195312,-29.181943893432614,47.48888778686523
1616622419772,2021-03-24T21:48:47.245Z,47.284,-14.623611450195312,-27.369443893432614,46.30138778686523
1616622419812,2021-03-24T21:48:47.257Z,47.324,-15.373611450195312,-28.056943893432614,48.30138778686523
1616622419851,2021-03-24T21:48:47.259Z,47.363,-13.498611450195312,-43.61944580078125,47.92638778686523
1616622419891,2021-03-24T21:48:47.261Z,47.403,-14.623611450195312,-28.431943893432614,46.67638778686523
1616622419930,2021-03-24T21:48:47.273Z,47.442,-14.623611450195312,-25.494443893432614,47.92638778686523
1616622419970,2021-03-24T21:48:47.274Z,47.482,-14.623611450195312,-28.056943893432614,47.11388778686523
1616622420010,2021-03-24T21:48:47.276Z,47.522,-13.873611450195312,-26.244443893432614,47.11388778686523
1616622420049,2021-03-24T21:48:47.287Z,47.56100000000001,-14.248611450195312,-27.369443893432614,48.30138778686523
1616622420090,2021-03-24T21:48:47.290Z,47.602,-13.498611450195312,-28.806943893432614,46.67638778686523
1616622420130,2021-03-24T21:48:47.292Z,47.641999999999996,-14.998611450195312,-26.994443893432614,47.98888778686523
1616622420169,2021-03-24T21:48:47.317Z,47.681000000000004,-13.873611450195312,-25.869443893432614,47.92638778686523
1616622420209,2021-03-24T21:48:47.319Z,47.721000000000004,-14.623611450195312,-28.431943893432614,46.73888778686523
1616622420248,2021-03-24T21:48:47.322Z,47.76,-14.623611450195312,-26.994443893432614,46.67638778686523
1616622420288,2021-03-24T21:48:47.333Z,47.8,-14.623611450195312,-28.056943893432614,48.73888778686523
1616622420327,2021-03-24T21:48:47.348Z,47.839,-14.248611450195312,-26.994443893432614,47.11388778686523
1616622420367,2021-03-24T21:48:47.350Z,47.879,-13.873611450195312,-25.869443893432614,49.92638778686523
1616622420406,2021-03-24T21:48:47.361Z,47.918,-12.373611450195312,-26.619443893432614,48.73888778686523
1616622420446,2021-03-24T21:48:47.377Z,47.958,-15.686111450195312,-27.744443893432614,47.48888778686523
1616622420486,2021-03-24T21:48:47.379Z,47.998000000000005,-14.998611450195312,-26.619443893432614,47.55138778686523
1616622420527,2021-03-24T21:48:47.381Z,48.038999999999994,-14.998611450195312,-40.68194580078125,47.48888778686523
1616622420566,2021-03-24T21:48:47.393Z,48.078,-12.748611450195312,-26.994443893432614,45.92638778686523
1616622420606,2021-03-24T21:48:47.395Z,48.118,-14.623611450195312,-28.119443893432614,47.55138778686523
1616622420645,2021-03-24T21:48:47.397Z,48.157,-15.373611450195312,-29.556943893432614,46.30138778686523
1616622420685,2021-03-24T21:48:47.408Z,48.196999999999996,-14.623611450195312,-28.119443893432614,46.73888778686523
1616622420724,2021-03-24T21:48:47.411Z,48.236000000000004,-14.623611450195312,-26.244443893432614,46.67638778686523
1616622420764,2021-03-24T21:48:47.437Z,48.276,-13.873611450195312,-28.806943893432614,45.05138778686523
1616622420803,2021-03-24T21:48:47.452Z,48.315,-14.623611450195312,-27.744443893432614,47.11388778686523
1616622420843,2021-03-24T21:48:47.454Z,48.355,-13.873611450195312,-28.056943893432614,47.11388778686523
1616622420883,2021-03-24T21:48:47.457Z,48.395,-15.373611450195312,-33.99444580078125,47.48888778686523
1616622420922,2021-03-24T21:48:47.468Z,48.434,-15.686111450195312,-27.744443893432614,47.48888778686523
1616622420963,2021-03-24T21:48:47.471Z,48.475,-14.623611450195312,-28.056943893432614,47.48888778686523
1616622421003,2021-03-24T21:48:47.482Z,48.515,-16.061111450195312,-28.056943893432614,46.67638778686523
1616622421042,2021-03-24T21:48:47.512Z,48.553999999999995,-14.623611450195312,-28.431943893432614,47.11388778686523
1616622421082,2021-03-24T21:48:47.514Z,48.593999999999994,-15.748611450195312,-36.61944580078125,45.86388778686523
1616622421121,2021-03-24T21:48:47.516Z,48.633,-15.373611450195312,-29.931943893432614,46.30138778686523
1616622421161,2021-03-24T21:48:47.528Z,48.673,-13.873611450195312,-28.431943893432614,47.11388778686523
1616622421200,2021-03-24T21:48:47.531Z,48.711999999999996,-13.123611450195312,-29.931943893432614,46.30138778686523
1616622421240,2021-03-24T21:48:47.542Z,48.751999999999995,-14.623611450195312,-27.744443893432614,45.86388778686523
1616622421280,2021-03-24T21:48:47.573Z,48.792,-15.686111450195312,-27.744443893432614,47.11388778686523
1616622421319,2021-03-24T21:48:47.576Z,48.831,-14.623611450195312,-30.306943893432614,45.48888778686523
1616622421359,2021-03-24T21:48:47.587Z,48.871,-14.998611450195312,-29.181943893432614,46.36388778686523
1616622421398,2021-03-24T21:48:47.588Z,48.91,-14.623611450195312,-29.181943893432614,47.55138778686523
1616622421439,2021-03-24T21:48:47.591Z,48.951,-15.686111450195312,-29.181943893432614,46.30138778686523
1616622421479,2021-03-24T21:48:47.602Z,48.99100000000001,-15.373611450195312,-28.431943893432614,45.48888778686523
1616622421518,2021-03-24T21:48:47.604Z,49.03,-14.998611450195312,-29.931943893432614,46.30138778686523
1616622421558,2021-03-24T21:48:47.606Z,49.07,-14.998611450195312,-28.431943893432614,45.48888778686523
1616622421597,2021-03-24T21:48:47.618Z,49.108999999999995,-15.748611450195312,-29.181943893432614,46.67638778686523
1616622421637,2021-03-24T21:48:47.621Z,49.148999999999994,-15.748611450195312,-29.181943893432614,46.67638778686523
1616622421677,2021-03-24T21:48:47.632Z,49.18899999999999,-13.498611450195312,-28.119443893432614,45.05138778686523
1616622421716,2021-03-24T21:48:47.647Z,49.228,-13.873611450195312,-29.931943893432614,47.48888778686523
1616622421756,2021-03-24T21:48:47.649Z,49.268,-15.686111450195312,-48.80694580078125,45.48888778686523
1616622421795,2021-03-24T21:48:47.652Z,49.306999999999995,-16.061111450195312,-29.931943893432614,44.23888778686523
1616622421835,2021-03-24T21:48:47.663Z,49.347,-14.248611450195312,-28.431943893432614,46.30138778686523
1616622421876,2021-03-24T21:48:47.665Z,49.388000000000005,-15.373611450195312,-29.181943893432614,46.30138778686523
1616622421915,2021-03-24T21:48:47.667Z,49.427,-15.373611450195312,-29.556943893432614,45.92638778686523
1616622421955,2021-03-24T21:48:47.679Z,49.467,-15.373611450195312,-30.681943893432614,47.48888778686523
1616622421994,2021-03-24T21:48:47.681Z,49.506,-15.748611450195312,-29.931943893432614,45.86388778686523
1616622422034,2021-03-24T21:48:47.692Z,49.54600000000001,-15.373611450195312,-28.806943893432614,45.05138778686523
1616622422073,2021-03-24T21:48:47.694Z,49.585,-14.623611450195312,-28.431943893432614,46.30138778686523
1616622422113,2021-03-24T21:48:47.697Z,49.625,-16.061111450195312,-29.556943893432614,45.05138778686523
1616622422153,2021-03-24T21:48:47.708Z,49.665,-14.998611450195312,-29.556943893432614,45.92638778686523
1616622422192,2021-03-24T21:48:47.738Z,49.70399999999999,-14.623611450195312,-31.431943893432614,45.86388778686523
1616622422232,2021-03-24T21:48:47.740Z,49.744,-16.436111450195312,-29.931943893432614,44.67638778686523
1616622422271,2021-03-24T21:48:47.752Z,49.783,-15.748611450195312,-28.431943893432614,45.86388778686523
1616622422312,2021-03-24T21:48:47.753Z,49.824,-14.998611450195312,-34.36944580078125,45.48888778686523
1616622422352,2021-03-24T21:48:47.756Z,49.864,-15.373611450195312,-33.24444580078125,43.42638778686523
1616622422391,2021-03-24T21:48:47.767Z,49.903,-14.998611450195312,-31.056943893432614,45.05138778686523
1616622422431,2021-03-24T21:48:47.769Z,49.943000000000005,-14.248611450195312,-33.99444580078125,44.67638778686523
1616622422470,2021-03-24T21:48:47.771Z,49.982,-15.373611450195312,-28.431943893432614,45.05138778686523
1616622422510,2021-03-24T21:48:47.782Z,50.022,-15.748611450195312,-28.056943893432614,45.48888778686523
1616622422550,2021-03-24T21:48:47.784Z,50.062,-15.748611450195312,-29.931943893432614,44.67638778686523
1616622422589,2021-03-24T21:48:47.787Z,50.101000000000006,-15.373611450195312,-28.806943893432614,45.48888778686523
1616622422629,2021-03-24T21:48:47.798Z,50.141000000000005,-16.061111450195312,-29.556943893432614,45.05138778686523
1616622422668,2021-03-24T21:48:47.801Z,50.18,-15.686111450195312,-32.18194580078125,43.86388778686523
1616622422708,2021-03-24T21:48:47.812Z,50.22,-15.686111450195312,-29.556943893432614,46.73888778686523
1616622422749,2021-03-24T21:48:47.814Z,50.261,-15.748611450195312,-30.306943893432614,46.67638778686523
1616622422788,2021-03-24T21:48:47.816Z,50.3,-14.998611450195312,-29.556943893432614,45.48888778686523
1616622422828,2021-03-24T21:48:47.858Z,50.34,-14.998611450195312,-28.431943893432614,45.48888778686523
1616622422867,2021-03-24T21:48:47.860Z,50.379,-15.686111450195312,-29.931943893432614,45.05138778686523
1616622422907,2021-03-24T21:48:47.862Z,50.419,-15.373611450195312,-29.931943893432614,44.23888778686523
1616622422947,2021-03-24T21:48:47.873Z,50.458999999999996,-16.061111450195312,-29.181943893432614,45.86388778686523
1616622422986,2021-03-24T21:48:47.875Z,50.498000000000005,-16.811111450195312,-48.05694580078125,45.48888778686523
1616622423026,2021-03-24T21:48:47.877Z,50.538000000000004,-16.061111450195312,-29.556943893432614,45.05138778686523
1616622423065,2021-03-24T21:48:47.888Z,50.577,-16.436111450195312,-29.556943893432614,45.11388778686523
1616622423105,2021-03-24T21:48:47.904Z,50.617,-15.373611450195312,-31.056943893432614,45.05138778686523
1616622423144,2021-03-24T21:48:47.906Z,50.656000000000006,-15.686111450195312,-31.806943893432614,44.67638778686523
1616622423185,2021-03-24T21:48:47.917Z,50.696999999999996,-16.436111450195312,-31.056943893432614,45.86388778686523
1616622423225,2021-03-24T21:48:47.920Z,50.736999999999995,-14.623611450195312,-30.681943893432614,44.67638778686523
1616622423264,2021-03-24T21:48:47.932Z,50.776,-15.373611450195312,-30.306943893432614,45.11388778686523
1616622423304,2021-03-24T21:48:47.934Z,50.816,-16.061111450195312,-29.556943893432614,45.05138778686523
1616622423343,2021-03-24T21:48:47.936Z,50.855,-16.061111450195312,-30.681943893432614,45.05138778686523
1616622423383,2021-03-24T21:48:47.947Z,50.895,-15.373611450195312,-29.556943893432614,45.05138778686523
1616622423423,2021-03-24T21:48:47.950Z,50.935,-15.686111450195312,-31.056943893432614,45.05138778686523
1616622423462,2021-03-24T21:48:47.952Z,50.974,-14.998611450195312,-31.431943893432614,44.67638778686523
1616622423502,2021-03-24T21:48:47.963Z,51.013999999999996,-15.373611450195312,-30.306943893432614,45.05138778686523
1616622423541,2021-03-24T21:48:47.965Z,51.053000000000004,-16.061111450195312,-32.18194580078125,45.86388778686523
1616622423581,2021-03-24T21:48:47.977Z,51.093,-15.373611450195312,-29.931943893432614,45.05138778686523
1616622423622,2021-03-24T21:48:47.993Z,51.13399999999999,-15.748611450195312,-31.056943893432614,45.86388778686523
1616622423661,2021-03-24T21:48:48.023Z,51.173,-14.623611450195312,-34.74444580078125,44.67638778686523
1616622423701,2021-03-24T21:48:48.025Z,51.213,-14.623611450195312,-30.306943893432614,44.30138778686523
1616622423740,2021-03-24T21:48:48.037Z,51.251999999999995,-14.998611450195312,-29.931943893432614,45.05138778686523
1616622423780,2021-03-24T21:48:48.067Z,51.292,-15.373611450195312,-30.306943893432614,45.86388778686523
1616622423820,2021-03-24T21:48:48.068Z,51.332,-14.998611450195312,-29.931943893432614,44.73888778686523
1616622423859,2021-03-24T21:48:48.071Z,51.371,-16.811111450195312,-30.681943893432614,45.11388778686523
1616622423899,2021-03-24T21:48:48.082Z,51.411,-15.373611450195312,-28.806943893432614,44.30138778686523
1616622423938,2021-03-24T21:48:48.084Z,51.45,-14.248611450195312,-30.681943893432614,45.48888778686523
1616622423978,2021-03-24T21:48:48.086Z,51.49,-15.686111450195312,-29.181943893432614,46.30138778686523
1616622424019,2021-03-24T21:48:48.098Z,51.531000000000006,-13.123611450195312,-30.306943893432614,43.42638778686523
1616622424058,2021-03-24T21:48:48.129Z,51.57,-15.686111450195312,-29.931943893432614,45.48888778686523
1616622424098,2021-03-24T21:48:48.131Z,51.61,-16.061111450195312,-29.931943893432614,44.23888778686523
1616622424137,2021-03-24T21:48:48.141Z,51.648999999999994,-16.061111450195312,-29.931943893432614,43.86388778686523
1616622424177,2021-03-24T21:48:48.156Z,51.68899999999999,-14.998611450195312,-31.056943893432614,44.67638778686523
1616622424217,2021-03-24T21:48:48.159Z,51.729,-14.623611450195312,-45.49444580078125,45.05138778686523
1616622424256,2021-03-24T21:48:48.161Z,51.768,-14.248611450195312,-32.55694580078125,43.05138778686523
1616622424296,2021-03-24T21:48:48.173Z,51.808,-13.873611450195312,-29.181943893432614,45.48888778686523
1616622424335,2021-03-24T21:48:48.175Z,51.847,-16.061111450195312,-29.556943893432614,44.23888778686523
1616622424375,2021-03-24T21:48:48.202Z,51.887,-16.061111450195312,-30.306943893432614,43.86388778686523
1616622424414,2021-03-24T21:48:48.203Z,51.926,-15.373611450195312,-28.431943893432614,46.30138778686523
1616622424454,2021-03-24T21:48:48.206Z,51.966,-15.373611450195312,-31.431943893432614,43.42638778686523
1616622424495,2021-03-24T21:48:48.217Z,52.007,-13.498611450195312,-29.181943893432614,44.73888778686523
1616622424534,2021-03-24T21:48:48.219Z,52.04600000000001,-16.061111450195312,-28.431943893432614,47.11388778686523
1616622424574,2021-03-24T21:48:48.221Z,52.086000000000006,-15.373611450195312,-29.556943893432614,45.92638778686523
1616622424614,2021-03-24T21:48:48.232Z,52.126000000000005,-15.686111450195312,-29.556943893432614,46.67638778686523
1616622424653,2021-03-24T21:48:48.234Z,52.165,-15.686111450195312,-28.806943893432614,46.73888778686523
1616622424693,2021-03-24T21:48:48.237Z,52.205,-14.998611450195312,-27.744443893432614,45.05138778686523
1616622424732,2021-03-24T21:48:48.263Z,52.244,-14.248611450195312,-27.744443893432614,46.67638778686523
1616622424772,2021-03-24T21:48:48.278Z,52.284,-15.373611450195312,-27.369443893432614,47.11388778686523
1616622424811,2021-03-24T21:48:48.281Z,52.323,-14.623611450195312,-28.119443893432614,44.23888778686523
1616622424851,2021-03-24T21:48:48.292Z,52.363,-14.998611450195312,-28.431943893432614,46.30138778686523
1616622424890,2021-03-24T21:48:48.294Z,52.402,-14.623611450195312,-44.36944580078125,47.55138778686523
1616622424930,2021-03-24T21:48:48.296Z,52.442,-15.373611450195312,-27.369443893432614,45.48888778686523
1616622424971,2021-03-24T21:48:48.308Z,52.483000000000004,-13.873611450195312,-26.619443893432614,45.86388778686523
1616622425010,2021-03-24T21:48:48.323Z,52.522,-13.873611450195312,-28.806943893432614,46.30138778686523
1616622425050,2021-03-24T21:48:48.325Z,52.562,-12.748611450195312,-26.244443893432614,45.92638778686523
1616622425090,2021-03-24T21:48:48.327Z,52.602,-14.623611450195312,-28.056943893432614,47.11388778686523
1616622425129,2021-03-24T21:48:48.338Z,52.641000000000005,-15.686111450195312,-29.181943893432614,46.67638778686523
1616622425169,2021-03-24T21:48:48.341Z,52.681000000000004,-14.623611450195312,-26.994443893432614,47.48888778686523
1616622425208,2021-03-24T21:48:48.367Z,52.72,-13.498611450195312,-27.744443893432614,48.30138778686523
1616622425248,2021-03-24T21:48:48.368Z,52.76,-14.248611450195312,-27.744443893432614,47.11388778686523
1616622425287,2021-03-24T21:48:48.371Z,52.799,-14.248611450195312,-25.119443893432614,47.11388778686523
1616622425327,2021-03-24T21:48:48.382Z,52.839,-15.373611450195312,-27.369443893432614,47.48888778686523
1616622425366,2021-03-24T21:48:48.384Z,52.878,-14.623611450195312,-26.619443893432614,45.86388778686523
1616622425407,2021-03-24T21:48:48.386Z,52.919,-13.873611450195312,-26.244443893432614,46.30138778686523
1616622425447,2021-03-24T21:48:48.398Z,52.958999999999996,-14.248611450195312,-29.931943893432614,45.86388778686523
1616622425487,2021-03-24T21:48:48.400Z,52.998999999999995,-14.248611450195312,-29.931943893432614,46.30138778686523
1616622425526,2021-03-24T21:48:48.402Z,53.038000000000004,-14.623611450195312,-27.744443893432614,46.30138778686523
1616622425566,2021-03-24T21:48:48.428Z,53.078,-13.873611450195312,-30.306943893432614,46.73888778686523
1616622425605,2021-03-24T21:48:48.431Z,53.117,-14.248611450195312,-27.369443893432614,45.48888778686523
1616622425645,2021-03-24T21:48:48.441Z,53.157,-13.873611450195312,-25.494443893432614,47.48888778686523
1616622425684,2021-03-24T21:48:48.457Z,53.196000000000005,-14.623611450195312,-26.619443893432614,47.48888778686523
1616622425724,2021-03-24T21:48:48.471Z,53.236000000000004,-14.623611450195312,-27.369443893432614,46.30138778686523
1616622425763,2021-03-24T21:48:48.487Z,53.275,-14.623611450195312,-27.369443893432614,47.11388778686523
1616622425803,2021-03-24T21:48:48.502Z,53.315,-14.623611450195312,-26.994443893432614,46.30138778686523
1616622425844,2021-03-24T21:48:48.504Z,53.356,-14.248611450195312,-26.619443893432614,48.30138778686523
1616622425884,2021-03-24T21:48:48.506Z,53.396,-13.873611450195312,-26.619443893432614,47.11388778686523
1616622425923,2021-03-24T21:48:48.547Z,53.435,-14.248611450195312,-28.056943893432614,46.67638778686523
1616622425963,2021-03-24T21:48:48.608Z,53.475,-14.998611450195312,-26.244443893432614,47.92638778686523
1616622426002,2021-03-24T21:48:48.624Z,53.513999999999996,-14.623611450195312,-26.619443893432614,47.48888778686523
1616622426042,2021-03-24T21:48:48.625Z,53.553999999999995,-14.998611450195312,-26.994443893432614,46.67638778686523
1616622426081,2021-03-24T21:48:48.627Z,53.593,-14.998611450195312,-27.369443893432614,46.30138778686523
1616622426121,2021-03-24T21:48:48.638Z,53.633,-14.623611450195312,-43.24444580078125,48.36388778686523
1616622426160,2021-03-24T21:48:48.641Z,53.672,-14.248611450195312,-28.119443893432614,46.30138778686523
1616622426200,2021-03-24T21:48:48.667Z,53.711999999999996,-14.248611450195312,-27.369443893432614,48.36388778686523
1616622426239,2021-03-24T21:48:48.668Z,53.751000000000005,-14.623611450195312,-26.619443893432614,45.86388778686523
1616622426281,2021-03-24T21:48:48.671Z,53.793,-14.248611450195312,-25.119443893432614,46.73888778686523
1616622426320,2021-03-24T21:48:48.682Z,53.832,-14.248611450195312,-27.369443893432614,49.11388778686523
1616622426360,2021-03-24T21:48:48.684Z,53.872,-14.998611450195312,-27.369443893432614,46.30138778686523
1616622426399,2021-03-24T21:48:48.686Z,53.911,-14.623611450195312,-26.619443893432614,47.55138778686523
1616622426439,2021-03-24T21:48:48.697Z,53.951,-15.373611450195312,-26.619443893432614,47.92638778686523
1616622426478,2021-03-24T21:48:48.713Z,53.99,-14.998611450195312,-26.244443893432614,46.30138778686523
1616622426518,2021-03-24T21:48:48.715Z,54.03,-13.498611450195312,-27.369443893432614,47.48888778686523
1616622426557,2021-03-24T21:48:48.717Z,54.068999999999996,-14.623611450195312,-28.056943893432614,48.30138778686523
1616622426597,2021-03-24T21:48:48.729Z,54.108999999999995,-13.498611450195312,-27.744443893432614,46.73888778686523
1616622426636,2021-03-24T21:48:48.731Z,54.148,-14.248611450195312,-25.119443893432614,48.36388778686523
1616622426676,2021-03-24T21:48:48.743Z,54.188,-13.498611450195312,-28.056943893432614,47.92638778686523
1616622426717,2021-03-24T21:48:48.745Z,54.229,-13.498611450195312,-28.056943893432614,46.67638778686523
1616622426757,2021-03-24T21:48:48.757Z,54.269,-14.248611450195312,-26.619443893432614,47.11388778686523
1616622426796,2021-03-24T21:48:48.759Z,54.308,-14.998611450195312,-41.80694580078125,47.11388778686523
1616622426836,2021-03-24T21:48:48.761Z,54.348,-13.873611450195312,-28.119443893432614,46.73888778686523
1616622426875,2021-03-24T21:48:48.772Z,54.387,-13.873611450195312,-26.994443893432614,47.55138778686523
1616622426915,2021-03-24T21:48:48.775Z,54.427,-13.873611450195312,-26.994443893432614,45.05138778686523
1616622426954,2021-03-24T21:48:48.777Z,54.466,-14.248611450195312,-27.744443893432614,47.11388778686523
1616622426994,2021-03-24T21:48:48.788Z,54.506,-14.623611450195312,-25.869443893432614,47.55138778686523
1616622427033,2021-03-24T21:48:48.791Z,54.545,-13.498611450195312,-28.056943893432614,46.30138778686523
1616622427073,2021-03-24T21:48:48.817Z,54.585,-13.498611450195312,-29.181943893432614,46.73888778686523
1616622427113,2021-03-24T21:48:48.820Z,54.625,-14.623611450195312,-27.369443893432614,46.67638778686523
1616622427154,2021-03-24T21:48:48.822Z,54.666000000000004,-14.623611450195312,-28.056943893432614,45.86388778686523
1616622427193,2021-03-24T21:48:48.833Z,54.705,-13.873611450195312,-27.744443893432614,46.30138778686523
1616622427233,2021-03-24T21:48:48.836Z,54.745,-14.248611450195312,-28.119443893432614,47.55138778686523
1616622427272,2021-03-24T21:48:48.847Z,54.784,-13.498611450195312,-26.244443893432614,46.30138778686523
1616622427312,2021-03-24T21:48:48.849Z,54.824,-14.623611450195312,-28.119443893432614,48.36388778686523
1616622427351,2021-03-24T21:48:48.851Z,54.863,-12.748611450195312,-32.55694580078125,47.92638778686523
1616622427391,2021-03-24T21:48:48.877Z,54.903,-13.873611450195312,-27.744443893432614,46.30138778686523
1616622427430,2021-03-24T21:48:48.879Z,54.942,-14.248611450195312,-27.744443893432614,47.48888778686523
1616622427470,2021-03-24T21:48:48.881Z,54.982,-14.248611450195312,-31.056943893432614,45.92638778686523
1616622427510,2021-03-24T21:48:48.892Z,55.022,-15.373611450195312,-24.744443893432614,47.92638778686523
1616622427549,2021-03-24T21:48:48.895Z,55.06100000000001,-13.873611450195312,-26.994443893432614,47.55138778686523
1616622427590,2021-03-24T21:48:48.897Z,55.102,-14.998611450195312,-26.994443893432614,46.67638778686523
1616622427630,2021-03-24T21:48:48.908Z,55.141999999999996,-13.873611450195312,-25.869443893432614,47.98888778686523
1616622427669,2021-03-24T21:48:48.910Z,55.181000000000004,-13.123611450195312,-26.619443893432614,47.11388778686523
1616622427709,2021-03-24T21:48:48.922Z,55.221000000000004,-14.623611450195312,-26.244443893432614,45.86388778686523
1616622427748,2021-03-24T21:48:48.923Z,55.26,-14.623611450195312,-26.619443893432614,47.11388778686523
1616622427788,2021-03-24T21:48:48.926Z,55.3,-13.873611450195312,-27.744443893432614,47.48888778686523
1616622427827,2021-03-24T21:48:48.937Z,55.339,-14.248611450195312,-28.119443893432614,46.30138778686523
1616622427867,2021-03-24T21:48:48.940Z,55.379,-14.998611450195312,-25.869443893432614,47.55138778686523
1616622427906,2021-03-24T21:48:48.942Z,55.418,-13.498611450195312,-25.869443893432614,48.36388778686523
1616622427946,2021-03-24T21:48:48.953Z,55.458,-14.248611450195312,-27.369443893432614,47.11388778686523
1616622427986,2021-03-24T21:48:48.955Z,55.498000000000005,-14.623611450195312,-26.619443893432614,47.92638778686523
1616622428027,2021-03-24T21:48:48.982Z,55.538999999999994,-13.873611450195312,-40.68194580078125,47.11388778686523
1616622428066,2021-03-24T21:48:48.983Z,55.578,-13.873611450195312,-28.806943893432614,46.30138778686523
1616622428106,2021-03-24T21:48:48.986Z,55.618,-14.623611450195312,-31.431943893432614,47.11388778686523
1616622428145,2021-03-24T21:48:48.997Z,55.657,-13.873611450195312,-28.056943893432614,46.30138778686523
1616622428185,2021-03-24T21:48:49.013Z,55.696999999999996,-14.248611450195312,-25.869443893432614,45.48888778686523
1616622428224,2021-03-24T21:48:49.028Z,55.736000000000004,-14.623611450195312,-27.369443893432614,46.30138778686523
1616622428264,2021-03-24T21:48:49.043Z,55.776,-13.873611450195312,-26.619443893432614,46.30138778686523
1616622428303,2021-03-24T21:48:49.058Z,55.815,-14.623611450195312,-27.369443893432614,47.17638778686523
1616622428343,2021-03-24T21:48:49.061Z,55.855,-14.623611450195312,-26.244443893432614,47.11388778686523
1616622428384,2021-03-24T21:48:49.087Z,55.896,-13.498611450195312,-26.619443893432614,46.73888778686523
1616622428422,2021-03-24T21:48:49.103Z,55.934,-13.498611450195312,-26.994443893432614,47.55138778686523
1616622428462,2021-03-24T21:48:49.136Z,55.974,-14.998611450195312,-27.369443893432614,48.36388778686523
1616622428503,2021-03-24T21:48:49.136Z,56.015,-14.623611450195312,-26.244443893432614,45.48888778686523
1616622428542,2021-03-24T21:48:49.147Z,56.053999999999995,-14.998611450195312,-26.994443893432614,47.11388778686523
1616622428582,2021-03-24T21:48:49.148Z,56.093999999999994,-14.248611450195312,-27.744443893432614,49.11388778686523
1616622428621,2021-03-24T21:48:49.151Z,56.133,-13.498611450195312,-28.119443893432614,45.92638778686523
1616622428661,2021-03-24T21:48:49.162Z,56.173,-13.123611450195312,-27.369443893432614,47.55138778686523
1616622428700,2021-03-24T21:48:49.164Z,56.211999999999996,-14.248611450195312,-37.74444580078125,47.55138778686523
1616622428740,2021-03-24T21:48:49.166Z,56.251999999999995,-13.498611450195312,-26.244443893432614,46.67638778686523
1616622428780,2021-03-24T21:48:49.178Z,56.292,-14.248611450195312,-26.244443893432614,47.92638778686523
1616622428819,2021-03-24T21:48:49.180Z,56.331,-13.873611450195312,-26.994443893432614,46.30138778686523
1616622428859,2021-03-24T21:48:49.182Z,56.371,-13.873611450195312,-27.744443893432614,45.11388778686523
1616622428900,2021-03-24T21:48:49.193Z,56.412,-14.248611450195312,-26.619443893432614,48.73888778686523
1616622428939,2021-03-24T21:48:49.196Z,56.451,-13.873611450195312,-28.056943893432614,46.30138778686523
1616622428979,2021-03-24T21:48:49.237Z,56.49100000000001,-14.248611450195312,-25.494443893432614,47.55138778686523
1616622429018,2021-03-24T21:48:49.238Z,56.53,-13.123611450195312,-28.431943893432614,47.92638778686523
1616622429058,2021-03-24T21:48:49.268Z,56.57,-13.873611450195312,-27.369443893432614,45.92638778686523
1616622429097,2021-03-24T21:48:49.270Z,56.608999999999995,-14.623611450195312,-26.244443893432614,46.73888778686523
1616622429137,2021-03-24T21:48:49.272Z,56.648999999999994,-14.248611450195312,-26.994443893432614,47.11388778686523
1616622429177,2021-03-24T21:48:49.283Z,56.68899999999999,-13.873611450195312,-26.619443893432614,47.11388778686523
1616622429216,2021-03-24T21:48:49.286Z,56.728,-13.873611450195312,-26.619443893432614,47.92638778686523
1616622429256,2021-03-24T21:48:49.312Z,56.768,-13.873611450195312,-35.49444580078125,47.92638778686523
1616622429295,2021-03-24T21:48:49.314Z,56.806999999999995,-14.998611450195312,-28.431943893432614,45.92638778686523
1616622429336,2021-03-24T21:48:49.317Z,56.848,-14.998611450195312,-26.244443893432614,46.73888778686523
1616622429376,2021-03-24T21:48:49.328Z,56.888000000000005,-14.623611450195312,-26.619443893432614,45.48888778686523
1616622429415,2021-03-24T21:48:49.331Z,56.927,-14.998611450195312,-27.744443893432614,45.92638778686523
1616622429455,2021-03-24T21:48:49.342Z,56.967,-14.248611450195312,-25.869443893432614,47.11388778686523
1616622429494,2021-03-24T21:48:49.344Z,57.006,-13.123611450195312,-28.119443893432614,46.30138778686523
1616622429534,2021-03-24T21:48:49.346Z,57.04600000000001,-14.248611450195312,-28.119443893432614,46.73888778686523
1616622429573,2021-03-24T21:48:49.358Z,57.085,-14.998611450195312,-25.869443893432614,47.55138778686523
1616622429613,2021-03-24T21:48:49.360Z,57.125,-14.248611450195312,-28.431943893432614,47.48888778686523
1616622429653,2021-03-24T21:48:49.372Z,57.165,-14.998611450195312,-26.994443893432614,47.11388778686523
1616622429692,2021-03-24T21:48:49.375Z,57.20399999999999,-15.686111450195312,-28.119443893432614,47.11388778686523
1616622429732,2021-03-24T21:48:49.377Z,57.244,-14.998611450195312,-26.994443893432614,45.86388778686523
1616622429773,2021-03-24T21:48:49.389Z,57.285,-14.623611450195312,-26.619443893432614,47.55138778686523
1616622429812,2021-03-24T21:48:49.392Z,57.324,-13.873611450195312,-26.244443893432614,47.11388778686523
1616622429852,2021-03-24T21:48:49.404Z,57.364,-15.373611450195312,-26.994443893432614,47.48888778686523
1616622429891,2021-03-24T21:48:49.406Z,57.403,-14.623611450195312,-34.74444580078125,46.67638778686523
1616622429931,2021-03-24T21:48:49.418Z,57.443000000000005,-14.248611450195312,-44.74444580078125,48.36388778686523
1616622429970,2021-03-24T21:48:49.433Z,57.482,-13.123611450195312,-27.744443893432614,47.11388778686523
1616622430010,2021-03-24T21:48:49.435Z,57.522,-14.248611450195312,-26.619443893432614,47.55138778686523
1616622430050,2021-03-24T21:48:49.437Z,57.562,-13.498611450195312,-26.994443893432614,46.67638778686523
