epoch (ms),time (-07:00),elapsed (s),X-Axis (T),Y-Axis (T),Z-Axis (T)
1611771060563,2021-01-27T18:13:20.434Z,0.035,,,
1611771060603,2021-01-27T18:13:20.435Z,0.075,-11.578125,24.00468826293945,-83.5562515258789
1611771060643,2021-01-27T18:13:20.449Z,0.115,-12.703125,24.75468826293945,-85.1187515258789
1611771060682,2021-01-27T18:13:20.463Z,0.154,-12.328125,25.87968826293945,-82.9937515258789
1611771060722,2021-01-27T18:13:20.478Z,0.19399999999999998,-12.703125,14.879687309265135,-83.3687515258789
1611771060761,2021-01-27T18:13:20.493Z,0.233,-12.640625,21.504688262939453,-84.9312515258789
1611771060799,2021-01-27T18:13:20.495Z,0.271,-11.953125,25.87968826293945,-82.0562515258789
1611771060839,2021-01-27T18:13:20.509Z,0.311,-11.953125,24.44218826293945,-83.6812515258789
1611771060878,2021-01-27T18:13:20.524Z,0.35,-12.328125,24.81718826293945,-82.4312515258789
1611771060918,2021-01-27T18:13:20.538Z,0.39,-11.203125,10.817187309265137,-82.4937515258789
1611771060957,2021-01-27T18:13:20.583Z,0.429,-11.578125,27.00468826293945,-84.8687515258789
1611771060997,2021-01-27T18:13:20.585Z,0.469,-12.328125,24.81718826293945,-83.2437515258789
1611771061037,2021-01-27T18:13:20.600Z,0.509,-11.203125,11.192187309265137,-83.2437515258789
1611771061076,2021-01-27T18:13:20.614Z,0.5479999999999999,-13.015625,24.44218826293945,-83.2437515258789
1611771061116,2021-01-27T18:13:20.629Z,0.588,-12.640625,26.25468826293945,-83.1812515258789
1611771061155,2021-01-27T18:13:20.643Z,0.627,-13.015625,21.504688262939453,-84.3687515258789
1611771061193,2021-01-27T18:13:20.658Z,0.665,-13.015625,26.25468826293945,-84.7437515258789
1611771061233,2021-01-27T18:13:20.673Z,0.705,-12.640625,25.50468826293945,-82.8062515258789
1611771061272,2021-01-27T18:13:20.675Z,0.7440000000000001,-12.640625,25.19218826293945,-84.3687515258789
1611771061312,2021-01-27T18:13:20.689Z,0.784,-12.265625,26.25468826293945,-85.1812515258789
1611771061352,2021-01-27T18:13:20.704Z,0.8240000000000001,-12.265625,24.81718826293945,-83.1187515258789
1611771061391,2021-01-27T18:13:20.718Z,0.863,-12.640625,22.192188262939453,-84.3687515258789
1611771061431,2021-01-27T18:13:20.733Z,0.903,-13.015625,26.62968826293945,-81.9312515258789
1611771061470,2021-01-27T18:13:20.749Z,0.9420000000000001,-12.265625,24.81718826293945,-83.1812515258789
1611771061510,2021-01-27T18:13:20.793Z,0.982,-12.640625,25.19218826293945,-83.5562515258789
1611771061549,2021-01-27T18:13:20.795Z,1.021,-12.640625,25.19218826293945,-83.4937515258789
1611771061589,2021-01-27T18:13:20.809Z,1.061,-13.015625,25.56718826293945,-82.3062515258789
1611771061627,2021-01-27T18:13:20.838Z,1.099,-13.015625,25.50468826293945,-83.9312515258789
1611771061666,2021-01-27T18:13:20.853Z,1.138,-11.578125,26.25468826293945,-83.1812515258789
1611771061706,2021-01-27T18:13:20.898Z,1.178,-12.265625,25.19218826293945,-82.7437515258789
1611771061746,2021-01-27T18:13:20.900Z,1.218,-13.015625,24.06718826293945,-83.4937515258789
1611771061785,2021-01-27T18:13:20.914Z,1.2570000000000001,-12.640625,18.567188262939453,-82.3062515258789
1611771061825,2021-01-27T18:13:20.929Z,1.297,-13.390625,18.942188262939453,-81.9937515258789
1611771061864,2021-01-27T18:13:20.989Z,1.3359999999999999,-13.015625,23.69218826293945,-82.6812515258789
1611771061904,2021-01-27T18:13:21.019Z,1.376,-13.390625,19.629688262939453,-82.3687515258789
1611771061943,2021-01-27T18:13:21.033Z,1.415,-12.640625,12.692187309265135,-81.1187515258789
1611771061983,2021-01-27T18:13:21.048Z,1.455,-13.390625,25.50468826293945,-83.1187515258789
1611771062021,2021-01-27T18:13:21.050Z,1.493,-13.390625,24.44218826293945,-82.3062515258789
1611771062061,2021-01-27T18:13:21.065Z,1.5330000000000001,-11.953125,24.81718826293945,-83.4937515258789
1611771062100,2021-01-27T18:13:21.079Z,1.5719999999999998,-14.140625,25.19218826293945,-82.9937515258789
1611771062140,2021-01-27T18:13:21.093Z,1.6119999999999999,-12.640625,24.44218826293945,-82.6812515258789
1611771062179,2021-01-27T18:13:21.123Z,1.651,-13.765625,25.87968826293945,-83.9937515258789
1611771062219,2021-01-27T18:13:21.138Z,1.6909999999999998,-12.640625,24.44218826293945,-83.8687515258789
1611771062258,2021-01-27T18:13:21.140Z,1.73,-13.015625,25.19218826293945,-83.4937515258789
1611771062298,2021-01-27T18:13:21.154Z,1.77,-13.015625,24.44218826293945,-83.0562515258789
1611771062337,2021-01-27T18:13:21.169Z,1.8090000000000002,-12.640625,24.06718826293945,-83.8687515258789
1611771062377,2021-01-27T18:13:21.184Z,1.849,-12.640625,25.19218826293945,-83.0562515258789
1611771062416,2021-01-27T18:13:21.198Z,1.8880000000000001,-13.015625,24.81718826293945,-84.6187515258789
1611771062456,2021-01-27T18:13:21.213Z,1.9280000000000002,-13.015625,24.44218826293945,-81.8687515258789
1611771062494,2021-01-27T18:13:21.215Z,1.966,-13.015625,22.62968826293945,-81.8687515258789
1611771062534,2021-01-27T18:13:21.230Z,2.006,-13.765625,24.06718826293945,-84.2437515258789
1611771062573,2021-01-27T18:13:21.244Z,2.045,-13.015625,25.56718826293945,-82.6187515258789
1611771062613,2021-01-27T18:13:21.258Z,2.085,-13.390625,25.19218826293945,-82.2437515258789
1611771062652,2021-01-27T18:13:21.273Z,2.124,-13.015625,24.06718826293945,-84.2437515258789
1611771062692,2021-01-27T18:13:21.288Z,2.164,-13.015625,24.81718826293945,-82.9937515258789
1611771062731,2021-01-27T18:13:21.290Z,2.2030000000000003,-13.015625,20.754688262939453,-82.3062515258789
1611771062771,2021-01-27T18:13:21.304Z,2.2430000000000003,-13.765625,24.44218826293945,-84.2437515258789
1611771062811,2021-01-27T18:13:21.320Z,2.283,-13.765625,22.94218826293945,-82.9937515258789
1611771062849,2021-01-27T18:13:21.349Z,2.3209999999999997,-13.390625,10.879687309265137,-82.6187515258789
1611771062888,2021-01-27T18:13:21.363Z,2.36,-13.015625,22.254688262939453,-84.6812515258789
1611771062928,2021-01-27T18:13:21.378Z,2.4,-11.890625,25.56718826293945,-83.4937515258789
1611771062967,2021-01-27T18:13:21.393Z,2.439,-12.265625,24.81718826293945,-83.4937515258789
1611771063007,2021-01-27T18:13:21.395Z,2.479,-12.640625,24.44218826293945,-83.8687515258789
1611771063046,2021-01-27T18:13:21.409Z,2.5180000000000002,-13.015625,25.87968826293945,-83.0562515258789
1611771063086,2021-01-27T18:13:21.439Z,2.5580000000000003,-13.015625,25.50468826293945,-84.3062515258789
1611771063125,2021-01-27T18:13:21.454Z,2.597,-12.640625,25.56718826293945,-83.4937515258789
1611771063165,2021-01-27T18:13:21.468Z,2.637,-13.015625,24.44218826293945,-82.9937515258789
1611771063205,2021-01-27T18:13:21.483Z,2.677,-13.015625,26.25468826293945,-84.6187515258789
1611771063244,2021-01-27T18:13:21.485Z,2.716,-12.640625,25.19218826293945,-84.2437515258789
1611771063282,2021-01-27T18:13:21.500Z,2.7539999999999996,-13.765625,26.25468826293945,-84.6812515258789
1611771063322,2021-01-27T18:13:21.514Z,2.7939999999999996,-13.390625,25.50468826293945,-85.4937515258789
1611771063361,2021-01-27T18:13:21.528Z,2.833,-12.640625,24.44218826293945,-84.9937515258789
1611771063401,2021-01-27T18:13:21.543Z,2.873,-13.015625,23.69218826293945,-83.4937515258789
1611771063440,2021-01-27T18:13:21.573Z,2.912,-12.640625,25.87968826293945,-86.6187515258789
1611771063480,2021-01-27T18:13:21.575Z,2.952,-12.265625,24.06718826293945,-84.6187515258789
1611771063520,2021-01-27T18:13:21.589Z,2.992,-12.640625,23.69218826293945,-83.8062515258789
1611771063559,2021-01-27T18:13:21.603Z,3.031,-12.265625,25.56718826293945,-86.6187515258789
1611771063599,2021-01-27T18:13:21.618Z,3.071,-13.390625,27.37968826293945,-84.1812515258789
1611771063638,2021-01-27T18:13:21.633Z,3.11,-11.890625,16.379688262939453,-85.8062515258789
1611771063676,2021-01-27T18:13:21.635Z,3.148,-12.265625,23.69218826293945,-86.1812515258789
1611771063716,2021-01-27T18:13:21.649Z,3.188,-12.640625,25.56718826293945,-84.9937515258789
1611771063755,2021-01-27T18:13:21.679Z,3.227,-12.265625,17.067188262939453,-84.9937515258789
1611771063795,2021-01-27T18:13:21.693Z,3.267,-12.640625,26.62968826293945,-85.8062515258789
1611771063834,2021-01-27T18:13:21.708Z,3.306,-12.640625,24.81718826293945,-85.4312515258789
1611771063874,2021-01-27T18:13:21.710Z,3.346,-12.265625,23.31718826293945,-84.9937515258789
1611771063914,2021-01-27T18:13:21.738Z,3.386,-12.265625,20.754688262939453,-86.1187515258789
1611771063953,2021-01-27T18:13:21.740Z,3.425,-12.265625,25.87968826293945,-84.6187515258789
1611771063993,2021-01-27T18:13:21.754Z,3.465,-13.015625,24.44218826293945,-85.4312515258789
1611771064032,2021-01-27T18:13:21.768Z,3.5039999999999996,-13.015625,25.87968826293945,-86.9937515258789
1611771064072,2021-01-27T18:13:21.783Z,3.5439999999999996,-12.640625,24.81718826293945,-84.3062515258789
1611771064110,2021-01-27T18:13:21.798Z,3.582,-12.640625,24.06718826293945,-86.6187515258789
1611771064151,2021-01-27T18:13:21.799Z,3.623,-11.890625,25.19218826293945,-84.2437515258789
1611771064189,2021-01-27T18:13:21.813Z,3.661,-11.890625,25.19218826293945,-84.2437515258789
1611771064228,2021-01-27T18:13:21.828Z,3.7,-11.578125,25.56718826293945,-85.8062515258789
1611771064268,2021-01-27T18:13:21.843Z,3.74,-12.265625,24.81718826293945,-86.1812515258789
1611771064308,2021-01-27T18:13:21.845Z,3.78,-12.265625,25.87968826293945,-86.1812515258789
1611771064347,2021-01-27T18:13:21.873Z,3.819,-12.265625,25.87968826293945,-85.8062515258789
1611771064387,2021-01-27T18:13:21.888Z,3.859,-11.890625,25.94218826293945,-86.8687515258789
1611771064426,2021-01-27T18:13:21.903Z,3.898,-11.890625,25.56718826293945,-86.1187515258789
1611771064466,2021-01-27T18:13:21.905Z,3.938,-11.890625,25.56718826293945,-86.6187515258789
1611771064505,2021-01-27T18:13:21.949Z,3.977,-11.578125,25.56718826293945,-87.3687515258789
1611771064543,2021-01-27T18:13:21.964Z,4.015,-11.578125,25.19218826293945,-86.2437515258789
1611771064583,2021-01-27T18:13:22.009Z,4.055,-12.265625,16.379688262939453,-85.0562515258789
1611771064623,2021-01-27T18:13:22.023Z,4.095,-13.015625,25.19218826293945,-86.9937515258789
1611771064662,2021-01-27T18:13:22.038Z,4.1339999999999995,-11.578125,25.19218826293945,-85.8062515258789
1611771064702,2021-01-27T18:13:22.053Z,4.1739999999999995,-12.640625,22.94218826293945,-86.5562515258789
1611771064741,2021-01-27T18:13:22.055Z,4.213,-12.640625,24.81718826293945,-86.5562515258789
1611771064781,2021-01-27T18:13:22.069Z,4.253,-12.640625,24.06718826293945,-85.8062515258789
1611771064820,2021-01-27T18:13:22.099Z,4.292,-11.890625,24.81718826293945,-85.8062515258789
1611771064860,2021-01-27T18:13:22.128Z,4.332,-11.203125,23.31718826293945,-87.3687515258789
1611771064899,2021-01-27T18:13:22.143Z,4.371,-10.828125,24.44218826293945,-86.1812515258789
1611771064937,2021-01-27T18:13:22.145Z,4.409,-13.015625,23.69218826293945,-87.7437515258789
1611771064977,2021-01-27T18:13:22.190Z,4.449,-12.640625,23.69218826293945,-86.3062515258789
1611771065017,2021-01-27T18:13:22.204Z,4.489,-12.640625,18.942188262939453,-86.5562515258789
1611771065056,2021-01-27T18:13:22.218Z,4.5280000000000005,-12.265625,18.567188262939453,-88.5562515258789
1611771065096,2021-01-27T18:13:22.233Z,4.5680000000000005,-12.265625,25.19218826293945,-86.1187515258789
1611771065135,2021-01-27T18:13:22.248Z,4.607,-11.578125,24.44218826293945,-85.8687515258789
1611771065175,2021-01-27T18:13:22.250Z,4.647,-11.578125,26.62968826293945,-86.9937515258789
1611771065214,2021-01-27T18:13:22.264Z,4.686,-13.015625,25.56718826293945,-84.6187515258789
1611771065254,2021-01-27T18:13:22.294Z,4.726,-12.640625,23.69218826293945,-84.6812515258789
1611771065293,2021-01-27T18:13:22.308Z,4.765,-11.890625,25.87968826293945,-84.6812515258789
1611771065333,2021-01-27T18:13:22.323Z,4.805,-11.203125,25.56718826293945,-84.2437515258789
1611771065371,2021-01-27T18:13:22.338Z,4.843,-13.390625,21.129688262939453,-84.6812515258789
1611771065411,2021-01-27T18:13:22.340Z,4.883,-11.890625,23.69218826293945,-86.1187515258789
1611771065450,2021-01-27T18:13:22.354Z,4.922,-12.265625,24.81718826293945,-83.8062515258789
1611771065490,2021-01-27T18:13:22.368Z,4.962,-11.890625,13.442187309265135,-84.6187515258789
1611771065529,2021-01-27T18:13:22.383Z,5.001,-13.015625,24.44218826293945,-84.1812515258789
1611771065569,2021-01-27T18:13:22.398Z,5.041,-13.015625,24.81718826293945,-83.4312515258789
1611771065608,2021-01-27T18:13:22.400Z,5.08,-13.390625,25.19218826293945,-83.8062515258789
1611771065648,2021-01-27T18:13:22.414Z,5.12,-13.015625,21.879688262939453,-82.6187515258789
1611771065687,2021-01-27T18:13:22.429Z,5.159,-14.140625,26.25468826293945,-82.3062515258789
1611771065727,2021-01-27T18:13:22.458Z,5.199,-14.828125,23.31718826293945,-84.1812515258789
1611771065765,2021-01-27T18:13:22.473Z,5.237,-13.390625,24.81718826293945,-82.9937515258789
1611771065805,2021-01-27T18:13:22.475Z,5.277,-14.140625,25.19218826293945,-80.2437515258789
1611771065844,2021-01-27T18:13:22.518Z,5.316,-14.515625,24.81718826293945,-83.4312515258789
1611771065884,2021-01-27T18:13:22.520Z,5.356,-13.015625,24.81718826293945,-82.1812515258789
1611771065923,2021-01-27T18:13:22.534Z,5.395,-13.765625,24.81718826293945,-82.6187515258789
1611771065963,2021-01-27T18:13:22.548Z,5.435,-14.140625,24.44218826293945,-83.7437515258789
1611771066002,2021-01-27T18:13:22.563Z,5.474,-13.390625,24.44218826293945,-82.9312515258789
1611771066042,2021-01-27T18:13:22.593Z,5.513999999999999,-15.203125,24.81718826293945,-82.4312515258789
1611771066082,2021-01-27T18:13:22.595Z,5.553999999999999,-13.765625,21.879688262939453,-84.1187515258789
1611771066121,2021-01-27T18:13:22.609Z,5.593,-15.203125,18.192188262939453,-82.9937515258789
1611771066161,2021-01-27T18:13:22.653Z,5.632999999999999,-12.640625,20.004688262939453,-82.9937515258789
1611771066199,2021-01-27T18:13:22.655Z,5.671,-14.140625,24.44218826293945,-85.3687515258789
1611771066238,2021-01-27T18:13:22.669Z,5.71,-14.453125,26.62968826293945,-84.5562515258789
1611771066278,2021-01-27T18:13:22.699Z,5.75,-13.390625,11.942187309265135,-84.1187515258789
1611771066317,2021-01-27T18:13:22.714Z,5.789,-13.390625,21.879688262939453,-84.9312515258789
1611771066357,2021-01-27T18:13:22.728Z,5.829,-13.390625,24.81718826293945,-83.4312515258789
1611771066396,2021-01-27T18:13:22.745Z,5.867999999999999,-14.515625,23.31718826293945,-83.8062515258789
1611771066436,2021-01-27T18:13:22.745Z,5.9079999999999995,-13.765625,24.81718826293945,-83.8062515258789
1611771066476,2021-01-27T18:13:22.760Z,5.9479999999999995,-13.390625,25.56718826293945,-83.7437515258789
1611771066515,2021-01-27T18:13:22.790Z,5.987,-14.828125,24.81718826293945,-84.9312515258789
1611771066555,2021-01-27T18:13:22.804Z,6.027,-13.765625,26.62968826293945,-85.3687515258789
1611771066594,2021-01-27T18:13:22.818Z,6.066,-13.390625,24.81718826293945,-84.5562515258789
1611771066632,2021-01-27T18:13:22.848Z,6.104,-13.765625,23.31718826293945,-85.3687515258789
1611771066672,2021-01-27T18:13:22.863Z,6.144,-14.140625,24.44218826293945,-85.8062515258789
1611771066711,2021-01-27T18:13:22.865Z,6.183,-11.890625,26.62968826293945,-85.3687515258789
1611771066751,2021-01-27T18:13:22.879Z,6.223,-13.015625,25.19218826293945,-86.1187515258789
1611771066791,2021-01-27T18:13:22.895Z,6.263,-12.640625,25.56718826293945,-85.4312515258789
1611771066830,2021-01-27T18:13:22.909Z,6.3020000000000005,-13.765625,25.87968826293945,-86.6187515258789
1611771066870,2021-01-27T18:13:22.923Z,6.3420000000000005,-13.390625,25.56718826293945,-87.3687515258789
1611771066909,2021-01-27T18:13:22.938Z,6.381,-13.390625,25.56718826293945,-87.3687515258789
1611771066949,2021-01-27T18:13:22.953Z,6.421,-13.390625,25.87968826293945,-86.6187515258789
1611771066988,2021-01-27T18:13:22.955Z,6.46,-13.015625,24.81718826293945,-88.1187515258789
1611771067026,2021-01-27T18:13:22.969Z,6.497999999999999,-13.765625,27.75468826293945,-86.6187515258789
1611771067066,2021-01-27T18:13:22.983Z,6.537999999999999,-13.015625,22.94218826293945,-87.3687515258789
1611771067105,2021-01-27T18:13:23.013Z,6.577000000000001,-13.390625,24.44218826293945,-89.3062515258789
1611771067145,2021-01-27T18:13:23.028Z,6.617000000000001,-12.640625,25.87968826293945,-87.3687515258789
1611771067185,2021-01-27T18:13:23.043Z,6.657,-12.265625,14.504687309265135,-88.1187515258789
1611771067224,2021-01-27T18:13:23.045Z,6.696000000000001,-13.765625,18.942188262939453,-89.3062515258789
1611771067264,2021-01-27T18:13:23.061Z,6.736000000000001,-12.265625,24.81718826293945,-89.3062515258789
1611771067303,2021-01-27T18:13:23.074Z,6.775,-11.890625,25.87968826293945,-89.8062515258789
1611771067343,2021-01-27T18:13:23.089Z,6.815,-11.890625,24.81718826293945,-88.5562515258789
1611771067382,2021-01-27T18:13:23.104Z,6.854,-12.265625,26.62968826293945,-88.1812515258789
1611771067422,2021-01-27T18:13:23.134Z,6.894,-12.265625,25.87968826293945,-88.9312515258789
1611771067460,2021-01-27T18:13:23.148Z,6.932,-11.890625,25.87968826293945,-90.1187515258789
1611771067499,2021-01-27T18:13:23.163Z,6.971,-10.828125,26.25468826293945,-88.1812515258789
1611771067539,2021-01-27T18:13:23.165Z,7.011,-11.890625,25.56718826293945,-90.1812515258789
1611771067579,2021-01-27T18:13:23.180Z,7.051,-11.203125,27.00468826293945,-88.5562515258789
1611771067618,2021-01-27T18:13:23.194Z,7.09,-10.453125,25.87968826293945,-88.5562515258789
1611771067658,2021-01-27T18:13:23.208Z,7.13,-11.890625,25.94218826293945,-90.4937515258789
1611771067697,2021-01-27T18:13:23.223Z,7.169,-10.078125,25.19218826293945,-88.8687515258789
1611771067737,2021-01-27T18:13:23.253Z,7.209,-10.453125,25.19218826293945,-87.6812515258789
1611771067776,2021-01-27T18:13:23.255Z,7.247999999999999,-8.953125,27.37968826293945,-89.7437515258789
1611771067816,2021-01-27T18:13:23.269Z,7.287999999999999,-10.078125,25.56718826293945,-89.8062515258789
1611771067854,2021-01-27T18:13:23.313Z,7.3260000000000005,-11.203125,25.56718826293945,-87.8062515258789
1611771067894,2021-01-27T18:13:23.358Z,7.3660000000000005,-10.078125,26.62968826293945,-89.3062515258789
1611771067933,2021-01-27T18:13:23.360Z,7.405,-10.828125,24.44218826293945,-87.8062515258789
1611771067973,2021-01-27T18:13:23.374Z,7.445,-10.453125,12.692187309265135,-86.9937515258789
1611771068012,2021-01-27T18:13:23.403Z,7.484,-10.828125,26.25468826293945,-87.3687515258789
1611771068052,2021-01-27T18:13:23.449Z,7.524,-10.078125,25.56718826293945,-86.9312515258789
1611771068091,2021-01-27T18:13:23.464Z,7.563,-9.328125,23.69218826293945,-88.5562515258789
1611771068131,2021-01-27T18:13:23.479Z,7.603,-9.703125,24.44218826293945,-88.9312515258789
1611771068170,2021-01-27T18:13:23.493Z,7.642,-9.703125,25.87968826293945,-87.3687515258789
1611771068210,2021-01-27T18:13:23.508Z,7.682,-9.328125,25.87968826293945,-89.3687515258789
1611771068249,2021-01-27T18:13:23.523Z,7.721,-11.203125,25.19218826293945,-90.1812515258789
1611771068288,2021-01-27T18:13:23.525Z,7.76,-9.328125,20.379688262939453,-89.3062515258789
1611771068327,2021-01-27T18:13:23.539Z,7.7989999999999995,-9.328125,22.94218826293945,-90.1812515258789
1611771068367,2021-01-27T18:13:23.568Z,7.8389999999999995,-8.640625,27.37968826293945,-89.3687515258789
1611771068406,2021-01-27T18:13:23.583Z,7.877999999999999,-10.078125,24.81718826293945,-90.1812515258789
1611771068446,2021-01-27T18:13:23.598Z,7.917999999999999,-9.703125,24.81718826293945,-90.1187515258789
1611771068485,2021-01-27T18:13:23.600Z,7.957000000000001,-8.953125,25.87968826293945,-89.7437515258789
1611771068525,2021-01-27T18:13:23.613Z,7.997000000000001,-10.078125,26.62968826293945,-89.6812515258789
1611771068564,2021-01-27T18:13:23.628Z,8.036,-10.453125,25.56718826293945,-90.9937515258789
1611771068604,2021-01-27T18:13:23.643Z,8.076,-10.453125,25.19218826293945,-90.9937515258789
1611771068644,2021-01-27T18:13:23.645Z,8.116,-10.453125,24.81718826293945,-91.3687515258789
1611771068682,2021-01-27T18:13:23.660Z,8.154,-10.453125,24.81718826293945,-91.3687515258789
1611771068721,2021-01-27T18:13:23.675Z,8.193,-10.078125,24.81718826293945,-91.4937515258789
1611771068761,2021-01-27T18:13:23.704Z,8.232999999999999,-10.078125,26.62968826293945,-90.4937515258789
1611771068800,2021-01-27T18:13:23.718Z,8.272,-10.453125,14.879687309265135,-89.8062515258789
1611771068840,2021-01-27T18:13:23.748Z,8.312000000000001,-10.828125,25.19218826293945,-89.8062515258789
1611771068879,2021-01-27T18:13:23.763Z,8.351,-11.578125,24.81718826293945,-88.9937515258789
1611771068919,2021-01-27T18:13:23.765Z,8.391,-10.828125,11.567187309265135,-87.3687515258789
1611771068958,2021-01-27T18:13:23.779Z,8.43,-11.890625,23.69218826293945,-89.3062515258789
1611771068998,2021-01-27T18:13:23.808Z,8.47,-11.203125,22.254688262939453,-87.3687515258789
1611771069038,2021-01-27T18:13:23.824Z,8.51,-12.640625,24.81718826293945,-87.8062515258789
1611771069077,2021-01-27T18:13:23.838Z,8.549,-11.578125,26.25468826293945,-87.3687515258789
1611771069115,2021-01-27T18:13:23.868Z,8.587,-11.890625,24.06718826293945,-86.1812515258789
1611771069155,2021-01-27T18:13:23.870Z,8.627,-11.890625,22.62968826293945,-86.6187515258789
1611771069194,2021-01-27T18:13:23.913Z,8.666,-12.640625,25.19218826293945,-86.1812515258789
1611771069234,2021-01-27T18:13:23.915Z,8.706,-13.765625,24.06718826293945,-85.8062515258789
1611771069273,2021-01-27T18:13:23.929Z,8.745,-14.140625,22.62968826293945,-87.3687515258789
1611771069313,2021-01-27T18:13:23.943Z,8.785,-13.390625,24.06718826293945,-84.1812515258789
1611771069353,2021-01-27T18:13:23.973Z,8.825,-14.140625,21.879688262939453,-84.2437515258789
1611771069392,2021-01-27T18:13:23.988Z,8.863999999999999,-14.515625,18.192188262939453,-84.7437515258789
1611771069432,2021-01-27T18:13:23.990Z,8.904,-14.140625,20.004688262939453,-84.6187515258789
1611771069471,2021-01-27T18:13:24.004Z,8.943,-15.203125,25.56718826293945,-82.9937515258789
1611771069509,2021-01-27T18:13:24.034Z,8.981,-15.203125,25.19218826293945,-84.1812515258789
1611771069549,2021-01-27T18:13:24.048Z,9.021,-15.578125,22.94218826293945,-84.1812515258789
1611771069588,2021-01-27T18:13:24.063Z,9.06,-14.515625,23.69218826293945,-83.8062515258789
1611771069628,2021-01-27T18:13:24.065Z,9.1,-15.203125,22.62968826293945,-83.7437515258789
1611771069667,2021-01-27T18:13:24.080Z,9.139,-15.203125,24.44218826293945,-83.8062515258789
1611771069707,2021-01-27T18:13:24.094Z,9.179,-15.578125,17.067188262939453,-84.6187515258789
1611771069747,2021-01-27T18:13:24.138Z,9.219,-15.203125,21.879688262939453,-86.6187515258789
1611771069786,2021-01-27T18:13:24.168Z,9.258,-14.453125,24.06718826293945,-83.7437515258789
1611771069826,2021-01-27T18:13:24.183Z,9.298,-14.828125,13.817187309265135,-85.3687515258789
1611771069865,2021-01-27T18:13:24.185Z,9.337,-14.828125,24.81718826293945,-86.6187515258789
1611771069903,2021-01-27T18:13:24.200Z,9.375,-14.453125,23.69218826293945,-84.9312515258789
1611771069943,2021-01-27T18:13:24.229Z,9.415,-14.453125,24.81718826293945,-84.9312515258789
1611771069982,2021-01-27T18:13:24.259Z,9.454,-15.203125,23.00468826293945,-86.8687515258789
1611771070022,2021-01-27T18:13:24.273Z,9.494,-15.203125,24.81718826293945,-85.3062515258789
1611771070061,2021-01-27T18:13:24.288Z,9.533,-15.578125,24.06718826293945,-87.3687515258789
1611771070101,2021-01-27T18:13:24.290Z,9.573,-14.453125,24.44218826293945,-85.3687515258789
1611771070141,2021-01-27T18:13:24.320Z,9.613,-14.140625,25.19218826293945,-86.1812515258789
1611771070180,2021-01-27T18:13:24.334Z,9.652000000000001,-14.453125,24.06718826293945,-88.0562515258789
1611771070220,2021-01-27T18:13:24.378Z,9.692,-14.140625,25.19218826293945,-85.7437515258789
1611771070259,2021-01-27T18:13:24.395Z,9.731,-14.453125,25.19218826293945,-86.4937515258789
1611771070299,2021-01-27T18:13:24.410Z,9.771,-14.828125,24.06718826293945,-87.3687515258789
1611771070337,2021-01-27T18:13:24.453Z,9.809,-14.515625,22.94218826293945,-86.1812515258789
1611771070376,2021-01-27T18:13:24.469Z,9.847999999999999,-13.765625,24.44218826293945,-87.3687515258789
1611771070416,2021-01-27T18:13:24.483Z,9.888,-14.453125,21.879688262939453,-87.6812515258789
1611771070456,2021-01-27T18:13:24.513Z,9.927999999999999,-14.453125,18.192188262939453,-85.3062515258789
1611771070495,2021-01-27T18:13:24.528Z,9.967,-14.453125,7.567187309265138,-86.4937515258789
1611771070535,2021-01-27T18:13:24.543Z,10.007,-14.453125,23.31718826293945,-87.7437515258789
1611771070574,2021-01-27T18:13:24.545Z,10.046,-14.828125,22.94218826293945,-86.6187515258789
1611771070614,2021-01-27T18:13:24.573Z,10.086,-14.453125,10.504687309265137,-87.3062515258789
1611771070653,2021-01-27T18:13:24.589Z,10.125,-14.828125,22.254688262939453,-86.8687515258789
1611771070693,2021-01-27T18:13:24.603Z,10.165,-14.140625,23.69218826293945,-86.9312515258789
1611771070732,2021-01-27T18:13:24.618Z,10.204,-13.765625,21.504688262939453,-88.0562515258789
1611771070770,2021-01-27T18:13:24.633Z,10.242,-13.765625,24.44218826293945,-88.1187515258789
1611771070810,2021-01-27T18:13:24.635Z,10.282,-14.453125,25.56718826293945,-88.5562515258789
1611771070850,2021-01-27T18:13:24.649Z,10.322000000000001,-14.453125,23.69218826293945,-89.3062515258789
1611771070889,2021-01-27T18:13:24.664Z,10.360999999999999,-13.765625,24.44218826293945,-88.5562515258789
1611771070929,2021-01-27T18:13:24.678Z,10.401,-12.640625,23.31718826293945,-86.8687515258789
1611771070968,2021-01-27T18:13:24.693Z,10.44,-13.390625,24.44218826293945,-87.3062515258789
1611771071008,2021-01-27T18:13:24.708Z,10.48,-14.140625,25.19218826293945,-86.1187515258789
1611771071047,2021-01-27T18:13:24.742Z,10.519,-14.140625,24.44218826293945,-85.6812515258789
1611771071087,2021-01-27T18:13:24.742Z,10.559000000000001,-13.390625,24.06718826293945,-85.6812515258789
1611771071126,2021-01-27T18:13:24.754Z,10.597999999999999,-14.453125,24.81718826293945,-86.1187515258789
1611771071166,2021-01-27T18:13:24.815Z,10.638,-14.140625,23.69218826293945,-85.7437515258789
1611771071204,2021-01-27T18:13:24.829Z,10.675999999999998,-14.828125,24.81718826293945,-87.3062515258789
1611771071244,2021-01-27T18:13:24.844Z,10.716,-14.828125,23.69218826293945,-86.4937515258789
1611771071283,2021-01-27T18:13:24.873Z,10.755,-14.453125,24.06718826293945,-88.1187515258789
1611771071323,2021-01-27T18:13:24.888Z,10.795,-13.765625,25.19218826293945,-89.6812515258789
1611771071362,2021-01-27T18:13:24.890Z,10.834000000000001,-14.453125,23.31718826293945,-89.3062515258789
1611771071402,2021-01-27T18:13:24.920Z,10.874,-13.390625,24.06718826293945,-92.1187515258789
1611771071441,2021-01-27T18:13:24.935Z,10.913,-13.765625,23.69218826293945,-94.8687515258789
1611771071481,2021-01-27T18:13:24.949Z,10.953,-13.390625,23.31718826293945,-94.0562515258789
1611771071520,2021-01-27T18:13:24.963Z,10.992,-12.640625,10.129687309265137,-94.5562515258789
1611771071560,2021-01-27T18:13:24.978Z,11.032,-12.640625,16.754688262939453,-94.0562515258789
1611771071598,2021-01-27T18:13:24.993Z,11.07,-13.390625,22.254688262939453,-94.4312515258789
1611771071638,2021-01-27T18:13:25.023Z,11.11,-13.015625,24.81718826293945,-94.8687515258789
1611771071677,2021-01-27T18:13:25.025Z,11.149000000000001,-13.765625,23.31718826293945,-95.2437515258789
1611771071717,2021-01-27T18:13:25.039Z,11.189,-12.640625,24.06718826293945,-92.4937515258789
1611771071756,2021-01-27T18:13:25.084Z,11.228,-13.765625,22.62968826293945,-93.2437515258789
1611771071796,2021-01-27T18:13:25.098Z,11.267999999999999,-14.140625,23.69218826293945,-91.7437515258789
1611771071835,2021-01-27T18:13:25.128Z,11.307,-12.640625,21.504688262939453,-89.6812515258789
1611771071875,2021-01-27T18:13:25.130Z,11.347000000000001,-13.390625,24.44218826293945,-91.7437515258789
1611771071915,2021-01-27T18:13:25.145Z,11.387,-13.390625,24.44218826293945,-90.8687515258789
1611771071954,2021-01-27T18:13:25.159Z,11.425999999999998,-13.765625,23.69218826293945,-90.8687515258789
1611771071992,2021-01-27T18:13:25.173Z,11.464,-13.765625,24.06718826293945,-92.9312515258789
1611771072032,2021-01-27T18:13:25.188Z,11.504000000000001,-14.140625,24.44218826293945,-90.4937515258789
1611771072071,2021-01-27T18:13:25.203Z,11.543,-13.015625,24.06718826293945,-92.0562515258789
1611771072111,2021-01-27T18:13:25.248Z,11.583,-14.140625,25.19218826293945,-91.3062515258789
1611771072150,2021-01-27T18:13:25.279Z,11.622,-13.015625,25.19218826293945,-92.1187515258789
1611771072190,2021-01-27T18:13:25.293Z,11.662,-14.140625,25.56718826293945,-91.2437515258789
1611771072229,2021-01-27T18:13:25.308Z,11.700999999999999,-13.765625,24.81718826293945,-91.6812515258789
1611771072269,2021-01-27T18:13:25.338Z,11.741,-13.765625,24.06718826293945,-90.4937515258789
1611771072309,2021-01-27T18:13:25.368Z,11.780999999999999,-13.765625,11.942187309265135,-90.4937515258789
1611771072348,2021-01-27T18:13:25.370Z,11.82,-14.453125,24.81718826293945,-92.0562515258789
1611771072388,2021-01-27T18:13:25.385Z,11.86,-13.765625,24.06718826293945,-90.1187515258789
1611771072426,2021-01-27T18:13:25.399Z,11.898,-14.140625,19.692188262939453,-92.4312515258789
1611771072465,2021-01-27T18:13:25.428Z,11.937000000000001,-14.453125,24.06718826293945,-92.4312515258789
1611771072506,2021-01-27T18:13:25.443Z,11.978,-14.453125,24.44218826293945,-90.9312515258789
1611771072544,2021-01-27T18:13:25.473Z,12.015999999999998,-13.390625,22.94218826293945,-92.1812515258789
1611771072584,2021-01-27T18:13:25.489Z,12.056,-13.390625,21.879688262939453,-91.7437515258789
1611771072624,2021-01-27T18:13:25.503Z,12.095999999999998,-14.140625,17.442188262939453,-90.9312515258789
1611771072663,2021-01-27T18:13:25.518Z,12.135,-13.765625,18.567188262939453,-91.2437515258789
1611771072703,2021-01-27T18:13:25.533Z,12.175,-13.765625,25.56718826293945,-92.0562515258789
1611771072742,2021-01-27T18:13:25.535Z,12.214,-13.015625,25.56718826293945,-90.4937515258789
1611771072782,2021-01-27T18:13:25.564Z,12.254000000000001,-13.390625,24.81718826293945,-93.2437515258789
1611771072821,2021-01-27T18:13:25.578Z,12.293,-13.765625,24.06718826293945,-90.9312515258789
1611771072859,2021-01-27T18:13:25.593Z,12.331,-14.828125,23.69218826293945,-90.8687515258789
1611771072899,2021-01-27T18:13:25.595Z,12.370999999999999,-14.828125,23.69218826293945,-90.8687515258789
1611771072938,2021-01-27T18:13:25.624Z,12.41,-14.140625,23.00468826293945,-92.0562515258789
1611771072978,2021-01-27T18:13:25.638Z,12.45,-13.765625,24.44218826293945,-91.3062515258789
1611771073018,2021-01-27T18:13:25.654Z,12.49,-14.453125,23.69218826293945,-90.8687515258789
1611771073057,2021-01-27T18:13:25.668Z,12.529000000000002,-14.828125,24.06718826293945,-92.4312515258789
1611771073097,2021-01-27T18:13:25.698Z,12.569,-15.203125,24.06718826293945,-91.2437515258789
1611771073136,2021-01-27T18:13:25.758Z,12.607999999999999,-14.453125,22.254688262939453,-89.6812515258789
1611771073176,2021-01-27T18:13:25.833Z,12.648,-14.828125,23.31718826293945,-91.3687515258789
1611771073215,2021-01-27T18:13:25.835Z,12.687000000000001,-15.203125,24.81718826293945,-89.3687515258789
1611771073253,2021-01-27T18:13:25.850Z,12.725,-15.953125,11.567187309265135,-91.3687515258789
1611771073293,2021-01-27T18:13:25.864Z,12.765,-14.828125,24.06718826293945,-92.9312515258789
1611771073332,2021-01-27T18:13:25.894Z,12.804,-14.828125,24.81718826293945,-91.2437515258789
1611771073372,2021-01-27T18:13:25.923Z,12.844000000000001,-15.203125,25.19218826293945,-92.0562515258789
1611771073412,2021-01-27T18:13:25.941Z,12.884,-15.578125,24.44218826293945,-92.9312515258789
1611771073451,2021-01-27T18:13:25.953Z,12.923,-14.828125,23.69218826293945,-89.7437515258789
1611771073491,2021-01-27T18:13:25.955Z,12.963,-15.578125,16.004688262939453,-91.6812515258789
1611771073530,2021-01-27T18:13:25.984Z,13.002,-16.328125,23.69218826293945,-91.2437515258789
1611771073570,2021-01-27T18:13:25.998Z,13.042,-16.703125,24.44218826293945,-88.8687515258789
1611771073609,2021-01-27T18:13:26.029Z,13.081,-15.203125,23.31718826293945,-90.9312515258789
1611771073649,2021-01-27T18:13:26.043Z,13.120999999999999,-15.578125,24.81718826293945,-89.7437515258789
1611771073687,2021-01-27T18:13:26.045Z,13.159,-15.953125,20.067188262939453,-90.0562515258789
1611771073727,2021-01-27T18:13:26.060Z,13.199000000000002,-15.203125,20.379688262939453,-91.2437515258789
1611771073766,2021-01-27T18:13:26.075Z,13.238,-14.828125,14.879687309265135,-90.4937515258789
1611771073806,2021-01-27T18:13:26.092Z,13.277999999999999,-16.328125,18.567188262939453,-90.0562515258789
1611771073845,2021-01-27T18:13:26.118Z,13.317,-15.953125,22.254688262939453,-91.3687515258789
1611771073885,2021-01-27T18:13:26.133Z,13.357000000000001,-14.828125,22.254688262939453,-89.6812515258789
1611771073924,2021-01-27T18:13:26.148Z,13.395999999999999,-16.328125,22.62968826293945,-89.6812515258789
1611771073964,2021-01-27T18:13:26.178Z,13.436,-15.578125,22.254688262939453,-92.0562515258789
1611771074003,2021-01-27T18:13:26.180Z,13.475,-15.953125,23.31718826293945,-90.4937515258789
1611771074043,2021-01-27T18:13:26.194Z,13.515,-15.578125,17.067188262939453,-90.1812515258789
1611771074082,2021-01-27T18:13:26.209Z,13.554,-16.328125,23.69218826293945,-91.6812515258789
1611771074121,2021-01-27T18:13:26.223Z,13.593,-14.453125,22.62968826293945,-90.4937515258789
1611771074160,2021-01-27T18:13:26.238Z,13.632,-14.828125,15.629687309265135,-91.6812515258789
1611771074200,2021-01-27T18:13:26.253Z,13.672,-15.203125,23.31718826293945,-92.4312515258789
1611771074239,2021-01-27T18:13:26.268Z,13.710999999999999,-16.703125,23.31718826293945,-90.4937515258789
1611771074279,2021-01-27T18:13:26.314Z,13.751,-16.328125,23.31718826293945,-90.9312515258789
1611771074318,2021-01-27T18:13:26.344Z,13.79,-15.578125,23.00468826293945,-91.2437515258789
1611771074358,2021-01-27T18:13:26.358Z,13.83,-15.953125,25.19218826293945,-90.1812515258789
1611771074397,2021-01-27T18:13:26.374Z,13.869000000000002,-15.203125,23.69218826293945,-90.8687515258789
1611771074437,2021-01-27T18:13:26.388Z,13.909,-14.828125,23.00468826293945,-90.8687515258789
1611771074477,2021-01-27T18:13:26.403Z,13.949000000000002,-15.203125,23.31718826293945,-90.4937515258789
1611771074515,2021-01-27T18:13:26.418Z,13.987,-16.328125,24.44218826293945,-92.8687515258789
1611771074554,2021-01-27T18:13:26.420Z,14.026,-14.828125,22.62968826293945,-90.1187515258789
1611771074594,2021-01-27T18:13:26.449Z,14.065999999999999,-15.578125,22.94218826293945,-91.7437515258789
1611771074633,2021-01-27T18:13:26.478Z,14.105,-15.953125,23.69218826293945,-92.8687515258789
1611771074673,2021-01-27T18:13:26.493Z,14.145,-15.953125,23.31718826293945,-90.4937515258789
1611771074712,2021-01-27T18:13:26.495Z,14.184000000000001,-15.578125,23.00468826293945,-90.8687515258789
1611771074752,2021-01-27T18:13:26.509Z,14.224,-16.703125,24.44218826293945,-90.8687515258789
1611771074791,2021-01-27T18:13:26.539Z,14.263,-16.328125,21.879688262939453,-90.4312515258789
1611771074831,2021-01-27T18:13:26.553Z,14.302999999999999,-15.953125,13.817187309265135,-90.8687515258789
1611771074871,2021-01-27T18:13:26.583Z,14.343,-15.203125,20.754688262939453,-92.4937515258789
1611771074910,2021-01-27T18:13:26.585Z,14.382,-15.578125,24.06718826293945,-90.8687515258789
1611771074948,2021-01-27T18:13:26.600Z,14.42,-15.578125,9.004687309265137,-91.3062515258789
1611771074988,2021-01-27T18:13:26.614Z,14.46,-15.953125,24.06718826293945,-91.2437515258789
1611771075027,2021-01-27T18:13:26.628Z,14.499,-15.578125,23.69218826293945,-90.8687515258789
1611771075067,2021-01-27T18:13:26.643Z,14.539000000000001,-16.328125,23.31718826293945,-90.4937515258789
1611771075106,2021-01-27T18:13:26.673Z,14.578,-15.578125,20.379688262939453,-90.8687515258789
1611771075146,2021-01-27T18:13:26.675Z,14.618,-15.953125,23.00468826293945,-90.4937515258789
1611771075186,2021-01-27T18:13:26.689Z,14.658,-15.953125,24.06718826293945,-91.3687515258789
1611771075225,2021-01-27T18:13:26.703Z,14.697000000000001,-14.453125,23.69218826293945,-91.6812515258789
1611771075265,2021-01-27T18:13:26.748Z,14.737,-15.578125,23.31718826293945,-90.4937515258789
1611771075304,2021-01-27T18:13:26.750Z,14.776,-15.953125,21.879688262939453,-92.4312515258789
1611771075342,2021-01-27T18:13:26.764Z,14.814,-14.828125,23.31718826293945,-91.6812515258789
1611771075382,2021-01-27T18:13:26.808Z,14.854000000000001,-15.953125,24.44218826293945,-90.8687515258789
1611771075421,2021-01-27T18:13:26.823Z,14.892999999999999,-15.203125,23.69218826293945,-91.2437515258789
1611771075461,2021-01-27T18:13:26.838Z,14.933,-15.203125,25.19218826293945,-90.8062515258789
1611771075500,2021-01-27T18:13:26.853Z,14.972000000000001,-15.578125,23.69218826293945,-91.6812515258789
1611771075540,2021-01-27T18:13:26.868Z,15.012,-16.703125,23.69218826293945,-91.7437515258789
1611771075580,2021-01-27T18:13:26.898Z,15.052,-15.953125,25.56718826293945,-91.6812515258789
1611771075619,2021-01-27T18:13:26.900Z,15.091,-16.328125,24.81718826293945,-91.2437515258789
1611771075659,2021-01-27T18:13:26.914Z,15.130999999999998,-15.578125,21.879688262939453,-92.0562515258789
1611771075698,2021-01-27T18:13:26.929Z,15.17,-16.328125,23.69218826293945,-91.2437515258789
1611771075738,2021-01-27T18:13:26.945Z,15.21,-14.828125,22.62968826293945,-90.8687515258789
1611771075776,2021-01-27T18:13:26.959Z,15.248,-15.953125,23.00468826293945,-92.4312515258789
1611771075815,2021-01-27T18:13:26.973Z,15.287,-16.328125,23.69218826293945,-91.6812515258789
1611771075855,2021-01-27T18:13:27.003Z,15.327,-16.328125,11.254687309265137,-91.2437515258789
1611771075895,2021-01-27T18:13:27.033Z,15.367,-15.203125,16.754688262939453,-91.6812515258789
1611771075934,2021-01-27T18:13:27.035Z,15.405999999999999,-17.078125,18.942188262939453,-90.4937515258789
1611771075974,2021-01-27T18:13:27.049Z,15.446,-15.203125,23.31718826293945,-90.8687515258789
1611771076013,2021-01-27T18:13:27.064Z,15.485,-15.203125,23.31718826293945,-90.5562515258789
1611771076053,2021-01-27T18:13:27.093Z,15.525,-15.953125,23.69218826293945,-90.8687515258789
1611771076092,2021-01-27T18:13:27.108Z,15.564,-15.953125,23.00468826293945,-92.4312515258789
1611771076132,2021-01-27T18:13:27.110Z,15.604000000000001,-14.828125,24.44218826293945,-90.9312515258789
1611771076170,2021-01-27T18:13:27.140Z,15.642000000000001,-15.953125,22.94218826293945,-91.3062515258789
1611771076209,2021-01-27T18:13:27.154Z,15.681,-15.578125,23.69218826293945,-91.6812515258789
1611771076249,2021-01-27T18:13:27.168Z,15.720999999999998,-15.953125,22.62968826293945,-90.0562515258789
1611771076289,2021-01-27T18:13:27.183Z,15.761,-14.828125,24.44218826293945,-90.4937515258789
1611771076328,2021-01-27T18:13:27.198Z,15.8,-15.578125,23.31718826293945,-90.8687515258789
1611771076368,2021-01-27T18:13:27.200Z,15.84,-14.828125,23.69218826293945,-90.8687515258789
1611771076407,2021-01-27T18:13:27.230Z,15.879000000000001,-14.453125,25.19218826293945,-90.8687515258789
1611771076447,2021-01-27T18:13:27.244Z,15.919,-15.203125,21.879688262939453,-91.6812515258789
1611771076486,2021-01-27T18:13:27.259Z,15.958,-15.578125,25.19218826293945,-90.4937515258789
1611771076526,2021-01-27T18:13:27.273Z,15.998,-15.578125,23.69218826293945,-90.0562515258789
1611771076564,2021-01-27T18:13:27.288Z,16.035999999999998,-14.453125,25.56718826293945,-92.4312515258789
1611771076603,2021-01-27T18:13:27.303Z,16.075,-14.453125,25.94218826293945,-90.8687515258789
1611771076643,2021-01-27T18:13:27.318Z,16.115,-13.390625,17.442188262939453,-90.0562515258789
1611771076683,2021-01-27T18:13:27.348Z,16.155,-13.390625,23.00468826293945,-91.6187515258789
1611771076722,2021-01-27T18:13:27.350Z,16.194000000000003,-12.265625,24.06718826293945,-91.3062515258789
1611771076762,2021-01-27T18:13:27.364Z,16.234,-13.765625,15.254687309265135,-90.8687515258789
1611771076801,2021-01-27T18:13:27.379Z,16.273,-12.640625,24.81718826293945,-90.8687515258789
1611771076841,2021-01-27T18:13:27.393Z,16.313,-13.015625,25.87968826293945,-91.7437515258789
1611771076880,2021-01-27T18:13:27.408Z,16.352,-13.015625,24.81718826293945,-92.4937515258789
1611771076920,2021-01-27T18:13:27.468Z,16.392,-12.640625,22.62968826293945,-92.0562515258789
1611771076959,2021-01-27T18:13:27.528Z,16.430999999999997,-12.640625,17.817188262939453,-91.6187515258789
1611771076998,2021-01-27T18:13:27.559Z,16.47,-13.390625,21.879688262939453,-91.6812515258789
1611771077037,2021-01-27T18:13:27.603Z,16.509,-13.015625,24.81718826293945,-91.7437515258789
1611771077077,2021-01-27T18:13:27.648Z,16.549,-11.890625,25.19218826293945,-91.6812515258789
1611771077116,2021-01-27T18:13:27.663Z,16.588,-11.890625,23.69218826293945,-92.0562515258789
1611771077156,2021-01-27T18:13:27.665Z,16.628,-11.140625,25.94218826293945,-90.8062515258789
1611771077195,2021-01-27T18:13:27.723Z,16.667,-12.265625,24.06718826293945,-91.2437515258789
1611771077235,2021-01-27T18:13:27.724Z,16.707,-12.640625,25.56718826293945,-93.3062515258789
1611771077274,2021-01-27T18:13:27.739Z,16.746,-12.265625,24.81718826293945,-91.6812515258789
1611771077314,2021-01-27T18:13:27.753Z,16.785999999999998,-11.890625,23.69218826293945,-92.4312515258789
1611771077353,2021-01-27T18:13:27.813Z,16.825,-12.640625,24.81718826293945,-92.8687515258789
1611771077392,2021-01-27T18:13:27.845Z,16.864,-12.640625,24.81718826293945,-92.8687515258789
1611771077431,2021-01-27T18:13:27.846Z,16.903,-12.265625,25.94218826293945,-92.0562515258789
1611771077471,2021-01-27T18:13:27.859Z,16.942999999999998,-11.890625,25.56718826293945,-92.8687515258789
1611771077510,2021-01-27T18:13:27.874Z,16.982,-11.890625,25.94218826293945,-94.0562515258789
1611771077550,2021-01-27T18:13:27.888Z,17.022000000000002,-11.890625,27.00468826293945,-92.8062515258789
1611771077589,2021-01-27T18:13:27.903Z,17.061,-11.515625,16.379688262939453,-91.2437515258789
1611771077629,2021-01-27T18:13:27.905Z,17.101,-12.640625,23.69218826293945,-94.8062515258789
1611771077668,2021-01-27T18:13:27.920Z,17.14,-11.515625,23.69218826293945,-91.6812515258789
1611771077708,2021-01-27T18:13:27.934Z,17.18,-11.890625,21.129688262939453,-92.4312515258789
1611771077748,2021-01-27T18:13:27.948Z,17.22,-11.515625,24.44218826293945,-92.8687515258789
1611771077787,2021-01-27T18:13:27.963Z,17.259,-12.265625,25.94218826293945,-92.0562515258789
1611771077825,2021-01-27T18:13:27.978Z,17.297,-11.515625,25.94218826293945,-93.2437515258789
1611771077865,2021-01-27T18:13:27.980Z,17.337,-11.515625,25.19218826293945,-94.4312515258789
1611771077904,2021-01-27T18:13:28.024Z,17.375999999999998,-12.265625,24.81718826293945,-91.6187515258789
1611771077944,2021-01-27T18:13:28.038Z,17.416,-11.578125,24.44218826293945,-93.4312515258789
1611771077983,2021-01-27T18:13:28.068Z,17.455,-11.515625,25.19218826293945,-93.2437515258789
1611771078023,2021-01-27T18:13:28.083Z,17.495,-13.015625,21.879688262939453,-90.8687515258789
1611771078062,2021-01-27T18:13:28.085Z,17.534000000000002,-11.515625,18.567188262939453,-94.4312515258789
1611771078102,2021-01-27T18:13:28.204Z,17.574,-11.890625,18.567188262939453,-91.6812515258789
1611771078142,2021-01-27T18:13:28.219Z,17.614,-12.265625,23.69218826293945,-91.2437515258789
1611771078181,2021-01-27T18:13:28.248Z,17.653,-11.515625,26.25468826293945,-92.4312515258789
1611771078219,2021-01-27T18:13:28.263Z,17.691,-12.265625,25.56718826293945,-92.0562515258789
1611771078259,2021-01-27T18:13:28.265Z,17.730999999999998,-10.828125,24.81718826293945,-92.5562515258789
1611771078298,2021-01-27T18:13:28.280Z,17.77,-10.828125,26.25468826293945,-94.4312515258789
1611771078338,2021-01-27T18:13:28.294Z,17.81,-11.203125,25.19218826293945,-92.4937515258789
1611771078377,2021-01-27T18:13:28.308Z,17.849,-10.078125,10.504687309265137,-91.3062515258789
1611771078417,2021-01-27T18:13:28.338Z,17.889,-9.703125,25.56718826293945,-92.8687515258789
1611771078457,2021-01-27T18:13:28.353Z,17.929000000000002,-8.953125,23.31718826293945,-92.0562515258789
1611771078496,2021-01-27T18:13:28.368Z,17.968,-8.953125,10.504687309265137,-90.8687515258789
1611771078536,2021-01-27T18:13:28.370Z,18.008,-9.328125,24.44218826293945,-92.4312515258789
1611771078575,2021-01-27T18:13:28.414Z,18.047,-8.265625,25.19218826293945,-90.0562515258789
1611771078613,2021-01-27T18:13:28.429Z,18.085,-7.890625,24.44218826293945,-90.8687515258789
1611771078653,2021-01-27T18:13:28.443Z,18.125,-7.515625,25.56718826293945,-90.0562515258789
1611771078692,2021-01-27T18:13:28.458Z,18.164,-8.265625,24.81718826293945,-88.8687515258789
1611771078732,2021-01-27T18:13:28.473Z,18.204,-7.515625,25.94218826293945,-90.0562515258789
1611771078771,2021-01-27T18:13:28.475Z,18.243,-7.890625,26.25468826293945,-90.0562515258789
1611771078811,2021-01-27T18:13:28.489Z,18.283,-6.765625,25.94218826293945,-88.8687515258789
1611771078851,2021-01-27T18:13:28.503Z,18.323,-6.015625,25.94218826293945,-89.2437515258789
1611771078890,2021-01-27T18:13:28.518Z,18.362000000000002,-6.390625,25.19218826293945,-88.0562515258789
1611771078930,2021-01-27T18:13:28.533Z,18.402,-4.578125,26.25468826293945,-88.0562515258789
1611771078969,2021-01-27T18:13:28.535Z,18.441,-6.390625,26.25468826293945,-88.5562515258789
1611771079009,2021-01-27T18:13:28.579Z,18.480999999999998,-5.328125,25.19218826293945,-86.4937515258789
1611771079047,2021-01-27T18:13:28.594Z,18.519000000000002,-4.203125,25.56718826293945,-86.9312515258789
1611771079086,2021-01-27T18:13:28.623Z,18.558,-5.328125,24.44218826293945,-87.3062515258789
1611771079126,2021-01-27T18:13:28.638Z,18.598,-4.953125,20.067188262939453,-86.1187515258789
1611771079166,2021-01-27T18:13:28.640Z,18.637999999999998,-4.578125,21.504688262939453,-86.1187515258789
1611771079205,2021-01-27T18:13:28.670Z,18.677,-4.578125,24.81718826293945,-86.4937515258789
1611771079245,2021-01-27T18:13:28.684Z,18.717,-4.578125,26.25468826293945,-85.7437515258789
1611771079284,2021-01-27T18:13:28.728Z,18.756,-4.578125,24.44218826293945,-84.9312515258789
1611771079324,2021-01-27T18:13:28.730Z,18.796,-5.328125,25.19218826293945,-86.4937515258789
1611771079363,2021-01-27T18:13:28.760Z,18.835,-5.328125,26.25468826293945,-85.6812515258789
1611771079403,2021-01-27T18:13:28.774Z,18.875,-6.015625,13.442187309265135,-85.3062515258789
1611771079441,2021-01-27T18:13:28.803Z,18.913,-5.328125,25.56718826293945,-86.4937515258789
1611771079480,2021-01-27T18:13:28.818Z,18.952,-5.640625,26.31718826293945,-85.6812515258789
1611771079520,2021-01-27T18:13:28.833Z,18.992,-6.015625,24.81718826293945,-87.6187515258789
1611771079560,2021-01-27T18:13:28.835Z,19.032,-5.640625,25.19218826293945,-87.3062515258789
1611771079599,2021-01-27T18:13:28.849Z,19.070999999999998,-6.390625,25.19218826293945,-84.9937515258789
1611771079639,2021-01-27T18:13:28.863Z,19.111,-6.390625,25.19218826293945,-86.4312515258789
1611771079678,2021-01-27T18:13:28.893Z,19.15,-6.765625,26.31718826293945,-84.8062515258789
1611771079718,2021-01-27T18:13:28.908Z,19.19,-7.890625,25.94218826293945,-82.9312515258789
1611771079757,2021-01-27T18:13:28.910Z,19.229,-7.515625,24.81718826293945,-84.9312515258789
1611771079797,2021-01-27T18:13:28.924Z,19.269000000000002,-8.265625,25.56718826293945,-83.3062515258789
1611771079836,2021-01-27T18:13:28.969Z,19.308,-7.515625,25.19218826293945,-83.7437515258789
1611771079874,2021-01-27T18:13:28.983Z,19.346,-7.515625,26.62968826293945,-83.6812515258789
1611771079914,2021-01-27T18:13:28.998Z,19.386,-8.578125,25.94218826293945,-82.9312515258789
1611771079954,2021-01-27T18:13:29.000Z,19.426,-7.890625,25.19218826293945,-82.4937515258789
1611771079993,2021-01-27T18:13:29.015Z,19.465,-8.265625,25.56718826293945,-85.3062515258789
1611771080033,2021-01-27T18:13:29.029Z,19.505,-7.140625,25.56718826293945,-84.1187515258789
1611771080072,2021-01-27T18:13:29.043Z,19.544,-8.578125,24.81718826293945,-84.1187515258789
1611771080112,2021-01-27T18:13:29.058Z,19.584,-8.953125,26.62968826293945,-84.9312515258789
1611771080151,2021-01-27T18:13:29.073Z,19.623,-8.578125,24.44218826293945,-84.1812515258789
1611771080191,2021-01-27T18:13:29.075Z,19.663,-9.703125,17.442188262939453,-82.1187515258789
1611771080230,2021-01-27T18:13:29.089Z,19.702,-8.953125,20.442188262939453,-84.4312515258789
1611771080269,2021-01-27T18:13:29.133Z,19.741,-9.328125,25.94218826293945,-82.1187515258789
1611771080308,2021-01-27T18:13:29.163Z,19.78,-9.703125,17.129688262939453,-81.7437515258789
1611771080348,2021-01-27T18:13:29.178Z,19.82,-10.078125,25.56718826293945,-82.4937515258789
1611771080387,2021-01-27T18:13:29.193Z,19.859,-11.203125,26.25468826293945,-81.3062515258789
1611771080427,2021-01-27T18:13:29.195Z,19.899,-10.453125,26.25468826293945,-81.7437515258789
1611771080466,2021-01-27T18:13:29.314Z,19.938,-11.515625,25.19218826293945,-82.4937515258789
1611771080506,2021-01-27T18:13:29.358Z,19.977999999999998,-10.453125,25.94218826293945,-80.5562515258789
1611771080545,2021-01-27T18:13:29.373Z,20.017,-11.203125,23.69218826293945,-81.3062515258789
1611771080585,2021-01-27T18:13:29.388Z,20.057000000000002,-11.890625,26.25468826293945,-81.7437515258789
1611771080624,2021-01-27T18:13:29.390Z,20.096,-11.140625,25.19218826293945,-79.6812515258789
1611771080664,2021-01-27T18:13:29.404Z,20.136,-11.890625,24.81718826293945,-80.1187515258789
1611771080702,2021-01-27T18:13:29.419Z,20.174,-11.890625,25.94218826293945,-80.9312515258789
1611771080742,2021-01-27T18:13:29.448Z,20.214000000000002,-12.265625,26.25468826293945,-79.3687515258789
1611771080781,2021-01-27T18:13:29.463Z,20.253,-12.265625,25.56718826293945,-80.9312515258789
1611771080821,2021-01-27T18:13:29.465Z,20.293,-12.640625,24.44218826293945,-79.7437515258789
1611771080860,2021-01-27T18:13:29.480Z,20.332,-13.390625,25.19218826293945,-79.4312515258789
1611771080900,2021-01-27T18:13:29.524Z,20.372,-12.640625,24.81718826293945,-81.6812515258789
1611771080939,2021-01-27T18:13:29.538Z,20.410999999999998,-13.015625,25.94218826293945,-80.1187515258789
1611771080979,2021-01-27T18:13:29.553Z,20.451,-12.265625,10.879687309265137,-81.3062515258789
1611771081019,2021-01-27T18:13:29.568Z,20.491,-13.390625,25.56718826293945,-82.4937515258789
1611771081058,2021-01-27T18:13:29.570Z,20.53,-12.265625,26.25468826293945,-79.3687515258789
1611771081096,2021-01-27T18:13:29.584Z,20.568,-11.890625,9.754687309265137,-80.5562515258789
1611771081136,2021-01-27T18:13:29.598Z,20.608,-13.015625,25.56718826293945,-82.4937515258789
1611771081175,2021-01-27T18:13:29.613Z,20.647,-13.390625,24.81718826293945,-81.4312515258789
1611771081215,2021-01-27T18:13:29.628Z,20.686999999999998,-12.265625,22.62968826293945,-82.1187515258789
1611771081254,2021-01-27T18:13:29.688Z,20.726,-11.515625,19.692188262939453,-80.4937515258789
1611771081294,2021-01-27T18:13:29.690Z,20.766,-13.015625,21.129688262939453,-79.7437515258789
1611771081333,2021-01-27T18:13:29.735Z,20.805,-12.265625,23.00468826293945,-80.9312515258789
1611771081373,2021-01-27T18:13:29.749Z,20.845,-13.390625,26.25468826293945,-81.7437515258789
1611771081413,2021-01-27T18:13:29.764Z,20.885,-13.015625,24.81718826293945,-79.7437515258789
1611771081452,2021-01-27T18:13:29.779Z,20.924,-14.140625,23.31718826293945,-82.5562515258789
1611771081492,2021-01-27T18:13:29.824Z,20.964000000000002,-13.015625,25.56718826293945,-80.1187515258789
1611771081531,2021-01-27T18:13:29.838Z,21.003,-13.015625,24.06718826293945,-79.8062515258789
1611771081569,2021-01-27T18:13:29.869Z,21.041,-13.015625,24.06718826293945,-79.8062515258789
1611771081609,2021-01-27T18:13:29.884Z,21.081,-13.015625,25.19218826293945,-80.5562515258789
1611771081648,2021-01-27T18:13:29.929Z,21.12,-13.015625,26.25468826293945,-79.3687515258789
1611771081688,2021-01-27T18:13:29.943Z,21.16,-13.015625,24.44218826293945,-80.1812515258789
1611771081728,2021-01-27T18:13:29.945Z,21.2,-12.640625,24.81718826293945,-80.9312515258789
1611771081767,2021-01-27T18:13:29.960Z,21.239,-13.015625,24.81718826293945,-81.4312515258789
1611771081807,2021-01-27T18:13:29.974Z,21.279,-13.390625,25.19218826293945,-80.9312515258789
