epoch (ms),time (-07:00),elapsed (s),W-Axis,X-Axis (i),Y-Axis (j),Z-Axis (k)
1631042728976,2021-09-07T19:25:28.976Z,0,0.27470857886247124,0.4123624561177091,-0.13260023821104916,0.8584343762398526
1631042729004,2021-09-07T19:25:29.004Z,0.028,0.27470857886247124,0.4123624561177091,-0.13260023821104916,0.8584343762398526
1631042729018,2021-09-07T19:25:29.018Z,0.042,0.283358496440247,0.41113843265169947,-0.1252009772338592,0.8573201659773978
1631042729034,2021-09-07T19:25:29.034Z,0.058,0.30012958067926815,0.408013934610964,-0.11068013976546881,0.8551004447584287
1631042729064,2021-09-07T19:25:29.064Z,0.088,0.3165541495561498,0.4031893193588837,-0.09628939343588803,0.8532058344065936
1631042729078,2021-09-07T19:25:29.078Z,0.102,0.33220521324311697,0.39756218447083114,-0.08262824443429907,0.851326364559786
1631042729094,2021-09-07T19:25:29.094Z,0.118,0.34680117541641303,0.3926035280958306,-0.07104409900231753,0.8488487205936341
1631042729124,2021-09-07T19:25:29.124Z,0.148,0.3600795047205291,0.3875480376257778,-0.06069342920500618,0.8464428961625021
1631042729138,2021-09-07T19:25:29.138Z,0.162,0.3720507378232244,0.3821463640868833,-0.051306963718357704,0.8443399791401403
1631042729154,2021-09-07T19:25:29.154Z,0.178,0.3826752772334598,0.37724964541602374,-0.04309337441186303,0.842250139987865
1631042729184,2021-09-07T19:25:29.184Z,0.208,0.3924267538863924,0.3731217335674219,-0.03689593028584655,0.8398929128776909
1631042729198,2021-09-07T19:25:29.198Z,0.222,0.4008251000931556,0.37011222605939886,-0.03218180076362879,0.8374488109468413
1631042729214,2021-09-07T19:25:29.214Z,0.238,0.4079657714838553,0.3677637775212313,-0.027813935288377466,0.8351886722439853
1631042729228,2021-09-07T19:25:29.228Z,0.252,0.41405003093475556,0.36439995571193384,-0.024117167231165238,0.8337827093462739
1631042729258,2021-09-07T19:25:29.259Z,0.282,0.4191380271945172,0.35906444103060353,-0.021453643876843103,0.8336280840466412
1631042729289,2021-09-07T19:25:29.289Z,0.313,0.4234498447218065,0.3515226795330484,-0.01897503944374803,0.8347226980603151
1631042729289,2021-09-07T19:25:29.289Z,0.313,0.4267982709231233,0.34424443973986824,-0.016467537224299562,0.8361027579568094
1631042729318,2021-09-07T19:25:29.318Z,0.342,0.4292434655755188,0.33892108603184157,-0.015028309783517912,0.8370523846264138
1631042729333,2021-09-07T19:25:29.333Z,0.357,0.4310852701309602,0.334057071705111,-0.014660739727884002,0.8380670769279477
1631042729363,2021-09-07T19:25:29.363Z,0.387,0.4321916251634077,0.3283558076095322,-0.014389460407798944,0.8397534198661395
1631042729378,2021-09-07T19:25:29.378Z,0.402,0.4325869952803621,0.32156970913600136,-0.013879482555210373,0.8421809625279444
1631042729393,2021-09-07T19:25:29.394Z,0.417,0.4322566977972794,0.315231263046019,-0.013762978811068144,0.8447449191454477
1631042729408,2021-09-07T19:25:29.409Z,0.432,0.4312766712713998,0.30979337730347134,-0.014850192435844076,0.8472354855532128
1631042729468,2021-09-07T19:25:29.469Z,0.492,0.42973320450602076,0.30429842200226165,-0.01664742779934945,0.8499733563233529
1631042729469,2021-09-07T19:25:29.469Z,0.493,0.4277991807776747,0.29805777558788427,-0.019176116909281785,0.8531012248718401
1631042729469,2021-09-07T19:25:29.470Z,0.493,0.42586298436081554,0.2886135189254209,-0.019768084708270964,0.8572935192055008
1631042729513,2021-09-07T19:25:29.513Z,0.537,0.42391319655330545,0.27710773620694756,-0.01796521559304239,0.8620824527566459
1631042729514,2021-09-07T19:25:29.514Z,0.538,0.42158159668190176,0.26937088405197795,-0.016826553292005574,0.8656934510948465
1631042729528,2021-09-07T19:25:29.528Z,0.552,0.4188605890517029,0.2651404767254806,-0.017248822563677636,0.8683080171582042
1631042729559,2021-09-07T19:25:29.559Z,0.583,0.4160072583782837,0.2631270338951823,-0.018345484855397505,0.8702675267959432
1631042729573,2021-09-07T19:25:29.574Z,0.597,0.4134181074335848,0.2620567934630564,-0.01967702215066817,0.871793851919808
1631042729589,2021-09-07T19:25:29.590Z,0.613,0.41109779915038513,0.26080751696890775,-0.020664472353048073,0.8732416722812721
1631042729603,2021-09-07T19:25:29.604Z,0.627,0.40875997663502633,0.2582732110949721,-0.021268602213013507,0.8750759261298011
1631042729633,2021-09-07T19:25:29.634Z,0.657,0.40624478345014486,0.25371789860838245,-0.02163463638593966,0.87756728878972
1631042729648,2021-09-07T19:25:29.649Z,0.672,0.40378191593211454,0.24657101969552045,-0.02101444769703413,0.8807504127733865
1631042729663,2021-09-07T19:25:29.664Z,0.687,0.40120314792165346,0.23856568166820058,-0.019850162025277174,0.8841540706774544
1631042729693,2021-09-07T19:25:29.693Z,0.717,0.39837857544913324,0.23295320257069982,-0.019411919377360153,0.8869331955797239
1631042729708,2021-09-07T19:25:29.708Z,0.732,0.39522072860603447,0.23068371524730324,-0.020539142288986408,0.888911549499639
1631042729738,2021-09-07T19:25:29.738Z,0.762,0.3916785583249053,0.23050802422676925,-0.022541156983970814,0.8904750720584035
1631042729753,2021-09-07T19:25:29.753Z,0.777,0.38795053196753365,0.23020356441298215,-0.024193077804215594,0.8921409074042198
1631042729768,2021-09-07T19:25:29.769Z,0.792,0.38411122195817726,0.22934587082077906,-0.02567478990020475,0.8939797793389037
1631042729783,2021-09-07T19:25:29.784Z,0.807,0.3801590617038873,0.22809456977472473,-0.02764681065106668,0.895928350318555
1631042729813,2021-09-07T19:25:29.813Z,0.837,0.3760848917054476,0.22583305701429676,-0.029504094097402487,0.8981587237353823
1631042729843,2021-09-07T19:25:29.844Z,0.867,0.37180246918928767,0.22251079387704112,-0.030323772820021754,0.9007398843811222
1631042729844,2021-09-07T19:25:29.844Z,0.868,0.36774273431138915,0.22052796910119993,-0.03077162322943428,0.9028764053895246
1631042729873,2021-09-07T19:25:29.873Z,0.897,0.3637758804348986,0.2205339379979886,-0.03169655438578737,0.904448572028826
1631042729888,2021-09-07T19:25:29.889Z,0.912,0.35957270412427045,0.22203974499204074,-0.03261465808932519,0.9057273906481716
1631042729903,2021-09-07T19:25:29.903Z,0.927,0.35530889381816344,0.2245919279370861,-0.03335562753521593,0.9067532508852381
1631042729918,2021-09-07T19:25:29.919Z,0.942,0.3513837066308033,0.2269507884922953,-0.0339339701851458,0.907673573474846
1631042729948,2021-09-07T19:25:29.949Z,0.972,0.3478370360794341,0.22818486733087717,-0.034074355425406266,0.9087243811822194
1631042729978,2021-09-07T19:25:29.979Z,1.002,0.3445470200142393,0.22881754838918383,-0.033776415267487626,0.9098291236930972
1631042729979,2021-09-07T19:25:29.979Z,1.003,0.341237785697024,0.23070486043045477,-0.03352326549489464,0.9106087149027925
1631042730023,2021-09-07T19:25:30.023Z,1.047,0.33770174840895967,0.23424961403156358,-0.03374626592701505,0.9110136316123807
1631042730024,2021-09-07T19:25:30.024Z,1.048,0.33393304772764215,0.23707115105428334,-0.034139725526496315,0.911658087286073
1631042730038,2021-09-07T19:25:30.039Z,1.062,0.3301533637608741,0.23709965373125266,-0.034320476138088925,0.913019504455165
1631042730068,2021-09-07T19:25:30.068Z,1.092,0.3262913266623473,0.23609663832203118,-0.034537427545909036,0.914658140299682
1631042730083,2021-09-07T19:25:30.084Z,1.107,0.32239912320655906,0.23637088640583384,-0.03496867193320809,0.9159502177512653
1631042730098,2021-09-07T19:25:30.099Z,1.122,0.3185979921484706,0.2375871911228367,-0.03552165142934111,0.9169437596129089
1631042730128,2021-09-07T19:25:30.129Z,1.152,0.31470511557718045,0.2379280866066555,-0.03618088874417477,0.9181731095620971
1631042730143,2021-09-07T19:25:30.144Z,1.167,0.3107551949155561,0.23658694454938167,-0.03687841092640236,0.9198357512672173
1631042730158,2021-09-07T19:25:30.159Z,1.182,0.30659463886789684,0.23546554059979846,-0.037789095051570555,0.9214812482642779
1631042730188,2021-09-07T19:25:30.189Z,1.212,0.30221318071988784,0.23637649376613307,-0.039257659190718566,0.9226332872755365
1631042730203,2021-09-07T19:25:30.203Z,1.227,0.29793061502116636,0.23819832353832665,-0.04098811603722226,0.9234819335755082
1631042730218,2021-09-07T19:25:30.219Z,1.242,0.29375657444634684,0.23883701865297416,-0.042377680547879,0.9245907665999531
1631042730248,2021-09-07T19:25:30.248Z,1.272,0.2897196947197005,0.23918611798276196,-0.043987478135712015,0.9256984396784517
1631042730263,2021-09-07T19:25:30.263Z,1.287,0.28589094253764274,0.24009280384275034,-0.04594349952522951,0.9265586918103138
1631042730278,2021-09-07T19:25:30.279Z,1.302,0.28203942824662565,0.2422099811537654,-0.0480516320086464,0.9270809709001229
1631042730293,2021-09-07T19:25:30.294Z,1.317,0.2781759331220191,0.24521498026830799,-0.050241137385947994,0.9273422193547934
1631042730323,2021-09-07T19:25:30.324Z,1.347,0.2744245757732857,0.2478494581426835,-0.05239753665016303,0.9276401761798726
1631042730338,2021-09-07T19:25:30.339Z,1.362,0.27086707234428026,0.25008528535677305,-0.054650702427096666,0.9279556454334897
1631042730353,2021-09-07T19:25:30.354Z,1.377,0.26742155631093306,0.2524939299451716,-0.05700876089739185,0.9281608307518828
1631042730383,2021-09-07T19:25:30.383Z,1.407,0.26393677071036714,0.255458605630563,-0.05980385381940016,0.9281712023892031
1631042730398,2021-09-07T19:25:30.399Z,1.422,0.26024496675940645,0.2590078127467148,-0.06242696597302062,0.9280573172665371
1631042730413,2021-09-07T19:25:30.413Z,1.437,0.25611076044724845,0.26303953225880344,-0.06496167255412288,0.9278994902203433
1631042730443,2021-09-07T19:25:30.443Z,1.467,0.2517811644664219,0.2674230623128032,-0.06753268807528713,0.9276478248799493
1631042730458,2021-09-07T19:25:30.459Z,1.482,0.24765616498233162,0.2720161063103327,-0.06993889764284561,0.9272444189373767
1631042730473,2021-09-07T19:25:30.473Z,1.497,0.24375184531221275,0.2765266671112062,-0.07225299819526473,0.926767254781401
1631042730503,2021-09-07T19:25:30.503Z,1.527,0.23984933218482396,0.2806915082117416,-0.07460325310511262,0.9263470892135659
1631042730518,2021-09-07T19:25:30.518Z,1.542,0.2357475018801952,0.2838422843009161,-0.07697285473681278,0.9262461080262369
1631042730533,2021-09-07T19:25:30.533Z,1.557,0.2315283179536256,0.2866465225417612,-0.07933736052586568,0.9262472630594216
1631042730563,2021-09-07T19:25:30.563Z,1.587,0.22732657970039216,0.29003573453927184,-0.08154484907956536,0.9260412174631198
1631042730593,2021-09-07T19:25:30.593Z,1.617,0.2229124700063568,0.2946776675520533,-0.08377514574355596,0.9254495274823973
1631042730594,2021-09-07T19:25:30.594Z,1.618,0.21819175728102816,0.30039048123685513,-0.08625385144770309,0.9245097019216971
1631042730608,2021-09-07T19:25:30.608Z,1.632,0.21308982991717132,0.30680028495944245,-0.08873567243077023,0.9233592421007845
1631042730638,2021-09-07T19:25:30.638Z,1.662,0.2077065771961095,0.3145904342513187,-0.09144926360467034,0.9216983609908433
1631042730653,2021-09-07T19:25:30.653Z,1.677,0.20239332332773416,0.3223183455387029,-0.09426836676183514,0.9199246174712388
1631042730668,2021-09-07T19:25:30.668Z,1.692,0.197197752789731,0.329037730228629,-0.09712304301918397,0.9183759213390592
1631042730698,2021-09-07T19:25:30.698Z,1.722,0.19197879823729888,0.3352052249601866,-0.10000670780411319,0.9169407050518239
1631042730713,2021-09-07T19:25:30.714Z,1.737,0.18634935299125133,0.3418313370459552,-0.10294318517212607,0.9153294250048635
1631042730728,2021-09-07T19:25:30.729Z,1.752,0.18361613298398866,0.348037037002374,-0.09785417544090723,0.9141005945361782
1631042730759,2021-09-07T19:25:30.759Z,1.783,0.17791705772481434,0.3544159420616424,-0.10105363067842989,0.9124269967015506
1631042730773,2021-09-07T19:25:30.774Z,1.797,0.1725911139806423,0.35987620289702377,-0.10417461776717202,0.9109605232810063
1631042730788,2021-09-07T19:25:30.789Z,1.812,0.1674662707661489,0.36536089201696115,-0.10705924214574845,0.9093980346423821
1631042730818,2021-09-07T19:25:30.819Z,1.842,0.16203345673703176,0.3715837372137244,-0.11001458233116283,0.9075061855495147
1631042730848,2021-09-07T19:25:30.849Z,1.872,0.15628005865600342,0.3778664840614059,-0.1129663533896376,0.9055562193985501
1631042730863,2021-09-07T19:25:30.864Z,1.887,0.15074628330587395,0.3829888337118213,-0.11571213402715666,0.9039943657791267
1631042730893,2021-09-07T19:25:30.893Z,1.917,0.14581150192757525,0.3863774637739005,-0.11840622432585424,0.903012418205956
1631042730894,2021-09-07T19:25:30.894Z,1.918,0.14123108857092592,0.38899624000787136,-0.12099815052132182,0.9022722163799733
1631042730908,2021-09-07T19:25:30.909Z,1.932,0.13627942606811094,0.3928032289798527,-0.12365385173416678,0.9010234549027304
1631042730923,2021-09-07T19:25:30.923Z,1.947,0.13112669199011456,0.39677538018517394,-0.12616768966158978,0.8996981729514055
1631042730953,2021-09-07T19:25:30.953Z,1.977,0.1263029271758507,0.4001461249836875,-0.12862622681198949,0.8985465725400446
1631042730968,2021-09-07T19:25:30.969Z,1.992,0.1220159066131571,0.4026270398938516,-0.13101304189803067,0.897685450551756
1631042730983,2021-09-07T19:25:30.984Z,2.007,0.11799638748695386,0.40531733736266945,-0.13324421678458748,0.8966831587950822
1631042731014,2021-09-07T19:25:31.014Z,2.038,0.11373014413337688,0.4090705065486298,-0.13544543576123044,0.8951990331311239
1631042731028,2021-09-07T19:25:31.029Z,2.052,0.10937951413478139,0.4130386079490477,-0.13755407814092302,0.8935961648406696
1631042731043,2021-09-07T19:25:31.043Z,2.067,0.10534734812004355,0.4164946886058558,-0.13943123032888746,0.8921844218636406
1631042731073,2021-09-07T19:25:31.073Z,2.097,0.10138421616797817,0.4198062167875208,-0.1413770333524992,0.8907842137684077
1631042731103,2021-09-07T19:25:31.103Z,2.127,0.09741531824052045,0.42326532779978754,-0.14358432246838232,0.8892357732322358
1631042731104,2021-09-07T19:25:31.104Z,2.128,0.09376603011927216,0.4260428983505878,-0.14551168132357967,0.8879874610370844
1631042731133,2021-09-07T19:25:31.134Z,2.157,0.0904523177563775,0.42818372512726577,-0.14717032720359766,0.8870276041586437
1631042731149,2021-09-07T19:25:31.149Z,2.173,0.0874180422994905,0.4306038924788913,-0.14875189989980733,0.885895730850279
1631042731163,2021-09-07T19:25:31.164Z,2.187,0.0843634374311015,0.43328785507031825,-0.1503579156003514,0.8846111814179659
1631042731193,2021-09-07T19:25:31.193Z,2.217,0.08145190485842564,0.43588178807263206,-0.15172494306290613,0.8833754556665568
1631042731208,2021-09-07T19:25:31.209Z,2.232,0.07900016773275301,0.438289166518185,-0.1527944210752083,0.8822218796307897
1631042731223,2021-09-07T19:25:31.223Z,2.247,0.07697333379581761,0.44018405584965153,-0.15380825070559148,0.8812809568321526
1631042731238,2021-09-07T19:25:31.238Z,2.262,0.07512999165688697,0.4416409636680017,-0.15490695503640825,0.8805183580399577
1631042731268,2021-09-07T19:25:31.269Z,2.292,0.07327460561721509,0.443329308335147,-0.15583093600702172,0.8796628194518041
1631042731283,2021-09-07T19:25:31.284Z,2.307,0.07540264546967017,0.4463004960136564,-0.1495992356843796,0.8790622145199901
1631042731298,2021-09-07T19:25:31.299Z,2.322,0.07402618267744686,0.4477979862050058,-0.15073944706341938,0.8782224700655075
1631042731328,2021-09-07T19:25:31.329Z,2.352,0.07317789687577127,0.4476335373353365,-0.15193975062244666,0.8781705550986559
1631042731343,2021-09-07T19:25:31.343Z,2.367,0.07258325975110344,0.44709191711276786,-0.15309824386766416,0.8782946064851879
1631042731358,2021-09-07T19:25:31.358Z,2.382,0.07192555264047841,0.4472383514198819,-0.15406529915399084,0.8781050367086954
1631042731388,2021-09-07T19:25:31.388Z,2.412,0.07125116475308631,0.44797586524859,-0.15479782952941123,0.8776551302471199
1631042731403,2021-09-07T19:25:31.403Z,2.427,0.07061787997295513,0.44929750698848275,-0.1555061704990813,0.8769051808369991
1631042731418,2021-09-07T19:25:31.418Z,2.442,0.06996954947279155,0.451112894254777,-0.1563190513055319,0.8758799991908661
1631042731448,2021-09-07T19:25:31.448Z,2.472,0.06929437505338011,0.4528514430597128,-0.15688922494364482,0.8749340724884817
1631042731463,2021-09-07T19:25:31.463Z,2.487,0.06888588418043773,0.4544673198144729,-0.15721678505916173,0.8740692608008762
1631042731478,2021-09-07T19:25:31.479Z,2.502,0.06870031825553581,0.45545941718628763,-0.1575785684813019,0.873502135271173
1631042731508,2021-09-07T19:25:31.509Z,2.532,0.06872468639183424,0.4555759858850213,-0.15785600698548233,0.8733893287783142
1631042731523,2021-09-07T19:25:31.523Z,2.547,0.06885910755067391,0.455376444648676,-0.15788094643964715,0.8734782903528728
1631042731538,2021-09-07T19:25:31.538Z,2.562,0.06884835272818723,0.4559513669790415,-0.15779038375313484,0.8731955394249316
1631042731553,2021-09-07T19:25:31.553Z,2.577,0.06862375757392256,0.4571506891907552,-0.15772710446697977,0.8725973801160049
1631042731583,2021-09-07T19:25:31.583Z,2.607,0.0687135249051514,0.4580441611866959,-0.15766626711459303,0.8721326424988547
1631042731598,2021-09-07T19:25:31.598Z,2.622,0.06888738555080955,0.45812299738420803,-0.157574210865584,0.8720941551517082
1631042731613,2021-09-07T19:25:31.613Z,2.637,0.0689863441193132,0.4581232951662765,-0.1576511007691787,0.8720722797895315
1631042731646,2021-09-07T19:25:31.646Z,2.67,0.06904511029200615,0.4578342653213866,-0.15777095867823956,0.8721977315036654
1631042731658,2021-09-07T19:25:31.659Z,2.682,0.06923890081491538,0.45690494562368045,-0.1577481620096439,0.8726736862431129
1631042731673,2021-09-07T19:25:31.673Z,2.697,0.06962611287191206,0.45550276265212125,-0.15778305584850105,0.8733693061413036
1631042731703,2021-09-07T19:25:31.703Z,2.727,0.06990682294471591,0.4543331537972641,-0.157827659555568,0.8739478539052657
1631042731718,2021-09-07T19:25:31.718Z,2.742,0.07007920696281666,0.4537466436802682,-0.15774632887370987,0.8742533865117263
1631042731733,2021-09-07T19:25:31.733Z,2.757,0.07038468161048138,0.45326474557324686,-0.1575947710566081,0.8745061207050675
1631042731763,2021-09-07T19:25:31.763Z,2.787,0.07082179013079483,0.45247249673163525,-0.15761006977667577,0.8748782656170523
1631042731778,2021-09-07T19:25:31.778Z,2.802,0.07135832898144777,0.4515211483072003,-0.15742645812180212,0.875359098770069
1631042731793,2021-09-07T19:25:31.793Z,2.817,0.07194864262231267,0.45080619975039965,-0.1571308267899606,0.87573230291209
1631042731823,2021-09-07T19:25:31.823Z,2.847,0.08008720383698294,0.4512495205779217,-0.14254609631602305,0.8772915823059244
1631042731838,2021-09-07T19:25:31.838Z,2.862,0.08048567877501983,0.4504895782009081,-0.14253947061887642,0.8776466799117869
1631042731853,2021-09-07T19:25:31.853Z,2.877,0.08446973877111098,0.4498809644942352,-0.13570576215081798,0.8786671310210384
1631042731883,2021-09-07T19:25:31.883Z,2.907,0.08480168982219356,0.449252849323348,-0.13567663894283002,0.8789609777591555
1631042731898,2021-09-07T19:25:31.898Z,2.922,0.0849201891716893,0.4490624607885383,-0.13568267049981309,0.8790458922648045
1631042731913,2021-09-07T19:25:31.914Z,2.937,0.08843682131065965,0.44954309730421116,-0.12916079411495188,0.8794358541509428
1631042731928,2021-09-07T19:25:31.928Z,2.952,0.09528330675184707,0.44972696183112365,-0.11654915447454048,0.8803880086915373
1631042731958,2021-09-07T19:25:31.958Z,2.982,0.09547807029126897,0.4493057015475292,-0.11678687925855576,0.8805504809398413
1631042731973,2021-09-07T19:25:31.973Z,2.997,0.0955682682416793,0.4493360758683533,-0.11698247339363542,0.8804992322240965
1631042731988,2021-09-07T19:25:31.989Z,3.012,0.09554424289671508,0.4495168049636878,-0.11700208504907182,0.8804069807757668
1631042732018,2021-09-07T19:25:32.019Z,3.042,0.09558471958374606,0.44938209804352997,-0.11703349720439098,0.8804671781913289
1631042732033,2021-09-07T19:25:32.034Z,3.057,0.09565694852162161,0.4490289740609353,-0.11704674468195317,0.8806377167784001
1631042732048,2021-09-07T19:25:32.049Z,3.072,0.10188282337431102,0.44913431945889837,-0.10499579494654032,0.8814046383069555
1631042732093,2021-09-07T19:25:32.094Z,3.117,0.10793536747988439,0.4496290905484197,-0.09324950693611901,0.8817528944300403
1631042732094,2021-09-07T19:25:32.094Z,3.118,0.11369694816822178,0.4498260937299653,-0.08205155524821224,0.8820414001951512
1631042732108,2021-09-07T19:25:32.108Z,3.132,0.11907954736694096,0.4495346928255041,-0.07164029165952505,0.8823867009175186
1631042732138,2021-09-07T19:25:32.138Z,3.162,0.12414531123022944,0.4489402667311926,-0.061953535735282214,0.8827243839482245
1631042732153,2021-09-07T19:25:32.153Z,3.177,0.12902722118037394,0.44855804486731826,-0.052461774602076655,0.8828337435694676
1631042732168,2021-09-07T19:25:32.168Z,3.192,0.1335513389163788,0.4487698792144572,-0.04343086679345711,0.88254370724234
1631042732198,2021-09-07T19:25:32.198Z,3.222,0.13773193015697033,0.4490333974986092,-0.03517640895149236,0.8821346516260252
1631042732213,2021-09-07T19:25:32.213Z,3.237,0.1416010854685455,0.44917988715526946,-0.027538899294497748,0.8817188727678208
1631042732228,2021-09-07T19:25:32.228Z,3.252,0.14515133129925087,0.4492795743067439,-0.020524592968127125,0.8812818483415501
1631042732243,2021-09-07T19:25:32.243Z,3.267,0.14851730064572788,0.44934238494163,-0.013974813276762171,0.8808170849261238
1631042732273,2021-09-07T19:25:32.273Z,3.297,0.1517236040200767,0.44915014647295814,-0.0076267892208411615,0.8804464356181244
1631042732288,2021-09-07T19:25:32.288Z,3.312,0.15500200741026285,0.4487850343974198,-0.0012554322204490977,0.8800936282519238
1631042732303,2021-09-07T19:25:32.303Z,3.327,0.1580403157311035,0.4484957479811138,0.004736124562408085,0.8796888039361441
1631042732333,2021-09-07T19:25:32.333Z,3.357,0.16079967309063967,0.4485007091651934,0.010150596868820146,0.8791402302223854
1631042732348,2021-09-07T19:25:32.348Z,3.372,0.1632908163905232,0.44845796407333754,0.015080930926066691,0.8786319646268945
1631042732363,2021-09-07T19:25:32.363Z,3.387,0.16574181005961577,0.4485654174965221,0.01988603652772207,0.8780223597241422
1631042732393,2021-09-07T19:25:32.394Z,3.417,0.16806196402102333,0.44836718785081736,0.024301071477397396,0.8775713640685848
1631042732408,2021-09-07T19:25:32.408Z,3.432,0.17028768277825343,0.44796004673609063,0.028438994522710568,0.877225811985004
1631042732423,2021-09-07T19:25:32.423Z,3.447,0.17234877850960528,0.44772319969920693,0.03259547353338278,0.87679950393604
1631042732453,2021-09-07T19:25:32.453Z,3.477,0.17428585207048095,0.4476159636400272,0.03649635098059553,0.8763175264867054
1631042732468,2021-09-07T19:25:32.468Z,3.492,0.1760927825382288,0.4474098528970733,0.0401473888397915,0.8759017882376483
1631042732483,2021-09-07T19:25:32.483Z,3.507,0.1777540071571089,0.44711794312245157,0.04350976825313262,0.875554657313921
1631042732513,2021-09-07T19:25:32.513Z,3.537,0.17935789138371486,0.44673402379961746,0.04654703420829675,0.87526729196549
1631042732528,2021-09-07T19:25:32.528Z,3.552,0.18083707435729804,0.4467098874455942,0.04955787060236692,0.8748098344540925
1631042732543,2021-09-07T19:25:32.543Z,3.567,0.1823312393936429,0.44653586151907365,0.052446187470707076,0.8744200597758404
1631042732558,2021-09-07T19:25:32.558Z,3.582,0.183784968597093,0.4464018448478042,0.055316501681788414,0.8740071869704111
1631042732603,2021-09-07T19:25:32.603Z,3.627,0.1850841748863749,0.4464680513625157,0.057960211869866475,0.8735277563759426
1631042732604,2021-09-07T19:25:32.604Z,3.628,0.18609532420114647,0.446430234998241,0.06007388247803095,0.873189386235255
1631042732618,2021-09-07T19:25:32.618Z,3.642,0.1868691525062386,0.4464913741365533,0.06159966958769916,0.8728865065802879
1631042732648,2021-09-07T19:25:32.648Z,3.672,0.1875920287542249,0.44641718073897685,0.06298229815937693,0.8726707062847366
1631042732663,2021-09-07T19:25:32.663Z,3.687,0.18833615164046769,0.44628167260972623,0.06424833420756035,0.872487429267309
1631042732678,2021-09-07T19:25:32.678Z,3.702,0.18892426591508535,0.4461154539287287,0.06547357302239462,0.8723541911116676
1631042732709,2021-09-07T19:25:32.709Z,3.733,0.18956471097205416,0.445977970353684,0.06657646064803406,0.8722020667258654
1631042732723,2021-09-07T19:25:32.723Z,3.747,0.19011026433792225,0.4459382847773669,0.06767818265121638,0.8720188055060589
1631042732738,2021-09-07T19:25:32.738Z,3.762,0.1905527215355551,0.44594108429804374,0.06857809786044804,0.8718504769421883
1631042732768,2021-09-07T19:25:32.768Z,3.792,0.19108614539983004,0.446128850221833,0.06959463734056029,0.8715570666854905
1631042732783,2021-09-07T19:25:32.783Z,3.807,0.19166646697224604,0.4464359236730249,0.07067613229702736,0.8711852936179094
1631042732798,2021-09-07T19:25:32.798Z,3.822,0.19208774740693105,0.446448344009172,0.07152732003389363,0.8710166565091438
1631042732843,2021-09-07T19:25:32.843Z,3.867,0.19241125828128527,0.4461138879542478,0.07226425203795236,0.8710557872710294
1631042732844,2021-09-07T19:25:32.844Z,3.868,0.1927295833462748,0.44581530868449887,0.07295899317412856,0.8710803657302428
1631042732858,2021-09-07T19:25:32.858Z,3.882,0.1930662612779952,0.44580067364462495,0.0736296295865036,0.870956862181526
1631042732888,2021-09-07T19:25:32.888Z,3.912,0.19343207080535074,0.4459238831481596,0.074413310066048,0.8707459926448325
1631042732903,2021-09-07T19:25:32.903Z,3.927,0.19382006824961917,0.44601567210236537,0.07527623094459747,0.8705385060050842
1631042732918,2021-09-07T19:25:32.918Z,3.942,0.1942956352480794,0.4460207347603393,0.07616345050586336,0.8703527095921705
1631042732933,2021-09-07T19:25:32.933Z,3.957,0.19457468653352591,0.44614709462906194,0.07670057510943015,0.870178420263517
1631042732963,2021-09-07T19:25:32.963Z,3.987,0.19478454241847354,0.44611726461821355,0.07713534154177935,0.8701083308011837
1631042732978,2021-09-07T19:25:32.978Z,4.002,0.19503071904154323,0.44597366879345607,0.07760063406648908,0.8700854250965949
1631042732993,2021-09-07T19:25:32.993Z,4.017,0.19526290527757564,0.44586028813525347,0.07804882380184398,0.8700513676730001
1631042733023,2021-09-07T19:25:33.023Z,4.047,0.19545055984892615,0.44582933740944863,0.07843637343067927,0.8699902389583668
1631042733038,2021-09-07T19:25:33.038Z,4.062,0.19574693356389827,0.4457942661799476,0.07887301054878176,0.8699020970479292
1631042733054,2021-09-07T19:25:33.054Z,4.078,0.19596896227066826,0.44577191352685996,0.07930010217840854,0.8698247298919783
1631042733083,2021-09-07T19:25:33.083Z,4.107,0.1961740405757452,0.4457863233803978,0.07970567192866251,0.8697340430002576
1631042733113,2021-09-07T19:25:33.113Z,4.137,0.19637377741567488,0.44578627163759504,0.08013243302231066,0.8696497759103237
1631042733114,2021-09-07T19:25:33.114Z,4.138,0.1965324670278304,0.445676551699539,0.08049362654577773,0.8696368073826406
1631042733143,2021-09-07T19:25:33.143Z,4.167,0.1966803980313854,0.44561922434340484,0.08078567122410449,0.8696056596243316
1631042733158,2021-09-07T19:25:33.158Z,4.182,0.19685336170334355,0.44555561368188784,0.08112863745093049,0.8695671873340233
1631042733173,2021-09-07T19:25:33.173Z,4.197,0.19700605303733057,0.4454703174642085,0.08146594723862732,0.8695447721454619
1631042733203,2021-09-07T19:25:33.203Z,4.227,0.19723220726553148,0.44523922482726674,0.08184472084267555,0.8695762938135823
1631042733218,2021-09-07T19:25:33.218Z,4.242,0.19746096919985123,0.44519589071604165,0.08223782062312138,0.8695094740089753
1631042733233,2021-09-07T19:25:33.233Z,4.257,0.19762689712314133,0.44516779877907775,0.08258148632568243,0.8694535862137271
1631042733248,2021-09-07T19:25:33.248Z,4.272,0.1977624135163386,0.44521015590573404,0.08284389918367073,0.8693761172511185
1631042733278,2021-09-07T19:25:33.278Z,4.302,0.19787808038809915,0.4452778423847822,0.08304605868613128,0.8692958417706677
1631042733293,2021-09-07T19:25:33.294Z,4.317,0.1979966835179664,0.4452379217643964,0.08328312952988011,0.8692666027603481
1631042733308,2021-09-07T19:25:33.309Z,4.332,0.19809305877501768,0.4452521550088793,0.08349604993008214,0.8692169281434755
1631042733338,2021-09-07T19:25:33.339Z,4.362,0.19816786422245328,0.4452338600167492,0.08364857144983742,0.8691945834958354
1631042733353,2021-09-07T19:25:33.353Z,4.377,0.19829529283333736,0.44531857427242194,0.0838444893323286,0.8691032423462239
1631042733368,2021-09-07T19:25:33.369Z,4.392,0.19848696888320116,0.4455032683274441,0.08416474497716007,0.868933862152957
1631042733398,2021-09-07T19:25:33.399Z,4.422,0.19863505734389328,0.44541406794942706,0.08451937170054022,0.868911329120571
1631042733413,2021-09-07T19:25:33.413Z,4.437,0.19870081190991584,0.4451222340676504,0.08475860802783412,0.8690225327631892
1631042733428,2021-09-07T19:25:33.429Z,4.452,0.19883933518729577,0.4448823300425167,0.08496386496013497,0.8690936502180023
1631042733458,2021-09-07T19:25:33.459Z,4.482,0.19902531899267253,0.4448637352840625,0.08521247058526447,0.8690362560248749
1631042733473,2021-09-07T19:25:33.473Z,4.497,0.199193352307718,0.44512685116860584,0.08545385678098771,0.8688393022454668
1631042733488,2021-09-07T19:25:33.488Z,4.512,0.19934910848186274,0.44529942027477937,0.08574628323372308,0.868686326680715
1631042733518,2021-09-07T19:25:33.518Z,4.542,0.19940498246472982,0.44515529119451674,0.0859238634392461,0.8687298253090197
1631042733533,2021-09-07T19:25:33.533Z,4.557,0.19943974633874154,0.4449705717462556,0.08606108903007029,0.8688028929596788
1631042733548,2021-09-07T19:25:33.548Z,4.572,0.1995223207098777,0.44498259434785103,0.0861994727150801,0.8687640560990324
1631042733565,2021-09-07T19:25:33.566Z,4.589,0.19963278884371471,0.44511883718193196,0.08635291148134941,0.8686536393079692
1631042733593,2021-09-07T19:25:33.593Z,4.617,0.19973601144213338,0.4452499988089789,0.08650324382499441,0.8685477264385336
1631042733608,2021-09-07T19:25:33.608Z,4.632,0.19978736280711637,0.4451611326612717,0.08664193723282668,0.8685676429287787
1631042733623,2021-09-07T19:25:33.623Z,4.647,0.19980162606246318,0.44498974584005757,0.08673875131151589,0.8686425187273047
1631042733653,2021-09-07T19:25:33.653Z,4.677,0.19988869128178163,0.4450000225955949,0.08688592164650874,0.8686025141612322
1631042733668,2021-09-07T19:25:33.668Z,4.692,0.19999666193254448,0.4451193440542186,0.08706652979365449,0.8684984307149163
1631042733683,2021-09-07T19:25:33.683Z,4.707,0.2000597360445468,0.4450932912576874,0.08723550041718667,0.8684803000403342
1631042733713,2021-09-07T19:25:33.713Z,4.737,0.20010805318875863,0.44488838402261055,0.08743001697159493,0.8685545952576049
1631042733728,2021-09-07T19:25:33.728Z,4.752,0.2001416231162894,0.44476005323894335,0.08755129553860133,0.868600366330099
1631042733743,2021-09-07T19:25:33.743Z,4.767,0.20025100230357146,0.44481310843627603,0.08770015365535154,0.8685329686825367
1631042733773,2021-09-07T19:25:33.773Z,4.797,0.20039706734619744,0.44511570328737315,0.08784591758358089,0.8683295001610445
1631042733788,2021-09-07T19:25:33.788Z,4.812,0.20047654958546537,0.44508440960939455,0.08795564204373432,0.8683160866997901
1631042733803,2021-09-07T19:25:33.803Z,4.827,0.20055052625160188,0.4448205229760419,0.08806532615721811,0.8684231037278711
1631042733833,2021-09-07T19:25:33.833Z,4.857,0.20062702755743414,0.44471272519265953,0.0881827318542694,0.8684487282896468
1631042733848,2021-09-07T19:25:33.848Z,4.872,0.20070233137105004,0.4446867558393733,0.08826169673346007,0.8684366046252365
1631042733863,2021-09-07T19:25:33.864Z,4.887,0.20079642906054176,0.44477910626951306,0.08832430258023344,0.8683611911390005
1631042733893,2021-09-07T19:25:33.893Z,4.917,0.20098468361505423,0.4447868102006511,0.0884733559404965,0.8682985176264629
1631042733911,2021-09-07T19:25:33.911Z,4.935,0.2010746718637852,0.44473763667384136,0.08864518873891254,0.8682853455944538
1631042733923,2021-09-07T19:25:33.924Z,4.947,0.20114448181529554,0.4447151911307726,0.08878563130379517,0.8682663231329217
1631042733938,2021-09-07T19:25:33.939Z,4.962,0.20118061391716266,0.44466428166340544,0.08888189138320886,0.8682741770781995
1631042733969,2021-09-07T19:25:33.969Z,4.993,0.20123859696937366,0.4448053716791142,0.08895223347712511,0.8681812648143442
1631042733983,2021-09-07T19:25:33.984Z,5.007,0.2013046741005545,0.4448845385444212,0.0890725776340743,0.8681130407170536
1631042733998,2021-09-07T19:25:33.999Z,5.022,0.20138735899890492,0.44486727936572773,0.08924306109024308,0.8680851982567294
1631042734028,2021-09-07T19:25:34.028Z,5.052,0.20146022780217884,0.4449220309259583,0.08937942255824237,0.8680261988176222
1631042734043,2021-09-07T19:25:34.044Z,5.067,0.2014778680487101,0.4449363896201688,0.08942399817109316,0.868010153413779
1631042734058,2021-09-07T19:25:34.058Z,5.082,0.2014778680487101,0.4449363896201688,0.08942399817109316,0.868010153413779
1631042734088,2021-09-07T19:25:34.089Z,5.112,0.2015193264872411,0.4450552488083029,0.08945114214890357,0.8679367947774568
1631042734103,2021-09-07T19:25:34.104Z,5.127,0.2015405705032559,0.44501363673780925,0.0895236928328887,0.8679457183373702
1631042734118,2021-09-07T19:25:34.119Z,5.142,0.201587357048288,0.4449426407516243,0.08964530728640342,0.8679586987874384
1631042734148,2021-09-07T19:25:34.149Z,5.172,0.20166092856491016,0.44504427656388384,0.08975872947371151,0.867877774961044
1631042734163,2021-09-07T19:25:34.163Z,5.187,0.2017005262750807,0.4450427951150222,0.08984343831364562,0.8678605676078075
1631042734178,2021-09-07T19:25:34.179Z,5.202,0.20184440397471332,0.4450238829918377,0.08994187185899664,0.8678266185347506
1631042734208,2021-09-07T19:25:34.209Z,5.232,0.2020178085848142,0.44497047679469176,0.09008008748771187,0.8677993187563012
1631042734223,2021-09-07T19:25:34.223Z,5.247,0.20214496926811013,0.44510460422256454,0.09019914516423579,0.8676885483346602
1631042734238,2021-09-07T19:25:34.238Z,5.262,0.20217733209006614,0.44512766571823426,0.09027949110534374,0.8676608214544086
1631042734253,2021-09-07T19:25:34.254Z,5.277,0.20222781179189073,0.4449349519702366,0.09038729857281162,0.8677366748673334
1631042734283,2021-09-07T19:25:34.283Z,5.307,0.20226589386338634,0.44491533635156066,0.09046054873464504,0.8677302235035091
1631042734298,2021-09-07T19:25:34.298Z,5.322,0.2023118515659263,0.44489465908130116,0.09055023250366911,0.8677207571738912
1631042734313,2021-09-07T19:25:34.313Z,5.337,0.20237508857988212,0.4449321128705172,0.09065050084605876,0.8676763366343586
1631042734346,2021-09-07T19:25:34.346Z,5.37,0.20241909571219632,0.4448965972982099,0.09072921057515371,0.8676760557673241
1631042734358,2021-09-07T19:25:34.358Z,5.382,0.2024520591877303,0.44486140538078506,0.09078422660877122,0.8676806543494721
1631042734373,2021-09-07T19:25:34.373Z,5.397,0.20246910265975454,0.44478817347587496,0.09084196706022514,0.8677081768802098
1631042734403,2021-09-07T19:25:34.403Z,5.427,0.20251956677258498,0.44475642055703085,0.0909363855225425,0.8677027862324965
1631042734418,2021-09-07T19:25:34.418Z,5.442,0.20255849563015743,0.4447594132964272,0.09102186994518288,0.8676832021676735
1631042734433,2021-09-07T19:25:34.433Z,5.457,0.20257589103136173,0.44471290157836074,0.09108008466403618,0.8676968720239789
1631042734463,2021-09-07T19:25:34.463Z,5.487,0.20259430072452106,0.44470793943076364,0.09111759392436633,0.8676911789332775
1631042734478,2021-09-07T19:25:34.479Z,5.502,0.2026230227368033,0.4447587091932804,0.09116092241201926,0.8676538984403389
1631042734493,2021-09-07T19:25:34.493Z,5.517,0.2026891458828401,0.4449097918585788,0.09120504031165404,0.8675563542914031
1631042734523,2021-09-07T19:25:34.523Z,5.547,0.20280272612174016,0.44530521403751316,0.09121541388121111,0.8673258147311622
1631042734538,2021-09-07T19:25:34.538Z,5.562,0.20288573992384626,0.4457594925204193,0.09117889757943777,0.8670768478051355
1631042734553,2021-09-07T19:25:34.553Z,5.577,0.2028967740506947,0.4458644693305396,0.09115432958456032,0.8670228729776436
1631042734568,2021-09-07T19:25:34.568Z,5.592,0.20291300150980504,0.4457984275917805,0.09120931491193027,0.8670472516814032
1631042734598,2021-09-07T19:25:34.598Z,5.622,0.20293585208484566,0.4457520976361126,0.0912792425503176,0.86705836439714
1631042734613,2021-09-07T19:25:34.614Z,5.637,0.20296651067426652,0.44576549403684285,0.09135143432951146,0.8670366977912431
1631042734628,2021-09-07T19:25:34.628Z,5.652,0.2029816189224467,0.44575911298159976,0.09142314547878781,0.8670288830507576
1631042734658,2021-09-07T19:25:34.658Z,5.682,0.20301016483508438,0.4457632749604203,0.09148660740022872,0.8670133657196925
1631042734673,2021-09-07T19:25:34.673Z,5.697,0.2030438288391307,0.4457395573223292,0.09154824708036167,0.8670111700923769
1631042734688,2021-09-07T19:25:34.688Z,5.712,0.2030629442168234,0.4456708269974993,0.09161249961749031,0.8670352383630066
1631042734718,2021-09-07T19:25:34.718Z,5.742,0.20312617412454867,0.445470922419245,0.09175155918336982,0.8671084511477738
1631042734733,2021-09-07T19:25:34.733Z,5.757,0.20327118145902862,0.44514763306073696,0.09196425348514285,0.8672179585603578
1631042734748,2021-09-07T19:25:34.748Z,5.772,0.2034609173052151,0.4446300547941983,0.09209335685341824,0.8674252608302906
1631042734781,2021-09-07T19:25:34.781Z,5.805,0.20347887405174875,0.4442261187270911,0.09216239361131953,0.867620652393158
1631042734793,2021-09-07T19:25:34.793Z,5.817,0.2035586827788453,0.4443304850533328,0.09220857075215035,0.8675435794226461
1631042734808,2021-09-07T19:25:34.808Z,5.832,0.20373134631362522,0.44464162410569513,0.09233630661656117,0.8673300243403891
1631042734838,2021-09-07T19:25:34.838Z,5.862,0.20395618663985468,0.4451475763812422,0.09252833500002339,0.8669971259441167
1631042734853,2021-09-07T19:25:34.853Z,5.877,0.20406130690484942,0.4453446998142019,0.09256855800585434,0.8668668545055809
1631042734868,2021-09-07T19:25:34.868Z,5.892,0.20411154730344258,0.44531065449322277,0.09254252957106758,0.8668752952257898
1631042734883,2021-09-07T19:25:34.883Z,5.907,0.20415469952455098,0.44521412140794103,0.09254503226719288,0.8669144489300312
1631042734913,2021-09-07T19:25:34.914Z,5.937,0.20417710341988254,0.44519563041030064,0.09258481429517917,0.8669144209577833
1631042734928,2021-09-07T19:25:34.928Z,5.952,0.2042154787415056,0.44534244718891575,0.09260422524863252,0.8668278955134437
1631042734958,2021-09-07T19:25:34.958Z,5.982,0.2042420232142028,0.4453504760135901,0.09266528525690856,0.8668109911486435
1631042734973,2021-09-07T19:25:34.973Z,5.997,0.20428592002728674,0.4452458303165199,0.09277819181746169,0.8668423274087625
1631042734988,2021-09-07T19:25:34.988Z,6.012,0.20436789370435937,0.44520271157684366,0.09286236210881574,0.8668361386854153
1631042735003,2021-09-07T19:25:35.003Z,6.027,0.20439970881954905,0.44538242471666273,0.09299859581388088,0.8667217061806151
1631042735033,2021-09-07T19:25:35.033Z,6.057,0.20443637796325234,0.4455746711280829,0.0929970753781177,0.8666144031721857
1631042735048,2021-09-07T19:25:35.048Z,6.072,0.20444089749080743,0.445482025467308,0.09305308342602867,0.8666549533024124
1631042735063,2021-09-07T19:25:35.063Z,6.087,0.20444573286255363,0.4452469880179801,0.09314834312569902,0.8667643556054593
1631042735093,2021-09-07T19:25:35.093Z,6.117,0.20446533214489285,0.4451736564184116,0.09320767337701139,0.866791020492013
1631042735108,2021-09-07T19:25:35.108Z,6.132,0.20449733423574742,0.44533153956882854,0.09322260857903455,0.8667007588582404
1631042735123,2021-09-07T19:25:35.123Z,6.147,0.2045362400270251,0.4453068905586457,0.093251717478063,0.8667011116434482
1631042735153,2021-09-07T19:25:35.153Z,6.177,0.20455381387307273,0.4446051145337261,0.09325806103048755,0.8670564937841515
1631042735168,2021-09-07T19:25:35.168Z,6.192,0.20462188616063573,0.4437506603474614,0.09332639203084851,0.867470702499952
1631042735183,2021-09-07T19:25:35.183Z,6.207,0.20464646570763112,0.4428668565076626,0.09345758594221062,0.8679023280935769
1631042735213,2021-09-07T19:25:35.213Z,6.237,0.2046244570555442,0.44226684714222353,0.09367343687614722,0.8681901604587623
1631042735228,2021-09-07T19:25:35.228Z,6.252,0.20460191432827085,0.4418575157646086,0.09381936581548828,0.8683881154262275
1631042735243,2021-09-07T19:25:35.243Z,6.267,0.2047622848692988,0.44175420030077955,0.09394417988532677,0.868389385170844
1631042735258,2021-09-07T19:25:35.258Z,6.282,0.20508726210972153,0.4417967235421359,0.09413486904061383,0.8682704051264667
1631042735288,2021-09-07T19:25:35.288Z,6.312,0.20543601299099112,0.441807016458694,0.09437341555527139,0.8681568194805963
1631042735303,2021-09-07T19:25:35.303Z,6.327,0.20576547916308485,0.441756385504114,0.09463134044687271,0.8680764786908781
1631042735318,2021-09-07T19:25:35.318Z,6.342,0.20598840193381138,0.4417152612788207,0.09477556198097231,0.8680288008317053
1631042735348,2021-09-07T19:25:35.348Z,6.372,0.2061482931181861,0.4416978007964653,0.09485692311508946,0.8679908399016446
1631042735363,2021-09-07T19:25:35.363Z,6.387,0.2063474379745059,0.4416759956609646,0.0949582542456219,0.8679435348275123
1631042735378,2021-09-07T19:25:35.378Z,6.402,0.2065290628963025,0.44172831713121957,0.09504202612013998,0.8678645362581504
1631042735408,2021-09-07T19:25:35.408Z,6.432,0.2065365714192978,0.44179682911394247,0.09502571603472174,0.8678296605574828
1631042735423,2021-09-07T19:25:35.423Z,6.447,0.20658995165094257,0.4416629045618817,0.0950900543555268,0.8678780744859765
1631042735438,2021-09-07T19:25:35.438Z,6.462,0.20679612704298886,0.44156170216256335,0.09521778100341015,0.8678664639240915
1631042735468,2021-09-07T19:25:35.468Z,6.492,0.2070439895489917,0.4415551682152607,0.09535973534360817,0.8677951029414874
1631042735483,2021-09-07T19:25:35.483Z,6.507,0.20722719647214846,0.44151976090108513,0.09548585628493857,0.8677555191559856
1631042735498,2021-09-07T19:25:35.498Z,6.522,0.20739762786088167,0.4413386945416719,0.0956280841403764,0.8677912480438905
1631042735528,2021-09-07T19:25:35.528Z,6.552,0.2075531432528317,0.44121320969321437,0.09582331545001901,0.867796340470647
1631042735543,2021-09-07T19:25:35.543Z,6.567,0.2077421272062422,0.44138750946041766,0.09607155732518834,0.8676350217397109
1631042735558,2021-09-07T19:25:35.558Z,6.582,0.20792633954382536,0.44143853807930106,0.09631766739089667,0.8675376426246252
1631042735573,2021-09-07T19:25:35.573Z,6.597,0.20808884969505903,0.4412866334036781,0.0965144655955567,0.8675540880790309
1631042735603,2021-09-07T19:25:35.603Z,6.627,0.20827840746063278,0.44126753030477395,0.09663806332150787,0.8675045569919828
1631042735618,2021-09-07T19:25:35.618Z,6.642,0.20844351125398194,0.4413570840063044,0.0967361199154181,0.8674084102182045
1631042735633,2021-09-07T19:25:35.633Z,6.657,0.20847189021946166,0.44139506731291306,0.09676807877692484,0.8673786972654889
1631042735663,2021-09-07T19:25:35.664Z,6.687,0.2085284208268999,0.44137944157967984,0.09680265488021729,0.8673692018203037
1631042735678,2021-09-07T19:25:35.678Z,6.702,0.20868501838184242,0.4413950010302347,0.09688976019968905,0.867313893891327
1631042735693,2021-09-07T19:25:35.693Z,6.717,0.20875883321732708,0.4415390537872353,0.09695755047138838,0.8672152252705214
1631042735723,2021-09-07T19:25:35.723Z,6.747,0.20877125822943693,0.4416235081619788,0.09697700275002362,0.867167054098359
1631042735738,2021-09-07T19:25:35.738Z,6.762,0.208760565513976,0.4413090457151988,0.09700439454662858,0.867326639677848
1631042735753,2021-09-07T19:25:35.753Z,6.777,0.20874888016747226,0.44109604253229445,0.09707053202868972,0.8674303995726931
1631042735783,2021-09-07T19:25:35.783Z,6.807,0.2087390712733916,0.4409657401594582,0.0971042361062849,0.8674952354104074
1631042735798,2021-09-07T19:25:35.798Z,6.822,0.20874094791359754,0.4409633838618765,0.0971072084664111,0.867495648877317
1631042735813,2021-09-07T19:25:35.814Z,6.837,0.20880681132753853,0.44094997341244146,0.09717076950019549,0.8674794971902983
1631042735843,2021-09-07T19:25:35.843Z,6.867,0.20890011767286265,0.4410650600035884,0.09724405121073153,0.8673903090215037
1631042735858,2021-09-07T19:25:35.858Z,6.882,0.20890282017387804,0.4409994152152526,0.09731140002726707,0.8674154822966552
1631042735873,2021-09-07T19:25:35.873Z,6.897,0.2090051995543484,0.44076870338996926,0.09744093228242724,0.8674935396803275
1631042735888,2021-09-07T19:25:35.888Z,6.912,0.20918621870664625,0.44079037096351403,0.09754658094084212,0.8674270224726772
1631042735918,2021-09-07T19:25:35.918Z,6.942,0.2093527975817139,0.4407697750065388,0.0976638674194483,0.8673841021059077
1631042735933,2021-09-07T19:25:35.933Z,6.957,0.20953279506070577,0.44075858114250366,0.09778015954385325,0.867333223935803
1631042735950,2021-09-07T19:25:35.951Z,6.974,0.20970710545014049,0.44069673570758255,0.0979120625441968,0.8673076415371572
1631042735978,2021-09-07T19:25:35.978Z,7.002,0.20988088700798568,0.4403579815237735,0.09811463090569388,0.8674147684811968
1631042735993,2021-09-07T19:25:35.993Z,7.017,0.21007584799628923,0.4398915615672126,0.09829356181730214,0.8675839601190583
1631042736008,2021-09-07T19:25:36.008Z,7.032,0.21034726414177518,0.4395510238249771,0.09852312464807977,0.8676647508295262
1631042736038,2021-09-07T19:25:36.038Z,7.062,0.2107058475216568,0.4394009716938892,0.0988738173456236,0.8676138542797426
1631042736053,2021-09-07T19:25:36.053Z,7.077,0.21114454475199798,0.43917001961512403,0.09919860590709043,0.8675870628811915
1631042736068,2021-09-07T19:25:36.068Z,7.092,0.21152127057805867,0.43861643037107034,0.09956441946152679,0.8677334299650286
1631042736098,2021-09-07T19:25:36.098Z,7.122,0.21194859567242155,0.4376288502688538,0.10009438883684335,0.8680667575297584
1631042736113,2021-09-07T19:25:36.113Z,7.137,0.21259551955574463,0.43653517376710765,0.10072433813584493,0.8683863165872894
1631042736128,2021-09-07T19:25:36.128Z,7.152,0.21331528243544498,0.43526292753047746,0.10152954024547094,0.8687545836740246
1631042736158,2021-09-07T19:25:36.159Z,7.182,0.2140724885670986,0.43320866011254433,0.10244930907374074,0.8694868403331338
1631042736173,2021-09-07T19:25:36.173Z,7.197,0.2149068676568197,0.4303566442113249,0.10350552024898402,0.8705715388726469
1631042736188,2021-09-07T19:25:36.188Z,7.212,0.21601678028805055,0.4275756991665238,0.1046919651899615,0.8715247354727841
1631042736203,2021-09-07T19:25:36.203Z,7.227,0.21738558785770762,0.4247645990410425,0.1059665892633613,0.8724045068390874
1631042736233,2021-09-07T19:25:36.234Z,7.257,0.21895842183644096,0.4216374443303223,0.10742275382254476,0.8733495445734603
1631042736248,2021-09-07T19:25:36.249Z,7.272,0.2206590055983444,0.4181760903221458,0.10923584695995603,0.8743602749840454
1631042736263,2021-09-07T19:25:36.264Z,7.287,0.22242828501486078,0.41499032260326585,0.11104236192661016,0.8752018533051361
1631042736293,2021-09-07T19:25:36.293Z,7.317,0.2243647003885198,0.4115116641255477,0.11295917008753806,0.8761043644459985
1631042736308,2021-09-07T19:25:36.309Z,7.332,0.22645683947633383,0.40746686512158065,0.115115927504942,0.8771752258910751
1631042736323,2021-09-07T19:25:36.324Z,7.347,0.22845149919836716,0.40324385526698797,0.11747088735602537,0.8782965879059437
1631042736353,2021-09-07T19:25:36.354Z,7.377,0.2305884724691769,0.398655604702241,0.12018042398618504,0.8794653665121347
1631042736368,2021-09-07T19:25:36.369Z,7.392,0.2330996949293897,0.39391034150208537,0.12323303304400404,0.880518480583066
1631042736383,2021-09-07T19:25:36.384Z,7.407,0.23599023811206246,0.38916008637323635,0.12638249137465338,0.8814139212445664
1631042736415,2021-09-07T19:25:36.416Z,7.439,0.23906866806754107,0.3836035664377091,0.12960222146983222,0.8825518341461688
1631042736428,2021-09-07T19:25:36.428Z,7.452,0.24201738553590313,0.3772768334485747,0.13281012917449486,0.8839973108726273
1631042736443,2021-09-07T19:25:36.443Z,7.467,0.24512724981787298,0.3710303069616944,0.13604156896838612,0.8852919485826451
1631042736473,2021-09-07T19:25:36.473Z,7.497,0.24843037978745328,0.3649058546023635,0.1392935031540934,0.8864103923435469
1631042736488,2021-09-07T19:25:36.488Z,7.512,0.2516225890978613,0.3590452694673159,0.14250807557880998,0.8873916922777989
1631042736503,2021-09-07T19:25:36.503Z,7.527,0.25485831980568896,0.35301274728101983,0.14577785409713767,0.8883569408395264
1631042736533,2021-09-07T19:25:36.533Z,7.557,0.2581789261572673,0.34668410711094433,0.14882943414837033,0.889383815625202
1631042736548,2021-09-07T19:25:36.548Z,7.572,0.2616888373048249,0.340141307872342,0.15199177480377843,0.8903490009546475
1631042736563,2021-09-07T19:25:36.563Z,7.587,0.2649252375748225,0.3346193681628036,0.15501700113761366,0.8909625280024694
1631042736578,2021-09-07T19:25:36.579Z,7.602,0.2681054762358391,0.32930660142317314,0.1577307129814192,0.8915142388396534
1631042736623,2021-09-07T19:25:36.624Z,7.647,0.27216443790491485,0.32232976399201974,0.16118625026145314,0.8922158005277662
1631042736627,2021-09-07T19:25:36.627Z,7.651,0.27649092583011603,0.3152433921424312,0.16500155573275943,0.892719921503888
1631042736638,2021-09-07T19:25:36.639Z,7.662,0.2810954130445744,0.308367339223581,0.169076903265535,0.8929210231860409
1631042736668,2021-09-07T19:25:36.669Z,7.692,0.28558140727611186,0.30175351984781956,0.17294463669170176,0.8930163636335129
1631042736683,2021-09-07T19:25:36.684Z,7.707,0.2897886994147798,0.29510808624970675,0.17652365944503118,0.893181462401488
1631042736698,2021-09-07T19:25:36.699Z,7.722,0.29397421259430156,0.2879599848940828,0.18026898301041683,0.8933987369555376
1631042736728,2021-09-07T19:25:36.729Z,7.752,0.29827431269086835,0.280429844081562,0.1842345621597106,0.8935598262248592
1631042736743,2021-09-07T19:25:36.743Z,7.767,0.30270716636640926,0.27282270869067005,0.1883541947160402,0.8935652401397319
1631042736758,2021-09-07T19:25:36.758Z,7.782,0.3071646506204786,0.26584179194723395,0.1920371722833542,0.8933642837750433
1631042736788,2021-09-07T19:25:36.789Z,7.812,0.3115267596830267,0.25910736305154275,0.1955863326063707,0.8930623936273769
1631042736803,2021-09-07T19:25:36.803Z,7.827,0.31577557171810505,0.2511049496837945,0.19941721759623182,0.8930088834253443
1631042736818,2021-09-07T19:25:36.818Z,7.842,0.3200017385063792,0.242869032505001,0.20332203403366755,0.892901826002944
1631042736848,2021-09-07T19:25:36.849Z,7.872,0.3244225224668886,0.23572492940589676,0.20696564500012507,0.8923838895691071
1631042736863,2021-09-07T19:25:36.863Z,7.887,0.3290089063590862,0.22988419184402362,0.21009395970582004,0.8914970140004662
1631042736878,2021-09-07T19:25:36.878Z,7.902,0.33346834325438995,0.22415138476339255,0.21307727404835097,0.8905914304774946
1631042736893,2021-09-07T19:25:36.893Z,7.917,0.3377234404272414,0.21754530488066356,0.21607242937662496,0.8899042776465624
1631042736923,2021-09-07T19:25:36.923Z,7.947,0.34192300669642967,0.2105452767262784,0.2188373409974915,0.8893084741106857
1631042736938,2021-09-07T19:25:36.938Z,7.962,0.34603993687813495,0.20397948661928716,0.22124729572750265,0.8886497427317329
1631042736953,2021-09-07T19:25:36.953Z,7.977,0.35016827673107853,0.19821248324619115,0.2234767456039712,0.8877793271026438
1631042736983,2021-09-07T19:25:36.983Z,8.007,0.3542295328018976,0.19321035966222713,0.22577033501605867,0.8866898842531579
1631042736998,2021-09-07T19:25:36.998Z,8.022,0.3581234429846054,0.18828673214557784,0.2278806066154643,0.8856444744994232
1631042737013,2021-09-07T19:25:37.013Z,8.037,0.36184271331361995,0.18290426903207513,0.22992385390928557,0.8847321066826848
1631042737043,2021-09-07T19:25:37.043Z,8.067,0.36560352416315256,0.17788984777773,0.23190864146478576,0.883689791267873
1631042737058,2021-09-07T19:25:37.058Z,8.082,0.36950341974567047,0.17313285690922317,0.2337431828702794,0.8825283911106636
1631042737088,2021-09-07T19:25:37.088Z,8.112,0.373244485757073,0.16844200706940826,0.23540380064638133,0.8814198175373675
1631042737103,2021-09-07T19:25:37.103Z,8.127,0.37708786753512336,0.1635175523379423,0.2369109580353871,0.8803067352905899
1631042737118,2021-09-07T19:25:37.118Z,8.142,0.38138598196688406,0.15920525786351045,0.23826697464402785,0.8788784144702559
1631042737133,2021-09-07T19:25:37.133Z,8.157,0.3864011514459478,0.1555313636294076,0.239197659480948,0.8770910014289618
1631042737163,2021-09-07T19:25:37.163Z,8.187,0.39207117890178456,0.15258930289047787,0.2397413797278091,0.8749404357807276
1631042737178,2021-09-07T19:25:37.178Z,8.202,0.39727372167462277,0.14994433611444463,0.24064590180058426,0.8727999977546841
1631042737193,2021-09-07T19:25:37.193Z,8.217,0.40154775115934105,0.1461448191055037,0.2415474601439266,0.8712381533688214
1631042737208,2021-09-07T19:25:37.208Z,8.232,0.40478327755884397,0.13930167218387207,0.24274754455574846,0.8705280994589732
1631042737238,2021-09-07T19:25:37.238Z,8.262,0.40809774318837133,0.1319007870950566,0.24416774463492716,0.8697358948831281
1631042737253,2021-09-07T19:25:37.253Z,8.277,0.4119450167886742,0.1259510522002051,0.24542576169723876,0.8684490952773054
1631042737268,2021-09-07T19:25:37.268Z,8.292,0.41553124369754973,0.12075213967171136,0.24666325501222153,0.8671274098439322
1631042737298,2021-09-07T19:25:37.298Z,8.322,0.4186211253293981,0.11461684176019526,0.24808809308889648,0.8660667590205628
1631042737313,2021-09-07T19:25:37.313Z,8.337,0.4210943543693361,0.10723104981351592,0.2496965357187553,0.8653511927097667
1631042737328,2021-09-07T19:25:37.328Z,8.352,0.42320001893145087,0.09965864793007138,0.25165458198053847,0.8646617079744947
1631042737358,2021-09-07T19:25:37.358Z,8.382,0.4252335328245138,0.09287937510063843,0.2534999191187159,0.8638794217072788
1631042737373,2021-09-07T19:25:37.374Z,8.397,0.4270125062884215,0.08659400854632246,0.25523513743289195,0.8631435696202416
1631042737388,2021-09-07T19:25:37.388Z,8.412,0.4284312407704782,0.08038279377892624,0.2568348932593789,0.8625665864155686
1631042737419,2021-09-07T19:25:37.419Z,8.443,0.429209704769929,0.07417389674484343,0.2583569261783323,0.8622812540399329
1631042737433,2021-09-07T19:25:37.433Z,8.457,0.429519699764682,0.06847464083438523,0.2599163273806044,0.8621296618477048
1631042737448,2021-09-07T19:25:37.448Z,8.472,0.42943820661249493,0.06311022534928058,0.2613262552636414,0.8621534170132884
1631042737478,2021-09-07T19:25:37.478Z,8.502,0.42888906787494613,0.05730295579109241,0.262768269745627,0.8623939790663275
1631042737493,2021-09-07T19:25:37.494Z,8.517,0.42811232804350147,0.05151647329221912,0.2644737362805915,0.8626236319360198
1631042737508,2021-09-07T19:25:37.508Z,8.532,0.42737754399828326,0.046358464810179384,0.2659589487171304,0.8628239479892278
1631042737523,2021-09-07T19:25:37.524Z,8.547,0.426710721363065,0.042187273159525085,0.26687377474400337,0.8630855013329
1631042737553,2021-09-07T19:25:37.554Z,8.577,0.42579004938629117,0.03776507520435319,0.2674836266736361,0.8635561026360408
1631042737568,2021-09-07T19:25:37.568Z,8.592,0.4244452336094872,0.032558319893789205,0.2683118719087675,0.8641729797122187
1631042737583,2021-09-07T19:25:37.584Z,8.607,0.423259862689271,0.028327316474186463,0.26884926984489016,0.8647362152017806
1631042737613,2021-09-07T19:25:37.614Z,8.637,0.42197047412648975,0.025221503523032585,0.2690652529074382,0.8653951030618093
1631042737628,2021-09-07T19:25:37.629Z,8.652,0.42101599618347346,0.02291552287449434,0.2691652999450284,0.865892863508257
1631042737643,2021-09-07T19:25:37.644Z,8.667,0.4203567718994044,0.020317729156936668,0.2693848258126254,0.8662096685111054
1631042737673,2021-09-07T19:25:37.674Z,8.697,0.4198273796239567,0.017217912099291258,0.269988929273492,0.8663454812548957
1631042737688,2021-09-07T19:25:37.689Z,8.712,0.41977774640626775,0.013725206106730213,0.270883318817789,0.8661526943476324
1631042737703,2021-09-07T19:25:37.704Z,8.727,0.41999055384470907,0.010814874033635524,0.2719279725276429,0.8657633342535688
1631042737733,2021-09-07T19:25:37.733Z,8.757,0.42068676156099066,0.008806344330125136,0.2727608745282765,0.8651858772965699
1631042737748,2021-09-07T19:25:37.749Z,8.772,0.4220501096139373,0.007245301583030749,0.27358126067785293,0.8642768678992577
1631042737763,2021-09-07T19:25:37.763Z,8.787,0.4237807091924631,0.006690961769502775,0.2740460930233185,0.8632866733858381
1631042737793,2021-09-07T19:25:37.793Z,8.817,0.42582529567175204,0.006682380068666868,0.2742069349680155,0.8622289256213396
1631042737808,2021-09-07T19:25:37.809Z,8.832,0.42820422935760394,0.007148707134317557,0.2740554155557042,0.8610944565790436
1631042737823,2021-09-07T19:25:37.823Z,8.847,0.4304141040949307,0.007259740853132781,0.2740277309666066,0.8599998824535945
1631042737853,2021-09-07T19:25:37.853Z,8.877,0.43244147706107755,0.006063609440842946,0.27450108785465255,0.8588403543874698
1631042737868,2021-09-07T19:25:37.869Z,8.892,0.4343224761203262,0.0048110801697037004,0.2751343844631631,0.8576956982114262
1631042737883,2021-09-07T19:25:37.884Z,8.907,0.43631174121393673,0.004147608200038947,0.27552505671505356,0.8565633689034619
1631042737898,2021-09-07T19:25:37.899Z,8.922,0.43805700923318164,0.004045217142865358,0.27562653154182515,0.8556399406234906
1631042737928,2021-09-07T19:25:37.929Z,8.952,0.43949610013775153,0.0037390161321733967,0.2759777308696359,0.854789734254055
1631042737943,2021-09-07T19:25:37.944Z,8.967,0.44038229129390627,0.0024495296526780667,0.27701469594518785,0.8540025149550817
1631042737958,2021-09-07T19:25:37.959Z,8.982,0.44081239836138447,0.00034591749190463085,0.2778792800592444,0.8535030260671189
1631042737988,2021-09-07T19:25:37.989Z,9.012,0.4407732558822184,-0.0020694382359324076,0.27893973947329337,0.85317482151488
1631042738003,2021-09-07T19:25:38.004Z,9.027,0.4408068958476443,-0.0038242079605395798,0.28021954426855983,0.8527318822564096
1631042738018,2021-09-07T19:25:38.018Z,9.042,0.44100898975944974,-0.00468318076225311,0.28116640749295996,0.8523113222683366
1631042738048,2021-09-07T19:25:38.049Z,9.072,0.4408463499082862,-0.0054449055753916595,0.28201498260602886,0.852110555245936
1631042738063,2021-09-07T19:25:38.064Z,9.087,0.4401995393620081,-0.006610210299976852,0.2828596438500384,0.8521567300363797
1631042738078,2021-09-07T19:25:38.079Z,9.102,0.4394405929167765,-0.008119297104672667,0.28390586270728607,0.8521874813865254
1631042738108,2021-09-07T19:25:38.109Z,9.132,0.4389973317107198,-0.009314910880416465,0.28486837225443373,0.8520824993363424
1631042738123,2021-09-07T19:25:38.124Z,9.147,0.4388396721443686,-0.009660787839658772,0.28537568329565055,0.8519901001268035
1631042738138,2021-09-07T19:25:38.138Z,9.162,0.4386093542410584,-0.009901558140338034,0.2856132443835559,0.852026330667858
1631042738169,2021-09-07T19:25:38.169Z,9.193,0.43826448474136037,-0.01034968638040223,0.28587607296385975,0.8521103193325259
1631042738183,2021-09-07T19:25:38.184Z,9.207,0.43814409419305733,-0.010708485886451416,0.28606060565241503,0.8521058683916796
1631042738198,2021-09-07T19:25:38.199Z,9.222,0.43814235447519956,-0.01048605411977004,0.2860477833525249,0.8521138336648648
1631042738213,2021-09-07T19:25:38.214Z,9.237,0.4381484808190664,-0.01047415222063035,0.28625846698756535,0.8520400759172845
1631042738243,2021-09-07T19:25:38.244Z,9.267,0.43799484910860315,-0.010205016041463464,0.28610067354178953,0.8521753190516959
1631042738258,2021-09-07T19:25:38.259Z,9.282,0.43779908695759107,-0.009757924353944061,0.28586159504898623,0.8523613616579836
1631042738273,2021-09-07T19:25:38.273Z,9.297,0.43781750269516445,-0.009188393826170742,0.28554194432075436,0.8524653692591786
1631042738303,2021-09-07T19:25:38.304Z,9.327,0.4378498528238385,-0.008714322067640933,0.2850008330766709,0.8526347941051009
1631042738318,2021-09-07T19:25:38.319Z,9.342,0.4377749757054346,-0.008392375335992549,0.28446541502220674,0.8528552434842441
1631042738333,2021-09-07T19:25:38.334Z,9.357,0.4375260692684223,-0.008544803096121307,0.28423480631130565,0.8530583215300972
1631042738363,2021-09-07T19:25:38.364Z,9.387,0.43748804979634537,-0.008689297034246556,0.2842295068856261,0.8530781264444629
1631042738378,2021-09-07T19:25:38.378Z,9.402,0.43762413435513675,-0.008280662965108309,0.2840199222355846,0.853082194998857
1631042738393,2021-09-07T19:25:38.393Z,9.417,0.4375319690612207,-0.007962532180772586,0.28381797098488665,0.8531997031625734
1631042738423,2021-09-07T19:25:38.424Z,9.447,0.4374317042560651,-0.008008983576557554,0.2838555155544417,0.8532381886572044
1631042738438,2021-09-07T19:25:38.439Z,9.462,0.43739627334786896,-0.008093745178082389,0.28395568378601194,0.8532222225165066
1631042738453,2021-09-07T19:25:38.454Z,9.477,0.4375283591863838,-0.007861667085839586,0.2838278032899452,0.8531992189271542
1631042738483,2021-09-07T19:25:38.484Z,9.507,0.4374962785166738,-0.007701553412378139,0.2836872766732526,0.8532638638854985
1631042738498,2021-09-07T19:25:38.499Z,9.522,0.4373829562485085,-0.007820832896597074,0.2837125489211181,0.853312471337904
1631042738513,2021-09-07T19:25:38.513Z,9.537,0.4375830321335349,-0.0078026009576635455,0.283855599571331,0.8531624745610402
1631042738528,2021-09-07T19:25:38.529Z,9.552,0.4377693923863535,-0.007493393653059577,0.2836167573891053,0.8531490743529717
1631042738558,2021-09-07T19:25:38.559Z,9.582,0.43777848983804396,-0.007285114163654844,0.28330524923354317,0.8532497036058461
1631042738573,2021-09-07T19:25:38.573Z,9.597,0.43794841626106484,-0.006773099465918361,0.2830424972802993,0.8532539214978047
1631042738588,2021-09-07T19:25:38.589Z,9.612,0.4381753513352407,-0.006088501786386023,0.2826910322799634,0.8532590883762823
1631042738618,2021-09-07T19:25:38.619Z,9.642,0.4383637685287257,-0.005252563953955809,0.28207546975679,0.8533715757949109
1631042738633,2021-09-07T19:25:38.634Z,9.657,0.4379892577353649,-0.00477656327850589,0.28156475699099415,0.8537352529749916
1631042738648,2021-09-07T19:25:38.649Z,9.672,0.43758216133140176,-0.004493376202433717,0.2815928733564375,0.8539362478134465
1631042738678,2021-09-07T19:25:38.679Z,9.702,0.437555228015266,-0.003859280150935579,0.2816941276000269,0.8539197543498367
1631042738693,2021-09-07T19:25:38.694Z,9.717,0.437767878165015,-0.0028599152383009655,0.2816737091989804,0.853821425871838
1631042738708,2021-09-07T19:25:38.709Z,9.732,0.43779483840443295,-0.0017730660201245192,0.2813345219754296,0.8539223749546448
1631042738738,2021-09-07T19:25:38.739Z,9.762,0.4372892501903745,-0.0019950260537134434,0.28135915459048105,0.8541727914579785
1631042738753,2021-09-07T19:25:38.754Z,9.777,0.43687882426990265,-0.002437958227936661,0.2815710864029829,0.8543118122594759
1631042738768,2021-09-07T19:25:38.769Z,9.792,0.43685070774501084,-0.0018533507027552183,0.2815396664191506,0.8543380130056542
1631042738798,2021-09-07T19:25:38.799Z,9.822,0.43704601673443527,-0.0005990282454472668,0.2812444836818678,0.8543371470445636
1631042738813,2021-09-07T19:25:38.814Z,9.837,0.43739792340074213,0.0007316082422188534,0.28086974982801166,0.8542802262639868
1631042738828,2021-09-07T19:25:38.829Z,9.852,0.43804969182320086,0.001778371820733683,0.28068293280806667,0.8540060866981734
1631042738843,2021-09-07T19:25:38.844Z,9.867,0.4385738269210419,0.0037811090276606827,0.2796748512488481,0.8540612853497619
1631042738873,2021-09-07T19:25:38.874Z,9.897,0.43911591753068147,0.006186376873279003,0.27847472201587364,0.8541608565782861
1631042738888,2021-09-07T19:25:38.888Z,9.912,0.43912842023003534,0.008607773875612559,0.276772195724353,0.8546866609752957
1631042738903,2021-09-07T19:25:38.904Z,9.927,0.43826002403354536,0.01010531757859582,0.27531531780300533,0.85558606210818
1631042738933,2021-09-07T19:25:38.934Z,9.957,0.4376164098692543,0.011456344177843766,0.2742426594700541,0.8562427189284681
1631042738948,2021-09-07T19:25:38.949Z,9.972,0.43705523552055653,0.013090732707225928,0.27397219795883565,0.8565924285019471
1631042738963,2021-09-07T19:25:38.964Z,9.987,0.4366351973492851,0.015738876577592716,0.27380999994261523,0.8568139098609752
1631042738993,2021-09-07T19:25:38.994Z,10.017,0.43565358704980905,0.018545170817408727,0.2733878132113988,0.8573920528658269
1631042739008,2021-09-07T19:25:39.009Z,10.032,0.4339912672953357,0.020655602879204243,0.2730300812074855,0.858300355782822
1631042739026,2021-09-07T19:25:39.026Z,10.05,0.4319944799141715,0.021804370947147808,0.2729918545858262,0.8592908623167562
1631042739053,2021-09-07T19:25:39.054Z,10.077,0.4300332082961844,0.022277746419845562,0.2732639023340692,0.8601755526972968
1631042739068,2021-09-07T19:25:39.069Z,10.092,0.4281054566020761,0.02309729067610956,0.2735734771869855,0.8610167163132044
1631042739083,2021-09-07T19:25:39.084Z,10.107,0.4258899476429452,0.024698455383856677,0.2736503238927725,0.8620459610900812
1631042739113,2021-09-07T19:25:39.114Z,10.137,0.42353854143360786,0.027078230292019712,0.27356493834774914,0.863159369914581
1631042739128,2021-09-07T19:25:39.129Z,10.152,0.42126542654738713,0.02988644526110439,0.2732618174173777,0.8642743892579803
1631042739143,2021-09-07T19:25:39.143Z,10.167,0.41887654522658613,0.0322708649223856,0.27303684832433905,0.8654200775307405
1631042739173,2021-09-07T19:25:39.174Z,10.197,0.41649032785398243,0.03476705994104009,0.2728895126821053,0.8665208434972936
1631042739188,2021-09-07T19:25:39.189Z,10.212,0.41439092544841666,0.038973748124199424,0.272100589918483,0.8675958026807011
1631042739203,2021-09-07T19:25:39.204Z,10.227,0.41256362753115056,0.04444003909824764,0.2708246446216129,0.8686025259166942
1631042739218,2021-09-07T19:25:39.219Z,10.242,0.41047597619832593,0.04916808852208957,0.26994840783644675,0.8696090093494218
1631042739248,2021-09-07T19:25:39.249Z,10.272,0.40821339858942557,0.05263166023712945,0.2699371820030691,0.8704743806252979
1631042739263,2021-09-07T19:25:39.264Z,10.287,0.40623398177266296,0.057078489875878144,0.2696828746698456,0.87119868294002
1631042739278,2021-09-07T19:25:39.279Z,10.302,0.40399709172023596,0.06187546971936559,0.2689051318648597,0.8721512518969067
1631042739308,2021-09-07T19:25:39.309Z,10.332,0.40156944586934995,0.0664586457611967,0.2680402232311831,0.8732008172682549
1631042739323,2021-09-07T19:25:39.323Z,10.347,0.3992392640785543,0.07150008178396479,0.26693932693038175,0.8742077236337228
1631042739338,2021-09-07T19:25:39.339Z,10.362,0.3971653780870401,0.0770398657421161,0.2657746011125868,0.8750362180726352
1631042739368,2021-09-07T19:25:39.368Z,10.392,0.3946356020728537,0.08101986638972057,0.26519096848013785,0.8759978727504734
1631042739383,2021-09-07T19:25:39.383Z,10.407,0.39101719442269833,0.08342852355126078,0.265063521439836,0.8774318006123165
1631042739398,2021-09-07T19:25:39.399Z,10.422,0.3873978231448233,0.085887505190431,0.2647175974942743,0.8789032123343703
1631042739428,2021-09-07T19:25:39.429Z,10.452,0.3845379386672548,0.08996850331940573,0.2636664533156665,0.8800660449829557
1631042739443,2021-09-07T19:25:39.444Z,10.467,0.38204459535709534,0.09448109858935916,0.2630440972020643,0.8808649454342772
1631042739458,2021-09-07T19:25:39.459Z,10.482,0.37910449607816504,0.09903428730444087,0.26201149892443365,0.8819421553723314
1631042739488,2021-09-07T19:25:39.489Z,10.512,0.37562642174426114,0.10300522482172371,0.2609849916964881,0.8832788625661845
1631042739503,2021-09-07T19:25:39.504Z,10.527,0.3719196538778523,0.10661380621312128,0.26035143479319617,0.8846052214322804
1631042739518,2021-09-07T19:25:39.519Z,10.542,0.368230607644632,0.11009611086476245,0.25933590288989594,0.886019162004074
1631042739533,2021-09-07T19:25:39.534Z,10.557,0.36437484466368414,0.11330311878662096,0.25811200354627,0.8875649663404201
1631042739563,2021-09-07T19:25:39.564Z,10.587,0.36026515808138604,0.11664588726903416,0.2567505995528731,0.8892029478612034
1631042739578,2021-09-07T19:25:39.579Z,10.602,0.35611774854420025,0.12009119278781592,0.2552827166725455,0.8908361180121146
1631042739593,2021-09-07T19:25:39.594Z,10.617,0.3527060138978475,0.12360138403613691,0.25339889439279895,0.8922500579687008
1631042739623,2021-09-07T19:25:39.623Z,10.647,0.3493795177228193,0.12851991054956244,0.25104320626661314,0.8935288992391245
1631042739638,2021-09-07T19:25:39.639Z,10.662,0.3455483911757672,0.13452167802531775,0.24896714079312163,0.8947153683168686
1631042739653,2021-09-07T19:25:39.654Z,10.677,0.34148060518181184,0.14052977846344467,0.24721846926319038,0.8958378235511402
1631042739683,2021-09-07T19:25:39.684Z,10.707,0.3376707346466815,0.14712076995000278,0.2454455132755934,0.8967109088359355
1631042739698,2021-09-07T19:25:39.699Z,10.722,0.33434560017626647,0.15439708125757245,0.2434270318051027,0.8972835901366257
1631042739713,2021-09-07T19:25:39.714Z,10.737,0.33119123374183423,0.16125689057438244,0.24145550442673835,0.897779383432741
1631042739743,2021-09-07T19:25:39.744Z,10.767,0.32771355869484375,0.1669885713880324,0.23959194822512125,0.8985067271974296
1631042739758,2021-09-07T19:25:39.759Z,10.782,0.3241091190495461,0.1730644318850841,0.23716019956963577,0.8993091910490578
1631042739773,2021-09-07T19:25:39.774Z,10.797,0.3203960971274406,0.17917747885794813,0.2344639611128158,0.9001491115114769
1631042739803,2021-09-07T19:25:39.804Z,10.827,0.31672769824319014,0.1846913250597571,0.23173722653600068,0.9010385882139812
1631042739818,2021-09-07T19:25:39.819Z,10.842,0.3132044766739794,0.18895562558857476,0.22932752163373987,0.9020020039729045
1631042739833,2021-09-07T19:25:39.834Z,10.857,0.3097654028841143,0.19356054341411383,0.2269030394464038,0.9028259643470934
1631042739848,2021-09-07T19:25:39.849Z,10.872,0.30657229695881877,0.19964062242963587,0.224241874013415,0.9032566803252846
1631042739878,2021-09-07T19:25:39.879Z,10.902,0.3035857693695162,0.20666161290062984,0.2213935714879063,0.9033889222773648
1631042739893,2021-09-07T19:25:39.894Z,10.917,0.30040105917137067,0.21304267460354884,0.21857900728207436,0.903656594078784
1631042739908,2021-09-07T19:25:39.909Z,10.932,0.29671284496440165,0.21657227621146816,0.21596794465861144,0.9046633537894909
1631042739938,2021-09-07T19:25:39.939Z,10.962,0.2930113199406599,0.21818756477341764,0.21392903624397014,0.9059651871990468
1631042739953,2021-09-07T19:25:39.954Z,10.977,0.28982311352555745,0.22074493663280276,0.21152995428520874,0.9069340186901301
1631042739968,2021-09-07T19:25:39.969Z,10.992,0.2868710741214176,0.22528412819631996,0.20855522046074138,0.9074451875644168
1631042739998,2021-09-07T19:25:39.999Z,11.022,0.2835758352068095,0.23000118328065247,0.20531375877283176,0.9080365971891395
1631042740013,2021-09-07T19:25:40.014Z,11.037,0.27990517236325996,0.23400587024154568,0.20224248028970515,0.9088411997390187
1631042740028,2021-09-07T19:25:40.029Z,11.052,0.2765221525542353,0.23803807190558626,0.19921993703377677,0.9094969995324346
1631042740058,2021-09-07T19:25:40.058Z,11.082,0.27352447454336964,0.24206675104906344,0.19616959314161386,0.9100030442745662
1631042740073,2021-09-07T19:25:40.074Z,11.097,0.2707310086842436,0.24592206480854717,0.19320324533721167,0.9104392154165384
1631042740088,2021-09-07T19:25:40.089Z,11.112,0.2675797421078582,0.24997354280809975,0.190732350532382,0.9107883837477572
1631042740118,2021-09-07T19:25:40.118Z,11.142,0.26443790640244175,0.2536748265663879,0.18815104760649642,0.9112194353220219
1631042740133,2021-09-07T19:25:40.134Z,11.157,0.2616928892629761,0.25714824358175653,0.18570818551912616,0.911539402529154
1631042740148,2021-09-07T19:25:40.149Z,11.172,0.25935850972998037,0.2608343804203878,0.18323675805206407,0.9116594100429862
1631042740178,2021-09-07T19:25:40.178Z,11.202,0.25721448201620367,0.2656356346962887,0.18071195161235015,0.9113844470721956
1631042740193,2021-09-07T19:25:40.193Z,11.217,0.25520008073483796,0.27167751609144686,0.17798202721532608,0.9107066728819092
1631042740208,2021-09-07T19:25:40.209Z,11.232,0.25313691967425184,0.27652176050656985,0.1750671680521346,0.9103894235624578
1631042740223,2021-09-07T19:25:40.223Z,11.247,0.2508226576866247,0.2774922189519448,0.17224825532691573,0.9112719689252918
1631042740253,2021-09-07T19:25:40.254Z,11.277,0.2483461854607028,0.2765723662838698,0.16981942325030255,0.9126846453524863
1631042740283,2021-09-07T19:25:40.284Z,11.307,0.24611837507997944,0.2775132452357232,0.16746096881935807,0.9134379935654142
1631042740284,2021-09-07T19:25:40.284Z,11.308,0.2440044689962028,0.2807193351375843,0.1648485185859439,0.9135006512914009
1631042740313,2021-09-07T19:25:40.314Z,11.337,0.24176223000126432,0.2847196865454264,0.16208477931176835,0.9133532988683761
1631042740328,2021-09-07T19:25:40.329Z,11.352,0.23950013888420535,0.28802326766669234,0.15930378683206087,0.9134027503013185
1631042740343,2021-09-07T19:25:40.344Z,11.367,0.23719123943176915,0.2905941835864258,0.1565529220572325,0.9136665250505251
1631042740373,2021-09-07T19:25:40.374Z,11.397,0.2348127176049088,0.2937946157886197,0.1538736444588008,0.9137125439248283
1631042740389,2021-09-07T19:25:40.389Z,11.413,0.2325558877650657,0.29757889045902197,0.1511776840513529,0.9135151180269808
1631042740403,2021-09-07T19:25:40.403Z,11.427,0.23039114270904784,0.3009149703515878,0.1486451910663111,0.9133863964130307
1631042740433,2021-09-07T19:25:40.434Z,11.457,0.22843342759331925,0.30389302622887465,0.14643731546523475,0.9132487669889072
1631042740448,2021-09-07T19:25:40.449Z,11.472,0.2266118537274231,0.3069977178920556,0.14445997843547312,0.9129790707292876
1631042740463,2021-09-07T19:25:40.464Z,11.487,0.22468232500226026,0.3095601713295,0.14251286895680498,0.9128967276421412
1631042740493,2021-09-07T19:25:40.494Z,11.517,0.22273738096514512,0.3114022739007585,0.14053355727971115,0.9130536688544297
1631042740508,2021-09-07T19:25:40.509Z,11.532,0.22095809469009775,0.31302382964189995,0.13864034158348526,0.9132209251615159
1631042740523,2021-09-07T19:25:40.524Z,11.547,0.2190288559942378,0.3154427346720553,0.13657274571874886,0.9131648955754447
1631042740538,2021-09-07T19:25:40.539Z,11.562,0.21679404498212443,0.3182919341102879,0.1346075989323285,0.9130013039696572
1631042740569,2021-09-07T19:25:40.569Z,11.593,0.21470229501649304,0.32044980189580535,0.13307796526498275,0.9129650070733937
1631042740583,2021-09-07T19:25:40.583Z,11.607,0.21276812372120893,0.3222348409689623,0.13174228442472005,0.9129832437062687
1631042740598,2021-09-07T19:25:40.599Z,11.622,0.21070561030625842,0.32421720362865825,0.13028495148308586,0.9129688834093581
1631042740629,2021-09-07T19:25:40.629Z,11.653,0.20857697686826532,0.326038091773464,0.12878198897928178,0.9130224568693552
1631042740643,2021-09-07T19:25:40.644Z,11.667,0.20651481923833145,0.32803299829581395,0.12721840962230813,0.9129958694962362
1631042740658,2021-09-07T19:25:40.659Z,11.682,0.20478775618490921,0.329655276127104,0.1259137454224421,0.9129814360390935
1631042740688,2021-09-07T19:25:40.689Z,11.712,0.2032526200285742,0.3313903318266549,0.12460706035449895,0.9128756218308987
1631042740703,2021-09-07T19:25:40.704Z,11.727,0.2017439230338046,0.33373827959172336,0.12318636181143228,0.9125476812297261
1631042740718,2021-09-07T19:25:40.718Z,11.742,0.20030639951719262,0.33659198688714415,0.1217269294489661,0.9120119162175184
1631042740748,2021-09-07T19:25:40.749Z,11.772,0.19911651388835913,0.33938297758094776,0.12040092096700973,0.9114139710666787
1631042740763,2021-09-07T19:25:40.764Z,11.787,0.19802860745741113,0.3421979815207638,0.11897435682253178,0.9107855480244835
1631042740793,2021-09-07T19:25:40.794Z,11.817,0.1968818454508974,0.3451552984599549,0.1174209787591455,0.9101195924844784
1631042740808,2021-09-07T19:25:40.809Z,11.832,0.19570464581858316,0.3480867004433725,0.11581507594402471,0.9094625933833389
1631042740823,2021-09-07T19:25:40.824Z,11.847,0.194637550089572,0.35117303997786903,0.11425766987401044,0.9087017689884802
1631042740838,2021-09-07T19:25:40.839Z,11.862,0.19342554838963041,0.35355141271390894,0.11270992302445912,0.9082314842869027
1631042740853,2021-09-07T19:25:40.853Z,11.877,0.19232961335609972,0.3554819487351134,0.11122171465224387,0.9078940654831897
1631042740883,2021-09-07T19:25:40.884Z,11.907,0.19140590983338507,0.3572959947691401,0.10999591050642325,0.9075264456062136
1631042740898,2021-09-07T19:25:40.898Z,11.922,0.19050287978661723,0.35980721889397393,0.10868879281146866,0.9068815602613028
1631042740913,2021-09-07T19:25:40.914Z,11.937,0.18972173518730176,0.3629957771042204,0.10724417225111155,0.9059461443817707
1631042740943,2021-09-07T19:25:40.944Z,11.967,0.18903139742331837,0.365340928135004,0.10597339557706666,0.905297065303709
1631042740958,2021-09-07T19:25:40.959Z,11.982,0.18829687974450415,0.3667590223629501,0.10486982594038995,0.9050052067259554
1631042740973,2021-09-07T19:25:40.973Z,11.997,0.18768241805558095,0.36762842090676284,0.10410986068485385,0.9048678306816914
1631042741003,2021-09-07T19:25:41.004Z,12.027,0.18707319956769952,0.3684833916791862,0.10366544796417008,0.9046972327571777
1631042741018,2021-09-07T19:25:41.018Z,12.042,0.18656258362334838,0.3695016816664998,0.10321725947702443,0.9044385589875424
1631042741033,2021-09-07T19:25:41.033Z,12.057,0.18602843907400643,0.3702056176019033,0.10271319103540646,0.9043180972086128
1631042741063,2021-09-07T19:25:41.064Z,12.087,0.18554161027687827,0.37084420593414996,0.10236864282476023,0.9041955246223848
1631042741078,2021-09-07T19:25:41.078Z,12.102,0.18516108466339506,0.37165752199125646,0.10210414270896444,0.9039694702340679
1631042741093,2021-09-07T19:25:41.093Z,12.117,0.18480398489271513,0.3723774398861238,0.10171963600275793,0.9037896022211673
1631042741138,2021-09-07T19:25:41.138Z,12.162,0.18437443735725723,0.37248918509376844,0.10147085745020458,0.9038592472977723
1631042741139,2021-09-07T19:25:41.139Z,12.163,0.1840164306521354,0.3724401180097418,0.10127763882245885,0.9039740879148501
1631042741153,2021-09-07T19:25:41.153Z,12.177,0.1837427034237255,0.3728213637004896,0.10107627588941936,0.9038951466621413
1631042741168,2021-09-07T19:25:41.168Z,12.192,0.1835972414215182,0.37369278999374345,0.10086203616468387,0.9035887346076281
1631042741198,2021-09-07T19:25:41.198Z,12.222,0.18341022588500785,0.374444093774899,0.10072800366134457,0.9033306033542232
1631042741213,2021-09-07T19:25:41.213Z,12.237,0.18319403467270604,0.3748899861638595,0.10054090257993666,0.9032103690961527
1631042741228,2021-09-07T19:25:41.228Z,12.252,0.18319727235533245,0.37544840072405744,0.10040197387241645,0.9029931901392372
1631042741258,2021-09-07T19:25:41.259Z,12.282,0.1832547550510347,0.3761923438048944,0.10017783478842829,0.9026967467709562
1631042741273,2021-09-07T19:25:41.273Z,12.297,0.1833702839031925,0.377159668705393,0.09982904407045122,0.9023081985903046
1631042741289,2021-09-07T19:25:41.289Z,12.313,0.18352204903223576,0.37775454542107595,0.09967385353940425,0.9020456107389089
1631042741318,2021-09-07T19:25:41.318Z,12.342,0.18383212174740418,0.3777001158380353,0.09965298954513753,0.9020075693609776
1631042741333,2021-09-07T19:25:41.333Z,12.357,0.18407008454747834,0.3773154989534675,0.09978350407583284,0.9021055761597575
1631042741348,2021-09-07T19:25:41.348Z,12.372,0.18411789554811506,0.3769092204536104,0.10030160691960921,0.9022081953326125
1631042741378,2021-09-07T19:25:41.378Z,12.402,0.18435744013295813,0.37672949921294435,0.10070461272949499,0.9021894477688095
1631042741393,2021-09-07T19:25:41.393Z,12.417,0.18451164859245808,0.37650648160218864,0.10097556668717464,0.9022207356170874
1631042741408,2021-09-07T19:25:41.408Z,12.432,0.18467377185729558,0.3762878489699586,0.10123559120138895,0.9022496371734747
1631042741438,2021-09-07T19:25:41.438Z,12.462,0.1848623994481757,0.37611089994831065,0.10156031389589665,0.9022482955659722
1631042741453,2021-09-07T19:25:41.453Z,12.477,0.18509885679236832,0.3760426339911503,0.10178446701132898,0.9022030109184828
1631042741468,2021-09-07T19:25:41.468Z,12.492,0.18525709824692532,0.37569893649348163,0.10193156043138063,0.9022971094128693
1631042741483,2021-09-07T19:25:41.483Z,12.507,0.18540589565256957,0.3753893088278977,0.10199733108111116,0.9023879792679598
1631042741513,2021-09-07T19:25:41.513Z,12.537,0.1856350966869876,0.3752905864162666,0.10209107028598144,0.9023713204624858
1631042741528,2021-09-07T19:25:41.528Z,12.552,0.18596721734097918,0.37519263336360403,0.10213098500342573,0.9023391512321557
1631042741543,2021-09-07T19:25:41.543Z,12.567,0.18617624641951735,0.3748398245476651,0.10209733575438762,0.9024464777670035
1631042741573,2021-09-07T19:25:41.573Z,12.597,0.18620537903727816,0.3742683963530357,0.10199231211929476,0.9026894773827104
1631042741591,2021-09-07T19:25:41.591Z,12.615,0.18634576340982018,0.37372548855069326,0.10209006402779207,0.9028743735944432
1631042741603,2021-09-07T19:25:41.603Z,12.627,0.18654890736492846,0.3735388295054873,0.10221503137066575,0.902895528494031
1631042741648,2021-09-07T19:25:41.648Z,12.672,0.18675616249218502,0.3738447996905357,0.10221910403158183,0.9027255708611097
1631042741649,2021-09-07T19:25:41.649Z,12.673,0.18697639462675106,0.37385518665205225,0.10225779850422789,0.9026712967137093
1631042741663,2021-09-07T19:25:41.663Z,12.687,0.18734444914502316,0.3733216869309164,0.10233829299749615,0.9028066510764979
1631042741693,2021-09-07T19:25:41.693Z,12.717,0.18769008395055187,0.372830310935562,0.10266955456053688,0.9029003013625967
1631042741708,2021-09-07T19:25:41.708Z,12.732,0.18800851661120777,0.3728168002468559,0.10296656168582759,0.9028058032101632
1631042741723,2021-09-07T19:25:41.723Z,12.747,0.1882348536026799,0.3728160914371472,0.10326262719177398,0.9027251141295223
1631042741753,2021-09-07T19:25:41.753Z,12.777,0.1884374959309216,0.3724269060893306,0.1036152632222591,0.9028030720901402
1631042741768,2021-09-07T19:25:41.768Z,12.792,0.18874557870140243,0.37204180259431413,0.10388747907538678,0.9028662112042997
1631042741783,2021-09-07T19:25:41.783Z,12.807,0.18901941619038498,0.3717826691152631,0.1040721485337262,0.9028943986691637
1631042741813,2021-09-07T19:25:41.813Z,12.837,0.1893114495979557,0.371653804741361,0.10424551634199468,0.902866267392343
1631042741828,2021-09-07T19:25:41.828Z,12.852,0.18965387057571903,0.37148913179357906,0.10443013748563006,0.9028408390849596
1631042741858,2021-09-07T19:25:41.858Z,12.882,0.18992348085424687,0.37126839297984754,0.10442870148826545,0.9028751287414241
1631042741859,2021-09-07T19:25:41.859Z,12.883,0.19002656675854665,0.37107339644501947,0.10449422842036205,0.9029260183445542
1631042741888,2021-09-07T19:25:41.888Z,12.912,0.190181111109228,0.3707858126729247,0.10462640414153415,0.9029963132007521
1631042741903,2021-09-07T19:25:41.903Z,12.927,0.19033481408977188,0.3707523092396307,0.10469350344354231,0.9029699076246176
1631042741918,2021-09-07T19:25:41.919Z,12.942,0.1904917950792723,0.37098458319610284,0.10469409053045975,0.9028413273916355
1631042741948,2021-09-07T19:25:41.948Z,12.972,0.19057036203065209,0.37101857426802903,0.10464937582305775,0.9028159628647853
1631042741963,2021-09-07T19:25:41.963Z,12.987,0.19071012044947774,0.3708641394821019,0.10474209853303276,0.902839151122304
1631042741978,2021-09-07T19:25:41.978Z,13.002,0.1907995997786285,0.37082989245458126,0.10478575775815975,0.9028292466227971
1631042742008,2021-09-07T19:25:42.008Z,13.032,0.19085626335226116,0.3709525182383053,0.10470371638001871,0.9027764107064854
1631042742038,2021-09-07T19:25:42.038Z,13.062,0.19090974743106565,0.37101251687992065,0.10465546178287863,0.9027460412393099
1631042742039,2021-09-07T19:25:42.039Z,13.063,0.19095994791039678,0.37082240574878095,0.10492230275315712,0.9027825607939709
1631042742068,2021-09-07T19:25:42.069Z,13.092,0.19095820698145555,0.37059194926956557,0.10516132619438295,0.9028497470764721
1631042742083,2021-09-07T19:25:42.083Z,13.107,0.1908188668624535,0.3703664950590944,0.10537504721515163,0.9029467973315902
1631042742098,2021-09-07T19:25:42.098Z,13.122,0.1907100600433905,0.3701603859111454,0.10544428548342784,0.9030462138557738
1631042742128,2021-09-07T19:25:42.128Z,13.152,0.19070931916067815,0.3701721659324214,0.10544851227110519,0.9030410480227248
1631042742143,2021-09-07T19:25:42.143Z,13.167,0.1906425257521445,0.370348105542545,0.10540186888401798,0.9029884573634633
1631042742158,2021-09-07T19:25:42.158Z,13.182,0.19055174802880015,0.3704452018088823,0.1053739069389248,0.9029710535318239
1631042742173,2021-09-07T19:25:42.173Z,13.197,0.1904367625646894,0.3704571963857392,0.10533460064424717,0.9029949761859226
1631042742203,2021-09-07T19:25:42.203Z,13.227,0.19044158791580132,0.37045221429168024,0.10534503745542802,0.9029947849251475
1631042742218,2021-09-07T19:25:42.218Z,13.242,0.19036238595182473,0.3706619279726083,0.10526955514643596,0.9029342267992886
1631042742233,2021-09-07T19:25:42.233Z,13.257,0.19038876299825944,0.3708951358043316,0.10522352577277673,0.9028382616973125
1631042742263,2021-09-07T19:25:42.263Z,13.287,0.19041656084361805,0.37112579072490726,0.10517746202046722,0.9027429768756079
1631042742278,2021-09-07T19:25:42.278Z,13.302,0.19044550664754598,0.37137379094631934,0.10513128015340294,0.902640255212023
1631042742293,2021-09-07T19:25:42.293Z,13.317,0.19048085019827424,0.3716717797245245,0.10506881415188386,0.9025174115532976
1631042742323,2021-09-07T19:25:42.323Z,13.347,0.19049777674749122,0.3720598043891318,0.10512396938368332,0.902347521785926
1631042742338,2021-09-07T19:25:42.338Z,13.362,0.19060865231405533,0.3726173973840194,0.10529547287903718,0.902073988218793
1631042742353,2021-09-07T19:25:42.354Z,13.377,0.1907491817619146,0.3730180836168137,0.10556235744914276,0.9018474636221911
1631042742383,2021-09-07T19:25:42.383Z,13.407,0.19078849021685232,0.3729141010731039,0.10575509686504776,0.9018595703925736
1631042742398,2021-09-07T19:25:42.398Z,13.422,0.19076955798400727,0.37275270633996654,0.10578923112260669,0.9019262909136783
1631042742413,2021-09-07T19:25:42.413Z,13.437,0.19073145200353178,0.37242794319936373,0.10585790850998157,0.9020604433998912
1631042742443,2021-09-07T19:25:42.443Z,13.467,0.19073689451466166,0.372308620996127,0.10589476934372545,0.9021042210457195
1631042742458,2021-09-07T19:25:42.458Z,13.482,0.1907520184335452,0.3723863141686301,0.10588125356828108,0.9020705408260709
1631042742473,2021-09-07T19:25:42.473Z,13.497,0.19076765116965977,0.37268726079592673,0.10579445508876299,0.9019531263763721
1631042742503,2021-09-07T19:25:42.503Z,13.527,0.1907921411409404,0.3728961603481689,0.10575026151569816,0.9018667832145774
1631042742518,2021-09-07T19:25:42.518Z,13.542,0.19082857109365717,0.3732068429334476,0.10568453061920983,0.9017382596018644
1631042742533,2021-09-07T19:25:42.533Z,13.557,0.19083525201910428,0.3732638053514075,0.10567247846259349,0.9017146807593655
1631042742548,2021-09-07T19:25:42.548Z,13.572,0.1906971546029837,0.373153638973998,0.10564631564982514,0.9017925553786783
1631042742578,2021-09-07T19:25:42.578Z,13.602,0.19059022815825163,0.37309857268136853,0.10560720247834586,0.9018425243790676
1631042742593,2021-09-07T19:25:42.593Z,13.617,0.19047909187516676,0.37319521492380525,0.10553252341188946,0.9018347595977357
1631042742608,2021-09-07T19:25:42.608Z,13.632,0.19052427407527517,0.3735821129530922,0.10545209463368635,0.90167442106725
1631042742638,2021-09-07T19:25:42.639Z,13.662,0.19053318706646802,0.37366624901925516,0.10543543629645769,0.9016396218795789
1631042742653,2021-09-07T19:25:42.653Z,13.677,0.1906678108725607,0.3737802566615396,0.10550744162858516,0.9015554810371293
1631042742668,2021-09-07T19:25:42.668Z,13.692,0.19069145694142162,0.37377810683220375,0.10556966772644441,0.9015440867526223
1631042742698,2021-09-07T19:25:42.698Z,13.722,0.19070076745940162,0.3740230158368934,0.10558830172822564,0.9014383569899939
1631042742713,2021-09-07T19:25:42.713Z,13.737,0.19068379453227774,0.3741272043412029,0.10563564908785603,0.9013931634511078
1631042742728,2021-09-07T19:25:42.729Z,13.752,0.19064366573166291,0.37402364189092596,0.10565325401643727,0.9014425649694942
1631042742758,2021-09-07T19:25:42.758Z,13.782,0.19061686336355985,0.3737921761410515,0.1057042045666055,0.9015382640765262
1631042742773,2021-09-07T19:25:42.773Z,13.797,0.19067018220602505,0.3737233972548662,0.10574233801784971,0.9015510312302468
1631042742788,2021-09-07T19:25:42.788Z,13.812,0.19078444631272984,0.37370724892685664,0.1057899773281526,0.9015279628727966
1631042742818,2021-09-07T19:25:42.818Z,13.842,0.19090896412459102,0.37380196797580106,0.10581110923240987,0.9014598523047496
1631042742833,2021-09-07T19:25:42.833Z,13.857,0.1909088141949068,0.37380163835265956,0.1058105499300375,0.9014600863882245
1631042742849,2021-09-07T19:25:42.849Z,13.873,0.1909872694269721,0.3736096232086778,0.10589004051628917,0.9015137334961446
1631042742863,2021-09-07T19:25:42.863Z,13.887,0.19095583188964246,0.37334194640396445,0.10594674160374343,0.90162461660393
1631042742893,2021-09-07T19:25:42.894Z,13.917,0.1909960534262801,0.37319291144355216,0.10600046212261913,0.9016714814463535
1631042742908,2021-09-07T19:25:42.909Z,13.932,0.19110896889696274,0.37317963861070996,0.10604719654650784,0.9016475538912896
1631042742923,2021-09-07T19:25:42.924Z,13.947,0.19124490546992853,0.373394589641275,0.10604406357733137,0.901530101071744
1631042742953,2021-09-07T19:25:42.953Z,13.977,0.19136184440523574,0.37344819281097436,0.10607517503202152,0.901479422412941
1631042742968,2021-09-07T19:25:42.969Z,13.992,0.1914073197983601,0.37338512534060053,0.10610887982280387,0.901491925490596
1631042742983,2021-09-07T19:25:42.984Z,14.007,0.19141626308381565,0.3734610667078392,0.10609275820154461,0.901460466430813
1631042743013,2021-09-07T19:25:43.014Z,14.037,0.1914341477113572,0.37361291585195766,0.10606051388062811,0.9013975391546181
1631042743028,2021-09-07T19:25:43.029Z,14.052,0.19146182815524482,0.37384831285217707,0.10601050975900055,0.9012999385097443
1631042743043,2021-09-07T19:25:43.043Z,14.067,0.1915094545923763,0.37404021454725345,0.10591023368316738,0.9012219865850767
1631042743073,2021-09-07T19:25:43.073Z,14.097,0.19155944171341616,0.37395538488917834,0.10578582787447015,0.9012611769202885
1631042743088,2021-09-07T19:25:43.088Z,14.112,0.19155331983207705,0.37390320589607756,0.10579691571637845,0.901282825148048
1631042743103,2021-09-07T19:25:43.104Z,14.127,0.19155331983207705,0.37390320589607756,0.10579691571637845,0.901282825148048
1631042743133,2021-09-07T19:25:43.133Z,14.157,0.1915854002646928,0.3741765195377103,0.10573882256582257,0.9011693892018617
1631042743148,2021-09-07T19:25:43.149Z,14.172,0.19161155960082119,0.37439945682698805,0.10569141805621053,0.9010767897933366
1631042743163,2021-09-07T19:25:43.163Z,14.187,0.19166740086955983,0.37439291255577417,0.10571462358294924,0.9010649104435413
1631042743178,2021-09-07T19:25:43.178Z,14.202,0.19169394793848937,0.3743999028178704,0.10579793967546951,0.9010465798470969
1631042743211,2021-09-07T19:25:43.211Z,14.235,0.19169952322346387,0.3744473525116209,0.10578784538070102,0.9010268612880767
1631042743223,2021-09-07T19:25:43.223Z,14.247,0.19169952322346387,0.3744473525116209,0.10578784538070102,0.9010268612880767
1631042743238,2021-09-07T19:25:43.238Z,14.262,0.19169952322346387,0.3744473525116209,0.10578784538070102,0.9010268612880767
1631042743268,2021-09-07T19:25:43.269Z,14.292,0.19169952322346387,0.3744473525116209,0.10578784538070102,0.9010268612880767
1631042743283,2021-09-07T19:25:43.284Z,14.307,0.19169952322346387,0.3744473525116209,0.10578784538070102,0.9010268612880767
1631042743298,2021-09-07T19:25:43.299Z,14.322,0.19169952322346387,0.3744473525116209,0.10578784538070102,0.9010268612880767
1631042743328,2021-09-07T19:25:43.328Z,14.352,0.19170771993134592,0.3745171814427714,0.10577298951257538,0.9009978388500494
1631042743343,2021-09-07T19:25:43.344Z,14.367,0.1917216507795693,0.37463576149054845,0.1057477534369666,0.9009485376411841
1631042743358,2021-09-07T19:25:43.359Z,14.382,0.1917216507795693,0.37463576149054845,0.1057477534369666,0.9009485376411841
1631042743388,2021-09-07T19:25:43.389Z,14.412,0.1917316671215163,0.3747211505424816,0.10572959044401106,0.900913026248075
1631042743403,2021-09-07T19:25:43.403Z,14.427,0.19177282698537226,0.3750720493395924,0.10565489173491911,0.9007669978894205
1631042743418,2021-09-07T19:25:43.419Z,14.442,0.1918056369897576,0.3753517991287395,0.10559533050108687,0.9006504597712356
1631042743448,2021-09-07T19:25:43.449Z,14.472,0.19183331331692938,0.3755879020273231,0.10554504251287687,0.9005520261225989
1631042743463,2021-09-07T19:25:43.464Z,14.487,0.1918525518698261,0.3757520554860076,0.10551007011949189,0.9004835457921794
1631042743478,2021-09-07T19:25:43.479Z,14.502,0.19186792341132342,0.37588338167769575,0.10548208218672672,0.9004287388138602
1631042743493,2021-09-07T19:25:43.493Z,14.517,0.19185367096480987,0.37601586861560937,0.1053788736656893,0.9003885430587876
1631042743526,2021-09-07T19:25:43.526Z,14.55,0.19177039252326866,0.37615892906903603,0.10530965113313377,0.9003546268061964
1631042743538,2021-09-07T19:25:43.539Z,14.562,0.19177039252326866,0.37615892906903603,0.10530965113313377,0.9003546268061964
1631042743553,2021-09-07T19:25:43.553Z,14.577,0.19177039252326866,0.37615892906903603,0.10530965113313377,0.9003546268061964
1631042743583,2021-09-07T19:25:43.584Z,14.607,0.19176439536817189,0.37610774382063594,0.10532054156471901,0.9003760132476567
1631042743598,2021-09-07T19:25:43.599Z,14.622,0.19176439536817189,0.37610774382063594,0.10532054156471901,0.9003760132476567
1631042743613,2021-09-07T19:25:43.614Z,14.637,0.1917871299214358,0.37630207571110214,0.10527915105106476,0.9002948100294599
1631042743643,2021-09-07T19:25:43.644Z,14.667,0.19182276947432128,0.3766068561681027,0.1052142170308827,0.9001673564026624
1631042743658,2021-09-07T19:25:43.659Z,14.682,0.19183383802780457,0.37670162164484805,0.10519401685640985,0.9001277051925893
1631042743673,2021-09-07T19:25:43.674Z,14.697,0.19183383802780457,0.37670162164484805,0.10519401685640985,0.9001277051925893
1631042743704,2021-09-07T19:25:43.704Z,14.728,0.19183383802780457,0.37670162164484805,0.10519401685640985,0.9001277051925893
1631042743719,2021-09-07T19:25:43.719Z,14.743,0.19183938390478988,0.3767490125317908,0.10518391531941752,0.9001078692564733
1631042743733,2021-09-07T19:25:43.733Z,14.757,0.19183938390478988,0.3767490125317908,0.10518391531941752,0.9001078692564733
1631042743763,2021-09-07T19:25:43.763Z,14.787,0.19183377595790205,0.37670108036205746,0.10519412726326742,0.9001279320436133
1631042743778,2021-09-07T19:25:43.779Z,14.802,0.19184041900711749,0.37675793755859643,0.10518200359606966,0.900104136331615
1631042743793,2021-09-07T19:25:43.793Z,14.817,0.19184857010434134,0.3768277051118884,0.10516713232664848,0.9000749308181051
1631042743808,2021-09-07T19:25:43.809Z,14.832,0.19184857010434134,0.3768277051118884,0.10516713232664848,0.9000749308181051
1631042743838,2021-09-07T19:25:43.839Z,14.862,0.19184857010434134,0.3768277051118884,0.10516713232664848,0.9000749308181051
1631042743853,2021-09-07T19:25:43.854Z,14.877,0.19183916244806154,0.37674716937309494,0.10518429570925757,0.900108643474072
1631042743868,2021-09-07T19:25:43.869Z,14.892,0.19187247706165736,0.37654831969198005,0.10524862906593942,0.9001772278629973
1631042743898,2021-09-07T19:25:43.899Z,14.922,0.19197741698739765,0.37629587532115794,0.10535461011196703,0.9002480167772023
1631042743913,2021-09-07T19:25:43.914Z,14.937,0.19211005921176075,0.37628033280518886,0.10541005299066974,0.9002197270789917
1631042743928,2021-09-07T19:25:43.928Z,14.952,0.1922071306716781,0.37625572645662403,0.10545407392653913,0.9002041354714244
1631042743958,2021-09-07T19:25:43.958Z,14.982,0.19228141617666689,0.37590600248409967,0.10557342654429816,0.9003203795856315
1631042743973,2021-09-07T19:25:43.974Z,14.997,0.19225140212985006,0.37565011366462214,0.10562807484751224,0.9004271765594769
1631042744003,2021-09-07T19:25:44.003Z,15.027,0.1922842476535584,0.3754796509467846,0.10568490972609543,0.9004845915868706
1631042744018,2021-09-07T19:25:44.019Z,15.042,0.19240500247644432,0.3753213626312574,0.10577257095610597,0.9005144935024595
1631042744033,2021-09-07T19:25:44.034Z,15.057,0.19239943298242715,0.37527398384352834,0.10578269824175189,0.9005342392107821
1631042744048,2021-09-07T19:25:44.049Z,15.072,0.19239943298242715,0.37527398384352834,0.10578269824175189,0.9005342392107821
1631042744078,2021-09-07T19:25:44.079Z,15.102,0.19239943298242715,0.37527398384352834,0.10578269824175189,0.9005342392107821
1631042744093,2021-09-07T19:25:44.094Z,15.117,0.19239943298242715,0.37527398384352834,0.10578269824175189,0.9005342392107821
1631042744108,2021-09-07T19:25:44.109Z,15.132,0.19237008196701494,0.37502409969311773,0.10583608400418384,0.9006383289290045
1631042744138,2021-09-07T19:25:44.138Z,15.162,0.1923455643094519,0.37481553280734264,0.10588062814003754,0.9007251483341061
1631042744154,2021-09-07T19:25:44.154Z,15.178,0.1924057066538978,0.3743899282756334,0.10588255108128333,0.9008890669939887
1631042744168,2021-09-07T19:25:44.169Z,15.192,0.19256436366214,0.3739259750008898,0.10600606844699544,0.901033320426853
1631042744183,2021-09-07T19:25:44.183Z,15.207,0.19265392995622488,0.3740334034713498,0.10601266713894092,0.9009688067664433
1631042744213,2021-09-07T19:25:44.213Z,15.237,0.19267905337715976,0.3742468180168129,0.10596703237035213,0.9008801749647913
1631042744228,2021-09-07T19:25:44.229Z,15.252,0.19278819379822204,0.374289890760899,0.10605551038815207,0.900828517933642
1631042744243,2021-09-07T19:25:44.243Z,15.267,0.19287450720021715,0.37454232870650755,0.10602325186578983,0.9007089088840985
1631042744273,2021-09-07T19:25:44.274Z,15.297,0.1929001735132675,0.37476046369337535,0.1059765410441113,0.9006181714018451
1631042744291,2021-09-07T19:25:44.291Z,15.315,0.19293902969612808,0.3746898502453898,0.10600984181814811,0.9006353093126513
1631042744303,2021-09-07T19:25:44.304Z,15.327,0.19304663495979155,0.3746242937402036,0.10606833032511832,0.9006326357468933
1631042744333,2021-09-07T19:25:44.334Z,15.357,0.1931888409212652,0.3746075529549394,0.10612748278177381,0.9006021376895653
1631042744348,2021-09-07T19:25:44.349Z,15.372,0.19326592834451725,0.3746388526007168,0.10609246709514492,0.9005767038341687
1631042744363,2021-09-07T19:25:44.363Z,15.387,0.19331129528123417,0.3746154440212022,0.10598340905585928,0.9005895453659161
1631042744393,2021-09-07T19:25:44.394Z,15.417,0.19329174785863398,0.3744495689847144,0.10601901024160008,0.9006585312782571
1631042744410,2021-09-07T19:25:44.410Z,15.434,0.19340464566443208,0.3741938191894397,0.10612896881245429,0.9007276340240936
1631042744433,2021-09-07T19:25:44.434Z,15.457,0.19344558505729312,0.3740111433571711,0.1061922267529808,0.9007872563728612
1631042744453,2021-09-07T19:25:44.454Z,15.477,0.19343719880590585,0.37394004101552875,0.10620750214574243,0.9008167751165556
1631042744468,2021-09-07T19:25:44.469Z,15.492,0.1935546616171603,0.37392617706414066,0.10625626452593707,0.900791548207163
1631042744483,2021-09-07T19:25:44.484Z,15.507,0.19365895422552395,0.37391386751899586,0.10629955951068508,0.9007691340033235
1631042744498,2021-09-07T19:25:44.498Z,15.522,0.1937917623830739,0.373707086597445,0.10640444627885438,0.9008139985987133
1631042744529,2021-09-07T19:25:44.529Z,15.553,0.19391330891401096,0.3735965454656223,0.10647991197922389,0.9008247766281017
1631042744543,2021-09-07T19:25:44.544Z,15.567,0.1939239635440319,0.37368663846318007,0.1064605182827377,0.9007874059090928
1631042744558,2021-09-07T19:25:44.558Z,15.582,0.19403404127362137,0.3739482200269108,0.10649220643977252,0.9006513917900315
1631042744589,2021-09-07T19:25:44.589Z,15.613,0.19414626375094635,0.37403497703234045,0.1065761091615634,0.9005812551813117
1631042744603,2021-09-07T19:25:44.603Z,15.627,0.19418904958593775,0.3739497214458201,0.10661481745418999,0.9006028533991626
1631042744618,2021-09-07T19:25:44.619Z,15.642,0.19417450218349863,0.3736503198589629,0.10662974629391848,0.9007284820501569
1631042744649,2021-09-07T19:25:44.649Z,15.673,0.19428371211103207,0.373517191565215,0.10670641239354778,0.900751069034997
1631042744663,2021-09-07T19:25:44.664Z,15.687,0.19440144957638467,0.37362740706833264,0.10672282043269746,0.9006780094400467
1631042744681,2021-09-07T19:25:44.681Z,15.705,0.19440087949000145,0.37379882264455,0.10673541725533923,0.9006055123895205
1631042744708,2021-09-07T19:25:44.708Z,15.732,0.19454832745613249,0.3738390278497202,0.10678154433508698,0.9005515150893987
1631042744723,2021-09-07T19:25:44.724Z,15.747,0.19464568270816116,0.37360637376276695,0.10687979768653431,0.9006153699184769
1631042744738,2021-09-07T19:25:44.739Z,15.762,0.19463714065129073,0.3735344238735266,0.10689534502030916,0.9006452147619236
1631042744769,2021-09-07T19:25:44.769Z,15.793,0.1946468299043202,0.37361599954175834,0.10687771886850823,0.9006113755133652
1631042744783,2021-09-07T19:25:44.784Z,15.807,0.19477084487855223,0.37378520174181995,0.10688103104965617,0.9005139566635736
1631042744798,2021-09-07T19:25:44.799Z,15.822,0.19487920634128564,0.37368581141240426,0.10694866008975099,0.9005237328298743
1631042744813,2021-09-07T19:25:44.814Z,15.837,0.19496914942044377,0.37348008534471266,0.10703706849851315,0.900579104017198
1631042744843,2021-09-07T19:25:44.844Z,15.867,0.19516348707853598,0.3734569822525218,0.10711765962489929,0.9005370079650641
1631042744858,2021-09-07T19:25:44.858Z,15.882,0.19542535604034147,0.37329747250082523,0.10725992624128587,0.9005294195437012
1631042744875,2021-09-07T19:25:44.876Z,15.899,0.19572869536939091,0.3732613154174105,0.10738566771086824,0.9004635398460904
1631042744903,2021-09-07T19:25:44.904Z,15.927,0.19591678514488442,0.37318602032808945,0.10747755156235449,0.9004428818311229
1631042744918,2021-09-07T19:25:44.918Z,15.942,0.19607532112124945,0.37275693134739984,0.10747981047810491,0.9005858254043639
1631042744933,2021-09-07T19:25:44.933Z,15.957,0.19624638725713514,0.3723263176419735,0.1075087794939602,0.9007232266414638
1631042744963,2021-09-07T19:25:44.964Z,15.987,0.19632357749584112,0.37221697713497526,0.1075036770635199,0.9007522046986942
1631042744978,2021-09-07T19:25:44.979Z,16.002,0.1963700548714409,0.37216333419101694,0.10753555845607382,0.9007604331347779
1631042744994,2021-09-07T19:25:44.994Z,16.018,0.19649668940557777,0.3718548603944254,0.10766519284235805,0.9008447258567418
1631042745023,2021-09-07T19:25:45.024Z,16.047,0.19663751995378517,0.371638375722456,0.10777597534544137,0.9008900835147085
1631042745039,2021-09-07T19:25:45.039Z,16.063,0.19678410332958074,0.37169780279382897,0.10781612688338918,0.9008287533482031
1631042745053,2021-09-07T19:25:45.054Z,16.077,0.19692403657660773,0.3717531986007232,0.10785481580093097,0.9007706821700255
1631042745083,2021-09-07T19:25:45.084Z,16.107,0.19706422338257834,0.3714697126799863,0.10798315768148596,0.9008415965535811
1631042745098,2021-09-07T19:25:45.099Z,16.122,0.1972281487661762,0.37112700974287255,0.10813614736296319,0.9009286173760253
1631042745113,2021-09-07T19:25:45.114Z,16.137,0.19740208892073957,0.37110611624650575,0.10820779899353737,0.9008905249868807
1631042745143,2021-09-07T19:25:45.144Z,16.167,0.19760692952597328,0.3711296178385559,0.10827943394057324,0.9008273266014045
1631042745158,2021-09-07T19:25:45.159Z,16.182,0.19778383017436313,0.3709207520057457,0.10840203744181977,0.90085978405716
1631042745173,2021-09-07T19:25:45.174Z,16.197,0.19796688708575316,0.37066051280595375,0.10854058560669691,0.9009100050172377
1631042745189,2021-09-07T19:25:45.189Z,16.213,0.19809420719440157,0.37039983857097863,0.10865809194858715,0.9009750627607331
1631042745219,2021-09-07T19:25:45.219Z,16.243,0.1982625441846663,0.36997935492849593,0.10883355978979625,0.9010896163887352
1631042745236,2021-09-07T19:25:45.236Z,16.26,0.19851330749845492,0.3696651633311631,0.10901194446815593,0.901141792243951
1631042745249,2021-09-07T19:25:45.249Z,16.273,0.1987339453456408,0.36946041251757455,0.10914982364283418,0.901160439959743
1631042745278,2021-09-07T19:25:45.279Z,16.302,0.1989766535577321,0.368933712525731,0.10944503695572562,0.9012868527759115
1631042745293,2021-09-07T19:25:45.294Z,16.317,0.19925981968336018,0.36838433531594567,0.10983625914242955,0.9014014099895675
1631042745308,2021-09-07T19:25:45.309Z,16.332,0.19958234623360235,0.36811815401115544,0.11018251986257856,0.9013965409718644
1631042745338,2021-09-07T19:25:45.339Z,16.362,0.19995609104363576,0.3677829536853024,0.11054485389949971,0.9014061769864915
1631042745353,2021-09-07T19:25:45.354Z,16.377,0.2003723361698267,0.3672954699184616,0.110981075778726,0.9014589094874036
1631042745369,2021-09-07T19:25:45.369Z,16.393,0.2008811691116624,0.3669038754642183,0.1114132549999256,0.9014518227148862
1631042745398,2021-09-07T19:25:45.399Z,16.422,0.20141601830493214,0.36640927683073293,0.11188419312094111,0.9014753223201635
1631042745413,2021-09-07T19:25:45.414Z,16.437,0.20200054259162936,0.3655015483815228,0.11240448092613886,0.9016482859691589
1631042745429,2021-09-07T19:25:45.429Z,16.453,0.20264271733689646,0.36424120077726135,0.11317691584434554,0.9019175474990047
1631042745458,2021-09-07T19:25:45.459Z,16.482,0.20345110568628735,0.36297513602091913,0.11417499671426291,0.9021201518372818
1631042745473,2021-09-07T19:25:45.473Z,16.497,0.20435165589539891,0.36164407217410993,0.11524917591767815,0.9023145755469275
1631042745503,2021-09-07T19:25:45.503Z,16.527,0.2051618832455831,0.3598736503857483,0.11642350189396986,0.9026877232065952
1631042745504,2021-09-07T19:25:45.504Z,16.528,0.20608650613341717,0.3572169324963455,0.11788851288960364,0.9033419693871751
1631042745533,2021-09-07T19:25:45.534Z,16.557,0.20715853437376763,0.35398998626686856,0.1196654207684776,0.9041330755653163
1631042745548,2021-09-07T19:25:45.549Z,16.572,0.20848924525274812,0.35064114155402965,0.12153591567523064,0.9048823380222478
1631042745564,2021-09-07T19:25:45.564Z,16.588,0.20995578419427177,0.3476153951486081,0.12353269157643229,0.9054401028510541
1631042745593,2021-09-07T19:25:45.594Z,16.617,0.21136342670307504,0.34548307578710846,0.12553355502390762,0.9056535059061345
1631042745608,2021-09-07T19:25:45.609Z,16.632,0.21325660336103933,0.34344960199905944,0.12765291682900945,0.9056868801272578
1631042745623,2021-09-07T19:25:45.624Z,16.647,0.21552671460412773,0.34061443755617044,0.12968961875445056,0.9059308157953176
1631042745656,2021-09-07T19:25:45.656Z,16.68,0.2176755783007421,0.33703314751150376,0.13161001901581174,0.906479345040241
1631042745669,2021-09-07T19:25:45.669Z,16.693,0.22022632752220078,0.333378188158706,0.1337751715665275,0.9068977625942458
1631042745683,2021-09-07T19:25:45.684Z,16.707,0.2228256836977556,0.3298921398022554,0.13569240728461143,0.9072526998508321
1631042745713,2021-09-07T19:25:45.714Z,16.737,0.22563235715333463,0.3255622721550356,0.13765381431336995,0.9078274471283961
1631042745729,2021-09-07T19:25:45.729Z,16.753,0.22840376415471997,0.3203627586634663,0.13980141993058873,0.9086555928220987
1631042745743,2021-09-07T19:25:45.744Z,16.767,0.23118162897978065,0.3143408101472366,0.1421870634943458,0.9096855217453386
1631042745773,2021-09-07T19:25:45.774Z,16.797,0.23371234959020273,0.307006643103853,0.14502466552794038,0.9110945643168109
1631042745788,2021-09-07T19:25:45.789Z,16.812,0.23624856208989806,0.29990097168151386,0.14812928086405647,0.9123068235224578
1631042745803,2021-09-07T19:25:45.804Z,16.827,0.23914508081864544,0.2937551980845038,0.15109540244294428,0.9130649994820644
1631042745818,2021-09-07T19:25:45.819Z,16.842,0.2421707982254851,0.2875604360314438,0.15374493753030538,0.9137969108615107
1631042745849,2021-09-07T19:25:45.849Z,16.873,0.24526375857151494,0.280688378954031,0.15643000810008986,0.9146525981034207
1631042745863,2021-09-07T19:25:45.863Z,16.887,0.24858423176332883,0.2741044959508242,0.15942245150294004,0.9152360826447857
1631042745879,2021-09-07T19:25:45.879Z,16.903,0.2523154122054851,0.2688969482134858,0.16240892469140794,0.9152347814553545
1631042745909,2021-09-07T19:25:45.909Z,16.933,0.2562397351520877,0.26462688330689377,0.16492774639209482,0.9149386040770674
1631042745923,2021-09-07T19:25:45.924Z,16.947,0.25994432784050947,0.26033765890366206,0.16728264615656172,0.9146965431633404
1631042745938,2021-09-07T19:25:45.938Z,16.962,0.26368168734887437,0.25553379178452895,0.16991122542837006,0.9144969242630077
1631042745969,2021-09-07T19:25:45.969Z,16.993,0.2676527231504948,0.25065115369281055,0.1729905028255873,0.9141172270965788
1631042745983,2021-09-07T19:25:45.984Z,17.007,0.272074256258543,0.24706226940672804,0.17622578396132155,0.9131704699475205
1631042745998,2021-09-07T19:25:45.999Z,17.022,0.27677844795377743,0.2449517858231026,0.1786731897110854,0.9118487838719955
1631042746031,2021-09-07T19:25:46.031Z,17.055,0.2810943407205209,0.24166342465659865,0.18053755051772338,0.9110383930719937
1631042746043,2021-09-07T19:25:46.044Z,17.067,0.28583057448790644,0.23704843663213745,0.18267660523924817,0.9103505804229691
1631042746058,2021-09-07T19:25:46.059Z,17.082,0.29146425580505636,0.23376444401029442,0.1849933777914094,0.9089445651291873
1631042746088,2021-09-07T19:25:46.089Z,17.112,0.29773040876690776,0.23190214661968722,0.1872540219455872,0.9069255368297182
1631042746104,2021-09-07T19:25:46.104Z,17.128,0.30367654605155503,0.22938095065768818,0.18965034213793497,0.9050953997123934
1631042746118,2021-09-07T19:25:46.119Z,17.142,0.3090641922579158,0.22579791572265226,0.19220628627864084,0.9036323200473969
1631042746134,2021-09-07T19:25:46.134Z,17.158,0.31434722268341975,0.22196804441602172,0.1947840957368683,0.9022057231570404
1631042746163,2021-09-07T19:25:46.164Z,17.187,0.3199068071728716,0.21864153867656483,0.1976069697215184,0.9004482205030351
1631042746178,2021-09-07T19:25:46.179Z,17.202,0.32537347012872325,0.21499302940036719,0.20055144984911039,0.8987153154414725
1631042746193,2021-09-07T19:25:46.194Z,17.217,0.3305191622420717,0.20950485301503946,0.20358824278605323,0.8974500695599912
1631042746223,2021-09-07T19:25:46.224Z,17.247,0.3353313519134043,0.2032632239886042,0.2066065975391123,0.8964098727987094
1631042746238,2021-09-07T19:25:46.239Z,17.262,0.3401175244863695,0.1970276445519432,0.20952578526746002,0.895320681168279
1631042746253,2021-09-07T19:25:46.254Z,17.277,0.3452166810028247,0.1922593505367315,0.21191237222875067,0.8938427891888884
1631042746283,2021-09-07T19:25:46.284Z,17.307,0.35012645584215923,0.18754822580814204,0.21422725071224072,0.8923809797210503
1631042746298,2021-09-07T19:25:46.299Z,17.322,0.3544563816434483,0.18086270341573873,0.2170862656771943,0.8913601456648796
1631042746313,2021-09-07T19:25:46.314Z,17.337,0.3586954041461545,0.17401366771166718,0.21996126241360028,0.8903223537187954
1631042746343,2021-09-07T19:25:46.344Z,17.367,0.36324606273322335,0.16917376652233623,0.22226216466566134,0.8888374794008135
1631042746358,2021-09-07T19:25:46.359Z,17.382,0.36805754468972085,0.16530339226266477,0.22403302526384966,0.8871401444498818
1631042746373,2021-09-07T19:25:46.374Z,17.397,0.3726136658427684,0.16079716272253813,0.22537383279956993,0.8857256708354042
1631042746404,2021-09-07T19:25:46.404Z,17.428,0.3770135646551241,0.15479709230401864,0.22686599227817975,0.8845509899536005
1631042746418,2021-09-07T19:25:46.419Z,17.442,0.38140547415780723,0.14775301570382798,0.2286993869607385,0.8833999666270456
1631042746433,2021-09-07T19:25:46.434Z,17.457,0.38637139184611546,0.14237941356157235,0.23027456576504232,0.8817136011871879
1631042746463,2021-09-07T19:25:46.464Z,17.487,0.3920145615842699,0.14008577114407764,0.2304740688330281,0.8795352544522649
1631042746478,2021-09-07T19:25:46.479Z,17.502,0.3967893911948223,0.13762666951945365,0.23020353538704766,0.8778515883493803
1631042746493,2021-09-07T19:25:46.494Z,17.517,0.4005027178375903,0.13166716902048928,0.2307250983071569,0.8769419927326928
1631042746508,2021-09-07T19:25:46.509Z,17.532,0.40400703189304293,0.12436300955719061,0.23200758621618525,0.8760620069224503
1631042746538,2021-09-07T19:25:46.539Z,17.562,0.40783748017568433,0.11851456757555118,0.23338946692602885,0.8747298118643908
1631042746553,2021-09-07T19:25:46.553Z,17.577,0.4117032750690042,0.11417653864118991,0.23388468655998276,0.8733625162062495
1631042746568,2021-09-07T19:25:46.569Z,17.592,0.41541785391702596,0.1107758447990562,0.23368080366023414,0.8720951787831047
1631042746598,2021-09-07T19:25:46.599Z,17.622,0.4190164105882682,0.10821348908995733,0.23333537007632427,0.8707868243766933
1631042746613,2021-09-07T19:25:46.614Z,17.637,0.4229474631975012,0.10668633798119524,0.2328467351594964,0.8692041570244151
1631042746629,2021-09-07T19:25:46.629Z,17.653,0.4262821340938879,0.10386790230065032,0.23288266305466374,0.8679059086517336
1631042746658,2021-09-07T19:25:46.658Z,17.682,0.4287216419921828,0.1000471798402476,0.23338204919408617,0.8670185318708643
1631042746688,2021-09-07T19:25:46.689Z,17.712,0.4308483402751235,0.09726662487133715,0.23378059684486668,0.8661729295626642
1631042746689,2021-09-07T19:25:46.689Z,17.713,0.43312712703538697,0.0959661510736247,0.23415118023240356,0.8650806982414754
1631042746718,2021-09-07T19:25:46.719Z,17.742,0.43503168945338255,0.09420872635608325,0.23474359900868835,0.8641571545582138
1631042746733,2021-09-07T19:25:46.734Z,17.757,0.43592554674353157,0.09111368850113435,0.2359302795281538,0.8637152983858967
1631042746763,2021-09-07T19:25:46.764Z,17.787,0.4365028640212265,0.08770695729087503,0.23772075367345014,0.8632853425241099
1631042746778,2021-09-07T19:25:46.779Z,17.802,0.4379008394409189,0.08619273418615754,0.23909427127571903,0.8623500430994284
1631042746808,2021-09-07T19:25:46.809Z,17.832,0.4399812987470383,0.08624738203658833,0.23952546018217374,0.8611651408233048
1631042746809,2021-09-07T19:25:46.809Z,17.833,0.44207333203621263,0.08584441734342409,0.23978113414957453,0.8600621563697082
1631042746823,2021-09-07T19:25:46.824Z,17.847,0.44438550607192756,0.08484597643703995,0.2399025300864235,0.8589350722457284
1631042746854,2021-09-07T19:25:46.854Z,17.878,0.44704459155312287,0.08366402432835914,0.23968646486729442,0.8577306469724072
1631042746868,2021-09-07T19:25:46.869Z,17.892,0.4495110548569332,0.0822842947422566,0.23948586183094617,0.8566303919329885
1631042746898,2021-09-07T19:25:46.899Z,17.922,0.45158095353288313,0.08095602158657134,0.23930459352768144,0.8557184563229648
1631042746913,2021-09-07T19:25:46.914Z,17.937,0.4533550439198986,0.07968465980236097,0.2391396759850697,0.8549454804338841
1631042746928,2021-09-07T19:25:46.929Z,17.952,0.45493340826470474,0.07866709507442589,0.23878599952890533,0.8542999055520211
1631042746943,2021-09-07T19:25:46.944Z,17.967,0.4561159655238938,0.07703586742918743,0.2388479285888209,0.853800543530202
1631042746973,2021-09-07T19:25:46.974Z,17.997,0.45690100485763546,0.0748329196679058,0.2394724299298851,0.8534016997859425
1631042746988,2021-09-07T19:25:46.989Z,18.012,0.45752250771377473,0.07275913595828572,0.24022884469051026,0.8530353833508698
1631042747003,2021-09-07T19:25:47.004Z,18.027,0.4579127651362965,0.0709094141288051,0.24092474249548396,0.8527854495514245
1631042747048,2021-09-07T19:25:47.049Z,18.072,0.45819611080874195,0.06902424058971199,0.24164724813211635,0.8525834772741797
1631042747049,2021-09-07T19:25:47.049Z,18.073,0.45843534035415817,0.06688427377588946,0.24236466706347262,0.8524217857346509
1631042747079,2021-09-07T19:25:47.079Z,18.103,0.45878655080372127,0.06501918759742158,0.2431093184428366,0.8521650458285972
1631042747094,2021-09-07T19:25:47.094Z,18.118,0.4594307496279797,0.06380851917417396,0.2436898782645704,0.8517435661092314
1631042747108,2021-09-07T19:25:47.109Z,18.132,0.46019090906650817,0.06317620210661064,0.24382455049484203,0.8513416959575714
1631042747123,2021-09-07T19:25:47.124Z,18.147,0.46095815019108244,0.06244705206718207,0.2437889859076037,0.8509905286257163
1631042747138,2021-09-07T19:25:47.139Z,18.162,0.4619809371359914,0.06132060265816713,0.2441289117490858,0.8504201737146159
1631042747168,2021-09-07T19:25:47.169Z,18.192,0.46311451877314613,0.060791964120242875,0.24411595774041828,0.8498450910468324
1631042747183,2021-09-07T19:25:47.184Z,18.207,0.4644051758550311,0.0599060948575932,0.244243590357336,0.849166745113896
1631042747198,2021-09-07T19:25:47.199Z,18.222,0.4655869766186911,0.05834340508431458,0.2444722589028061,0.8485623895231237
1631042747228,2021-09-07T19:25:47.229Z,18.252,0.4663104402602744,0.057874455921375245,0.24441414934866146,0.8482139142069318
1631042747243,2021-09-07T19:25:47.244Z,18.267,0.46677880602660476,0.05782524384388579,0.24426914362259944,0.8480013991100807
1631042747258,2021-09-07T19:25:47.259Z,18.282,0.466906655740361,0.05741601674402752,0.24420450051673748,0.8479774394251137
1631042747288,2021-09-07T19:25:47.289Z,18.312,0.4668776481446616,0.05664661261540695,0.24460724459884872,0.8479290765340393
1631042747318,2021-09-07T19:25:47.319Z,18.342,0.4670400256568764,0.05656078367608713,0.24497662217253674,0.8477387255359432
1631042747319,2021-09-07T19:25:47.319Z,18.343,0.4670736589672291,0.05663833886003021,0.2451437614135296,0.8476666985968998
1631042747348,2021-09-07T19:25:47.349Z,18.372,0.46687408535361685,0.05648331998888569,0.24524236823461865,0.8477584584130863
1631042747363,2021-09-07T19:25:47.364Z,18.387,0.46656711012698593,0.055924103986393074,0.2455626933228664,0.8478718004445555
1631042747378,2021-09-07T19:25:47.379Z,18.402,0.4663031662995864,0.05525837798029975,0.24601417599080397,0.8479297694818436
1631042747408,2021-09-07T19:25:47.409Z,18.432,0.4663132762564425,0.05548787922110747,0.24621540411549422,0.8478508114183594
1631042747423,2021-09-07T19:25:47.424Z,18.447,0.4663240184730197,0.05615032295499652,0.24619012474338808,0.847808630238015
1631042747453,2021-09-07T19:25:47.454Z,18.477,0.4661529401823272,0.056400694432426006,0.24620263487749094,0.8478824568336656
1631042747454,2021-09-07T19:25:47.454Z,18.478,0.46567099989304617,0.05606805511090483,0.2464570080630006,0.8480954169380504
1631042747483,2021-09-07T19:25:47.484Z,18.507,0.46514794050550934,0.0556667744547139,0.2466859202875487,0.8483423014309591
1631042747498,2021-09-07T19:25:47.499Z,18.522,0.46493513952192395,0.055717712275266056,0.24686244958512576,0.8484042571565581
1631042747513,2021-09-07T19:25:47.513Z,18.537,0.46485101944686374,0.05630988972100261,0.24681347485396152,0.8484255033114769
1631042747544,2021-09-07T19:25:47.544Z,18.568,0.4645757095076825,0.056700676962274654,0.24663265042123853,0.8486028394447241
1631042747560,2021-09-07T19:25:47.560Z,18.584,0.4642138739576137,0.05680583361134622,0.24660846473792217,0.8488008256432068
1631042747573,2021-09-07T19:25:47.574Z,18.597,0.4640242063314948,0.057319524442784535,0.24650659646942197,0.8488995853180404
1631042747603,2021-09-07T19:25:47.604Z,18.627,0.4638875083859767,0.05811659191999046,0.24609671214175255,0.8490390153462177
1631042747619,2021-09-07T19:25:47.619Z,18.643,0.46361309700453257,0.0586613756685999,0.2457261545355791,0.8492587334067812
1631042747633,2021-09-07T19:25:47.634Z,18.657,0.46347888111084873,0.05905314390080105,0.24558977239594512,0.8493442862904153
1631042747663,2021-09-07T19:25:47.664Z,18.687,0.46350906358001626,0.059726015982739494,0.2454455244122773,0.8493224626371236
1631042747679,2021-09-07T19:25:47.679Z,18.703,0.46332618994940317,0.06047092802975036,0.24518403622992338,0.8494450523419357
1631042747693,2021-09-07T19:25:47.694Z,18.717,0.4628446796825704,0.06093402709283393,0.24493295476277038,0.849746841419824
1631042747723,2021-09-07T19:25:47.724Z,18.747,0.46255645078060753,0.06125068676349232,0.24489601002964034,0.8498916563208574
1631042747738,2021-09-07T19:25:47.739Z,18.762,0.46264672806854157,0.06164441328000379,0.24502373021068097,0.8497772313685985
1631042747753,2021-09-07T19:25:47.753Z,18.777,0.46287520023218937,0.061882996525936415,0.24496237035702553,0.8496531532690554
1631042747798,2021-09-07T19:25:47.799Z,18.822,0.4628028216987435,0.0618162783445226,0.24493583824456389,0.8497050847810353
1631042747799,2021-09-07T19:25:47.799Z,18.823,0.4626653044270232,0.06151759797355885,0.24503099123121452,0.8497742138681673
1631042747813,2021-09-07T19:25:47.813Z,18.837,0.4627690963172795,0.06155132919988522,0.24510912783578215,0.8496927167035138
1631042747828,2021-09-07T19:25:47.829Z,18.852,0.4630748872168601,0.06191803068319781,0.24514548187100335,0.8494889634501676
1631042747873,2021-09-07T19:25:47.873Z,18.897,0.46319274916069575,0.06209260812389853,0.24512220295538853,0.849418678132066
1631042747874,2021-09-07T19:25:47.874Z,18.898,0.463187017855089,0.062092625509018035,0.24520990628580355,0.8493964882239707
1631042747888,2021-09-07T19:25:47.889Z,18.912,0.4632335523565292,0.06207206738525328,0.24527906949663822,0.8493526431868773
1631042747918,2021-09-07T19:25:47.919Z,18.942,0.4634014199936409,0.06195661573342538,0.24534929398670735,0.8492492129257243
1631042747933,2021-09-07T19:25:47.934Z,18.957,0.4633877875579376,0.061358865379068456,0.24557085346694418,0.8492360119007377
1631042747964,2021-09-07T19:25:47.964Z,18.988,0.463130269933009,0.060330771490608066,0.24588711796495155,0.8493586264364519
1631042747979,2021-09-07T19:25:47.979Z,19.003,0.46279707220979605,0.05929575445687208,0.24633718851378114,0.8494827090721488
1631042747993,2021-09-07T19:25:47.994Z,19.017,0.4622652846073879,0.05791523701866175,0.24692437145566648,0.8496969970225545
1631042748008,2021-09-07T19:25:48.009Z,19.032,0.4617107557947371,0.05670744238872378,0.24759061888617523,0.8498860684825601
1631042748038,2021-09-07T19:25:48.039Z,19.062,0.46145459183201004,0.05634640437471113,0.24801159839377745,0.8499264612031785
1631042748053,2021-09-07T19:25:48.054Z,19.077,0.4612590762732345,0.05623811968260303,0.2482980986368713,0.8499561121984135
1631042748068,2021-09-07T19:25:48.069Z,19.092,0.46098145888043646,0.056029222960927674,0.24866928184730244,0.850012005214283
1631042748098,2021-09-07T19:25:48.099Z,19.122,0.46070067570111417,0.056000674177253615,0.24902150711786133,0.8500629981907099
1631042748113,2021-09-07T19:25:48.114Z,19.137,0.4604250903039937,0.05602687001244371,0.24941656488609665,0.8500947613152239
1631042748129,2021-09-07T19:25:48.129Z,19.153,0.4602983418068937,0.05629906960789835,0.24966811179851678,0.8500715765405124
1631042748143,2021-09-07T19:25:48.144Z,19.167,0.46033878847774645,0.05666557916036083,0.2498423239381359,0.8499741320360599
1631042748173,2021-09-07T19:25:48.174Z,19.197,0.4603928593502775,0.05705298440404827,0.24992252839837226,0.8498953475745306
1631042748188,2021-09-07T19:25:48.189Z,19.212,0.46045537257356917,0.05751396152539776,0.2500298834446275,0.8497988300077004
1631042748203,2021-09-07T19:25:48.204Z,19.227,0.460516249557918,0.05799098750433494,0.25015299185954726,0.8496971871938253
1631042748233,2021-09-07T19:25:48.234Z,19.257,0.46048994674853716,0.05833743363443416,0.25026186660684274,0.8496556660806401
1631042748249,2021-09-07T19:25:48.249Z,19.273,0.4603151264961677,0.0585244208720349,0.25021764005194,0.8497505569796632
1631042748264,2021-09-07T19:25:48.264Z,19.288,0.4601076830381318,0.05860402786553065,0.2502387594015902,0.8498511935747171
1631042748308,2021-09-07T19:25:48.309Z,19.332,0.4601662331361323,0.058943799111147284,0.25027648552107173,0.8497848829102975
1631042748309,2021-09-07T19:25:48.309Z,19.333,0.4602463095001164,0.05934291884108497,0.25027655737368854,0.8497137149676461
1631042748323,2021-09-07T19:25:48.324Z,19.347,0.4601292315457463,0.059273235428721344,0.2503485519279185,0.8497607759755251
1631042748357,2021-09-07T19:25:48.357Z,19.381,0.45971204954364553,0.0588080722805714,0.250633145562068,0.8499349789746784
1631042748368,2021-09-07T19:25:48.369Z,19.392,0.45924695872021565,0.058242216075937214,0.2510182073743665,0.8501117189754274
1631042748384,2021-09-07T19:25:48.384Z,19.408,0.4590049833949069,0.05820170607502543,0.2513471327850371,0.850147990334235
1631042748428,2021-09-07T19:25:48.429Z,19.452,0.4588700213492469,0.05870227860853118,0.25134056689362005,0.8501883705548446
1631042748429,2021-09-07T19:25:48.429Z,19.453,0.4585868507774378,0.05889375240110889,0.25126545479113876,0.8503501028698421
1631042748443,2021-09-07T19:25:48.444Z,19.467,0.4582307278335408,0.05872644043547529,0.25138108245869706,0.8505194628254051
1631042748474,2021-09-07T19:25:48.474Z,19.498,0.45799072795721735,0.05878065426221912,0.25160541701301053,0.8505786512248192
1631042748488,2021-09-07T19:25:48.488Z,19.512,0.45773327770945355,0.05884389250207789,0.2516382791932608,0.8507031322601433
1631042748518,2021-09-07T19:25:48.518Z,19.542,0.45716634098779146,0.05861574010755577,0.2515758423809681,0.8510421418530251
1631042748519,2021-09-07T19:25:48.519Z,19.543,0.45650865634763726,0.058258599265854534,0.2517085914700196,0.8513803892922565
1631042748563,2021-09-07T19:25:48.564Z,19.587,0.45613273512535685,0.05826967522615024,0.2517777655644964,0.8515606435618367
1631042748564,2021-09-07T19:25:48.564Z,19.588,0.45582387883563164,0.05866935982051577,0.2517343220497701,0.8517114116903874
1631042748578,2021-09-07T19:25:48.579Z,19.602,0.4554242875650598,0.059134480727547366,0.25154471871880885,0.8519489925867726
1631042748609,2021-09-07T19:25:48.609Z,19.633,0.4549073002458103,0.059687990978352846,0.25120341896953435,0.8522872369184307
1631042748623,2021-09-07T19:25:48.624Z,19.647,0.4545381162240523,0.06007221836647452,0.25091890014321955,0.8525409873026266
1631042748638,2021-09-07T19:25:48.639Z,19.662,0.4541429147984987,0.06081095531971769,0.25057800869051755,0.8527994501710948
1631042748668,2021-09-07T19:25:48.669Z,19.692,0.4533816248027814,0.06118845899211625,0.2502250654855416,0.8532810154809003
1631042748683,2021-09-07T19:25:48.684Z,19.707,0.45230776223749486,0.061024800148318,0.2499577858514428,0.8539407282000384
1631042748698,2021-09-07T19:25:48.699Z,19.722,0.4512672313499595,0.06101297437327928,0.24989614767098925,0.8545099287001099
1631042748729,2021-09-07T19:25:48.729Z,19.753,0.45045434489713915,0.06218815876730043,0.24991944074703978,0.8548472315034477
1631042748743,2021-09-07T19:25:48.744Z,19.767,0.4489330539472913,0.063372786018429,0.2495508149529507,0.8556678057646782
1631042748758,2021-09-07T19:25:48.759Z,19.782,0.4464922144689365,0.0630379868036146,0.24973657318844356,0.856914557380411
1631042748773,2021-09-07T19:25:48.774Z,19.797,0.4440929852775196,0.06314556248166667,0.25015419513727327,0.8580308485255049
1631042748818,2021-09-07T19:25:48.819Z,19.842,0.44223120652933584,0.06480981386736305,0.25032457621196824,0.8588182895947106
1631042748819,2021-09-07T19:25:48.819Z,19.843,0.44052542177648113,0.06712486735358593,0.24996173904792335,0.8596224368660667
1631042748833,2021-09-07T19:25:48.834Z,19.857,0.43794302846972283,0.0685430791676638,0.2496938206023892,0.8609069322905727
1631042748863,2021-09-07T19:25:48.864Z,19.887,0.43497418329107596,0.06941159381037545,0.24975110221153488,0.8623246937546717
1631042748878,2021-09-07T19:25:48.879Z,19.902,0.43205766829049147,0.07132452301452999,0.24967059123619018,0.8636570960513812
1631042748893,2021-09-07T19:25:48.894Z,19.917,0.4292562229375124,0.0744757243672991,0.24913140926657107,0.8649427740990956
1631042748923,2021-09-07T19:25:48.924Z,19.947,0.42681020166301137,0.07961936233104254,0.24758660600730625,0.8661377958640074
1631042748938,2021-09-07T19:25:48.939Z,19.962,0.42421248510946663,0.08526032409121698,0.2460821268376551,0.867305039455074
1631042748953,2021-09-07T19:25:48.954Z,19.977,0.4212614527437174,0.08940042297470056,0.24526230837350363,0.8685578581162557
1631042748983,2021-09-07T19:25:48.984Z,20.007,0.4182665448678061,0.0926400519842748,0.24492881291259794,0.8697590441138995
1631042748999,2021-09-07T19:25:48.999Z,20.023,0.4154105209239664,0.09658046864774851,0.24387683108057975,0.8709939169957244
1631042749013,2021-09-07T19:25:49.014Z,20.037,0.41224735103492444,0.10045853025921253,0.2424889926954917,0.8724444358722064
1631042749043,2021-09-07T19:25:49.044Z,20.067,0.40880836038265955,0.1031954611293524,0.24189329728368544,0.8739073486433035
1631042749058,2021-09-07T19:25:49.059Z,20.082,0.4054184011972477,0.10551083968340133,0.2420475215969973,0.8751664870004576
1631042749073,2021-09-07T19:25:49.074Z,20.097,0.4022338602347844,0.10854970431630774,0.24185320217726483,0.8763172439077467
1631042749105,2021-09-07T19:25:49.105Z,20.129,0.3990324398040103,0.11270581915790036,0.24128174854415257,0.8774130316626724
1631042749118,2021-09-07T19:25:49.119Z,20.142,0.39613129293855165,0.11747701191198917,0.2406255103094727,0.8782815688692139
1631042749134,2021-09-07T19:25:49.134Z,20.158,0.3935822533505446,0.12346837628902721,0.2398009441337166,0.87883108564538
1631042749149,2021-09-07T19:25:49.149Z,20.173,0.39110372475458566,0.12991373574783052,0.23888092356837362,0.8792588936725365
1631042749178,2021-09-07T19:25:49.179Z,20.202,0.3886920777776652,0.13549534865040208,0.23831522268742747,0.879639320291237
1631042749194,2021-09-07T19:25:49.194Z,20.218,0.38628140315280185,0.140589208223831,0.23796211320683142,0.8799973777162283
1631042749209,2021-09-07T19:25:49.209Z,20.233,0.38390813120714407,0.1454758378021903,0.23782469854393404,0.8802787854829152
1631042749238,2021-09-07T19:25:49.239Z,20.262,0.38138213516751923,0.15133690740021533,0.2373047009268144,0.8805289809833848
1631042749253,2021-09-07T19:25:49.254Z,20.277,0.3781883370757396,0.15758625963818354,0.23602699935123678,0.8811534531796292
1631042749269,2021-09-07T19:25:49.269Z,20.293,0.37442378990523495,0.16176002496955147,0.23529672251698952,0.8821995081882631
1631042749298,2021-09-07T19:25:49.299Z,20.322,0.3706907426142842,0.1648955536068411,0.2350277960420683,0.8832665310246799
1631042749313,2021-09-07T19:25:49.314Z,20.337,0.3674703272084933,0.16857847716753688,0.23446527325652172,0.88406611251303
1631042749329,2021-09-07T19:25:49.329Z,20.353,0.3647885409189746,0.17390388663285283,0.2329240943664929,0.8845524997939596
1631042749358,2021-09-07T19:25:49.359Z,20.382,0.36209061493795996,0.18043042595768902,0.23074625274429578,0.8849245249212174
1631042749373,2021-09-07T19:25:49.374Z,20.397,0.35890348819418944,0.18615042682844488,0.22882235949726015,0.8855374822940798
1631042749389,2021-09-07T19:25:49.389Z,20.413,0.3552258494386942,0.1901459035588392,0.22756773978232683,0.8864942498745911
1631042749418,2021-09-07T19:25:49.418Z,20.442,0.351523781347371,0.19354967473661852,0.22652893908202293,0.8874988418668319
1631042749433,2021-09-07T19:25:49.434Z,20.457,0.3481262706086341,0.19792035687239729,0.22505973808449972,0.8882475704109544
1631042749448,2021-09-07T19:25:49.449Z,20.472,0.3444523640290193,0.20386602735998074,0.22292309331095753,0.8888737290931449
1631042749463,2021-09-07T19:25:49.464Z,20.487,0.34005629711758006,0.20960204115536105,0.2209051827672677,0.8897356907310995
1631042749493,2021-09-07T19:25:49.494Z,20.517,0.3352844795341292,0.21467906332212414,0.2193899757205717,0.8907105344094627
1631042749508,2021-09-07T19:25:49.509Z,20.532,0.3311890451874476,0.22152575937011607,0.21733938270608252,0.8910688789359997
1631042749523,2021-09-07T19:25:49.524Z,20.547,0.3276536100901783,0.23112239969787418,0.2139858113491722,0.8907500326657338
1631042749553,2021-09-07T19:25:49.554Z,20.577,0.32365697344522465,0.2400017360116406,0.21037788508580899,0.8907224459496338
1631042749568,2021-09-07T19:25:49.569Z,20.592,0.3198179557490206,0.25105994585507735,0.20621835894439525,0.8900333517357895
1631042749583,2021-09-07T19:25:49.584Z,20.607,0.31631615046239436,0.2624137640561649,0.20240722141234593,0.8888838091171766
1631042749614,2021-09-07T19:25:49.614Z,20.638,0.31254479756012604,0.27122840690530164,0.1997030556236259,0.888183308996684
1631042749629,2021-09-07T19:25:49.629Z,20.653,0.30921826657656426,0.2798284372860925,0.1972253677460171,0.8872329252337611
1631042749643,2021-09-07T19:25:49.644Z,20.667,0.3059614250836951,0.28700914510976183,0.19452848713291304,0.8866634224314761
1631042749673,2021-09-07T19:25:49.674Z,20.697,0.30267088852975654,0.2919321583660885,0.19225672899617052,0.8866810578240735
1631042749688,2021-09-07T19:25:49.689Z,20.712,0.2996343716104488,0.2962396784245778,0.1902968911350036,0.8867064844134538
1631042749703,2021-09-07T19:25:49.704Z,20.727,0.2966838596310102,0.3008192002466589,0.18815336375070515,0.8866142384976132
1631042749733,2021-09-07T19:25:49.733Z,20.757,0.2935706567329259,0.3050945300938391,0.18603752269288604,0.8866361358316679
1631042749749,2021-09-07T19:25:49.749Z,20.773,0.29033327219557764,0.30769097928908545,0.18429641499812693,0.887168351407539
1631042749763,2021-09-07T19:25:49.764Z,20.787,0.2869716300645845,0.3077424183585675,0.18299889653705317,0.8885118408592632
1631042749778,2021-09-07T19:25:49.779Z,20.802,0.28354378023321386,0.3077314630030582,0.18174107894125385,0.8898732783909882
1631042749809,2021-09-07T19:25:49.809Z,20.833,0.28024445753989385,0.31067465717755255,0.18003549818797615,0.8902423944061459
1631042749823,2021-09-07T19:25:49.824Z,20.847,0.27704941839547104,0.31535127318633527,0.17810600747316013,0.889986204594464
1631042749838,2021-09-07T19:25:49.839Z,20.862,0.27375129798644676,0.31936283008402494,0.17644118374186102,0.8899079268616661
1631042749868,2021-09-07T19:25:49.869Z,20.892,0.27055087625732144,0.32255238223244476,0.17486193737446673,0.8900480250695568
1631042749883,2021-09-07T19:25:49.884Z,20.907,0.2675766335533165,0.3248787804184129,0.17322075280837315,0.8904218629428521
1631042749899,2021-09-07T19:25:49.899Z,20.923,0.2644180116780753,0.32574713936623206,0.1715821661015439,0.8913649513924315
1631042749929,2021-09-07T19:25:49.929Z,20.953,0.260973547482401,0.3256799933517536,0.17014666198548387,0.8926788128213025
1631042749943,2021-09-07T19:25:49.944Z,20.967,0.2574180129523376,0.324343957486451,0.16888115222898648,0.8944362024602466
1631042749958,2021-09-07T19:25:49.959Z,20.982,0.25430947460291803,0.32206773654214704,0.16780488138994631,0.8963484735232788
1631042749989,2021-09-07T19:25:49.989Z,21.013,0.2516812058705248,0.3216412032396807,0.1665818822129792,0.8974708817050668
1631042750003,2021-09-07T19:25:50.004Z,21.027,0.2490666740275057,0.32201955790199543,0.1649252230972878,0.8983701169361041
1631042750019,2021-09-07T19:25:50.019Z,21.043,0.2464879692325166,0.3213293177617311,0.1632665356736093,0.8996305846843738
1631042750049,2021-09-07T19:25:50.049Z,21.073,0.24371509018723303,0.3198580412983565,0.16177268170125159,0.9011788877281764
1631042750063,2021-09-07T19:25:50.064Z,21.087,0.24118483872229884,0.320132117236509,0.16026403545248932,0.9020314517934793
1631042750078,2021-09-07T19:25:50.079Z,21.102,0.2387187509068992,0.32241014026214093,0.1585669089175657,0.9021760331653269
1631042750109,2021-09-07T19:25:50.109Z,21.133,0.2362641218405588,0.3257852961366567,0.15661116755006035,0.9019513000992169
1631042750123,2021-09-07T19:25:50.124Z,21.147,0.23378644412959515,0.32860504033576293,0.1547923602606913,0.9018879926088915
1631042750138,2021-09-07T19:25:50.139Z,21.162,0.23132021695295896,0.3302437360789007,0.15304173509378222,0.902224062707801
1631042750154,2021-09-07T19:25:50.154Z,21.178,0.2289612014962183,0.3317402927869334,0.1512820882728398,0.9025734740833328
1631042750183,2021-09-07T19:25:50.184Z,21.207,0.22657791102013802,0.3345358419269084,0.14922224197226233,0.9024859795059293
1631042750199,2021-09-07T19:25:50.199Z,21.223,0.22421614863579625,0.3384875885844057,0.1470688532678363,0.9019556660189725
1631042750213,2021-09-07T19:25:50.214Z,21.237,0.2218865385889858,0.34184299847152716,0.14475799651355745,0.9016400894117204
1631042750243,2021-09-07T19:25:50.244Z,21.267,0.21952759971192085,0.34473216143617785,0.14246216255171829,0.9014831679390088
1631042750258,2021-09-07T19:25:50.259Z,21.282,0.21735427095371812,0.3483778825134505,0.1398832168913095,0.901012018513494
1631042750274,2021-09-07T19:25:50.274Z,21.298,0.21509195129593336,0.3525760351404929,0.13711142071699026,0.9003477385106747
1631042750318,2021-09-07T19:25:50.319Z,21.342,0.2132026585291406,0.35708808952715737,0.13462829243605678,0.8993930984779143
1631042750319,2021-09-07T19:25:50.319Z,21.343,0.21153996539024605,0.3617215352227147,0.13222359836104622,0.8982902059108028
1631042750333,2021-09-07T19:25:50.334Z,21.357,0.20995452798136707,0.36606832986656995,0.12989845746990447,0.897239914847618
1631042750363,2021-09-07T19:25:50.364Z,21.387,0.20825370366973509,0.3695618371966314,0.12771267711087383,0.896517660451183
1631042750378,2021-09-07T19:25:50.379Z,21.402,0.20638972705200875,0.37263158296633,0.12580929808948207,0.8959469875264029
1631042750393,2021-09-07T19:25:50.394Z,21.417,0.20458860417001293,0.375653381004933,0.1240849552557038,0.8953384635223255
1631042750424,2021-09-07T19:25:50.424Z,21.448,0.20293293188759604,0.3793406354805189,0.12241664103819477,0.894389777124977
1631042750438,2021-09-07T19:25:50.439Z,21.462,0.2014007509813908,0.3834015899261297,0.12068792974658385,0.8932387037963208
1631042750453,2021-09-07T19:25:50.454Z,21.477,0.20006309969473896,0.3872778227848467,0.11908356267818306,0.8920816942519519
1631042750469,2021-09-07T19:25:50.469Z,21.493,0.19878899131649905,0.3916387963979524,0.11736653471749761,0.8906891077226319
1631042750498,2021-09-07T19:25:50.499Z,21.522,0.19711373648812786,0.39531689686574467,0.11520133855532218,0.889718706971585
1631042750528,2021-09-07T19:25:50.529Z,21.552,0.19471888153129005,0.3972363155392476,0.1130543718417604,0.8896665531531867
1631042750529,2021-09-07T19:25:50.529Z,21.553,0.1922122106826439,0.3989644679380687,0.11099916787626228,0.8896971417949829
1631042750558,2021-09-07T19:25:50.559Z,21.582,0.1902654826366539,0.401784760367747,0.1091619466012253,0.8890735188202965
1631042750573,2021-09-07T19:25:50.574Z,21.597,0.18892526512731123,0.40548658126605236,0.10707753087124935,0.8879314607514821
1631042750589,2021-09-07T19:25:50.589Z,21.613,0.18774578955412252,0.409147013040935,0.1047791065126553,0.8867759463713424
1631042750618,2021-09-07T19:25:50.619Z,21.642,0.18706505787313962,0.4130081379088259,0.10296097755713184,0.885341730206186
1631042750634,2021-09-07T19:25:50.635Z,21.658,0.18674138380247257,0.41685924362324395,0.10121698781544815,0.8838049264170018
1631042750664,2021-09-07T19:25:50.664Z,21.688,0.18626009919010506,0.4203162676756294,0.09962773801248172,0.8824487092151233
1631042750679,2021-09-07T19:25:50.679Z,21.703,0.18593693741615058,0.4235899369545261,0.09856302056081127,0.8810700037982749
1631042750693,2021-09-07T19:25:50.694Z,21.717,0.185878297009465,0.42676306542927295,0.09808365493142922,0.8796034000170553
1631042750708,2021-09-07T19:25:50.709Z,21.732,0.18598766947474762,0.4294939115622244,0.09751715680201749,0.8783131394118971
1631042750738,2021-09-07T19:25:50.738Z,21.762,0.1856463797028656,0.43143235899393223,0.09707557914583645,0.8774838307625109
1631042750753,2021-09-07T19:25:50.754Z,21.777,0.18545836632593687,0.4329135566338334,0.09696922706152736,0.8768055747116626
1631042750769,2021-09-07T19:25:50.769Z,21.793,0.18538744296824256,0.4340934349834418,0.09712609412518919,0.8762196685386364
1631042750783,2021-09-07T19:25:50.784Z,21.807,0.18534847570575128,0.4355778273125417,0.09722133451335195,0.8754803887139239
1631042750828,2021-09-07T19:25:50.828Z,21.852,0.18525719728826553,0.43612522089724537,0.09727174833967289,0.8752215545364321
1631042750829,2021-09-07T19:25:50.829Z,21.853,0.1853161245098111,0.435874090366066,0.09767746608622864,0.8752889945401989
1631042750843,2021-09-07T19:25:50.844Z,21.867,0.1855962473948173,0.4356369191947886,0.09817417222392823,0.8752921452267133
1631042750873,2021-09-07T19:25:50.874Z,21.897,0.18583459489928342,0.43581377421253564,0.09852159462199751,0.8751144799044196
1631042750889,2021-09-07T19:25:50.889Z,21.913,0.1861562483770388,0.4360524190865581,0.09872181949005397,0.8749046470076156
1631042750903,2021-09-07T19:25:50.904Z,21.927,0.18658478510836424,0.43523285178390886,0.09905111065564827,0.8751841864270595
1631042750933,2021-09-07T19:25:50.934Z,21.957,0.1870089880959396,0.4342195352748488,0.099442994568284,0.8755524680956129
1631042750948,2021-09-07T19:25:50.949Z,21.972,0.1874639693718998,0.43427985994554663,0.09963870068702549,0.8754029887762602
1631042750964,2021-09-07T19:25:50.964Z,21.988,0.18786147719950158,0.4347244864135871,0.0997050127586555,0.875089479269212
1631042750993,2021-09-07T19:25:50.994Z,22.017,0.18831793779954042,0.4350456850947379,0.09983184091085355,0.8748172436136183
1631042751009,2021-09-07T19:25:51.009Z,22.033,0.18886675431529135,0.43511356054288935,0.10006965211876155,0.8746379841231038
1631042751023,2021-09-07T19:25:51.024Z,22.047,0.1892735881730552,0.4355167615671063,0.09998042520153476,0.8743595220449752
1631042751053,2021-09-07T19:25:51.054Z,22.077,0.18966179424734175,0.43595369574929504,0.09984671015706914,0.8740728879425447
1631042751068,2021-09-07T19:25:51.069Z,22.092,0.1902123893829901,0.43580836887753743,0.1001436139409314,0.8739917443136197
1631042751084,2021-09-07T19:25:51.084Z,22.108,0.1907867405099632,0.4354416275455261,0.10041648480371848,0.8740180422770184
1631042751098,2021-09-07T19:25:51.099Z,22.122,0.1911895205641299,0.43500418870441027,0.10065214715225557,0.8741207401210183
1631042751129,2021-09-07T19:25:51.129Z,22.153,0.1915319243874765,0.4345293595579443,0.1009411577739003,0.8742486146914145
1631042751144,2021-09-07T19:25:51.144Z,22.168,0.1918795814899229,0.4337848971743538,0.10130599722188285,0.8744998479802996
1631042751174,2021-09-07T19:25:51.174Z,22.198,0.19236053857317068,0.4333465732261641,0.10164906962097327,0.8745716879239638
1631042751189,2021-09-07T19:25:51.189Z,22.213,0.19270149141993673,0.433104044276864,0.10187355570966257,0.8745906474932296
1631042751203,2021-09-07T19:25:51.204Z,22.227,0.193024522165587,0.432939330774813,0.10213367173162727,0.8745706276851631
1631042751218,2021-09-07T19:25:51.219Z,22.242,0.19348995208965825,0.43233730990004815,0.1025844877430599,0.8747128167480032
1631042751248,2021-09-07T19:25:51.249Z,22.272,0.19384269512181332,0.4317637405287188,0.1029053484521404,0.8748803181992977
1631042751266,2021-09-07T19:25:51.266Z,22.29,0.1941033744838486,0.4314896715951914,0.10297173184714961,0.8749499218589915
1631042751278,2021-09-07T19:25:51.279Z,22.302,0.19437904136622558,0.43123998085896237,0.10300148003291933,0.8750083212731962
1631042751309,2021-09-07T19:25:51.309Z,22.333,0.1946151299216365,0.4308127259264774,0.10306204336271887,0.8751591635829927
1631042751323,2021-09-07T19:25:51.324Z,22.347,0.19477316980415854,0.4306704126268549,0.10302181627465201,0.8751987850675566
1631042751339,2021-09-07T19:25:51.339Z,22.363,0.19491203877178973,0.43089218600910845,0.10297585673873082,0.8750641085697899
1631042751369,2021-09-07T19:25:51.369Z,22.393,0.19504615300751915,0.43088110789488715,0.10304060428344716,0.8750320582270938
1631042751384,2021-09-07T19:25:51.384Z,22.408,0.19527222859850513,0.43069161098015785,0.1031198903925097,0.8750655867847429
1631042751399,2021-09-07T19:25:51.399Z,22.423,0.19538790668428857,0.4304894060896736,0.10303330035428006,0.8751494593406297
1631042751428,2021-09-07T19:25:51.429Z,22.452,0.1954180085604456,0.4305464213041863,0.1029484911981466,0.87512467065696
1631042751443,2021-09-07T19:25:51.444Z,22.467,0.19552365629796478,0.4307301493254343,0.10294608387081608,0.8750109382777038
1631042751459,2021-09-07T19:25:51.459Z,22.483,0.1957788515036566,0.43097312006793725,0.10299594166981471,0.8748283529255122
1631042751473,2021-09-07T19:25:51.474Z,22.497,0.19596074629061055,0.43115124044661474,0.10304167884756649,0.8746944644816539
1631042751503,2021-09-07T19:25:51.504Z,22.527,0.19607680925101817,0.43094029484132174,0.10315434537465915,0.8747591258091225
1631042751518,2021-09-07T19:25:51.519Z,22.542,0.19623293003529782,0.4305605594940508,0.10333183418816098,0.8748901495737865
1631042751533,2021-09-07T19:25:51.534Z,22.557,0.1963897558144519,0.4300276474118409,0.10355218825138555,0.8750909841730327
1631042751563,2021-09-07T19:25:51.564Z,22.587,0.19653783560741003,0.4298186291143175,0.10367830044856632,0.8751454937649741
1631042751579,2021-09-07T19:25:51.579Z,22.603,0.19668373908486939,0.4298241803684508,0.10375327064535474,0.8751011024907788
1631042751593,2021-09-07T19:25:51.594Z,22.617,0.19682109799222458,0.4298691520940912,0.10383378907126765,0.8750385772696799
1631042751623,2021-09-07T19:25:51.623Z,22.647,0.19692515268599636,0.4296225972556133,0.10387831368088528,0.8751309639783944
1631042751639,2021-09-07T19:25:51.639Z,22.663,0.19706670031396373,0.42927045631240507,0.10391762373582956,0.8752672268752009
1631042751653,2021-09-07T19:25:51.654Z,22.677,0.19725178499615245,0.4293302340386376,0.103983753698421,0.8751883582537798
1631042751684,2021-09-07T19:25:51.684Z,22.708,0.19743272093022307,0.4295585627704407,0.10406956521678117,0.8750253067496232
1631042751699,2021-09-07T19:25:51.699Z,22.723,0.19759061064683364,0.4294853345699121,0.10416587025131974,0.8750141538560202
1631042751714,2021-09-07T19:25:51.714Z,22.738,0.19772827479336563,0.4288865892226527,0.10425612998546029,0.8752659494648776
1631042751743,2021-09-07T19:25:51.744Z,22.767,0.19780076286136808,0.4283383350025401,0.10422821730799807,0.8755213348031613
1631042751758,2021-09-07T19:25:51.759Z,22.782,0.19779673781358362,0.42785088201826266,0.10421805340122874,0.8757617658996981
1631042751774,2021-09-07T19:25:51.774Z,22.798,0.19784856133575632,0.42730904253952035,0.10437096808872157,0.8759963641257611
1631042751788,2021-09-07T19:25:51.789Z,22.812,0.19784169226674758,0.426629013927393,0.10454187715315952,0.8763089325104837
1631042751818,2021-09-07T19:25:51.819Z,22.842,0.19775898531065397,0.4258800375971148,0.10470447527053746,0.8766724303658134
1631042751833,2021-09-07T19:25:51.834Z,22.857,0.19776596071362004,0.4253566550745377,0.10504279255086639,0.8768844578962132
1631042751848,2021-09-07T19:25:51.848Z,22.872,0.1978485855934114,0.4252384822167024,0.1053811665353819,0.876882534984227
1631042751878,2021-09-07T19:25:51.879Z,22.902,0.19784659692171117,0.4254058716637212,0.10551528178192672,0.8767856600965872
1631042751893,2021-09-07T19:25:51.894Z,22.917,0.1979680540811984,0.42544276219314664,0.10555979037389769,0.8767349863653144
1631042751909,2021-09-07T19:25:51.909Z,22.933,0.19801732180339576,0.4253853427463378,0.10559811855152226,0.8767471059551721
1631042751938,2021-09-07T19:25:51.939Z,22.962,0.1980175071609408,0.4253870853382675,0.10559941844219095,0.8767460620441081
1631042751953,2021-09-07T19:25:51.954Z,22.977,0.19801620261223196,0.42538858554462555,0.10559716352593695,0.876745900387707
1631042751969,2021-09-07T19:25:51.969Z,22.993,0.19801721566848893,0.42538852546165784,0.10559947308707891,0.8767454225647187
1631042751999,2021-09-07T19:25:51.999Z,23.023,0.1980204784577595,0.4253930542009586,0.10560927774943277,0.8767413073433825
1631042752013,2021-09-07T19:25:52.014Z,23.037,0.19802736579821342,0.425388113469334,0.10562258608815858,0.8767405457842536
1631042752029,2021-09-07T19:25:52.029Z,23.053,0.19804717187718587,0.425548604205228,0.1055869736130301,0.8766624744870011
1631042752058,2021-09-07T19:25:52.059Z,23.082,0.1980468954058358,0.42554793304235433,0.10558599368214512,0.8766629807637847
1631042752074,2021-09-07T19:25:52.074Z,23.098,0.19804615786534374,0.42554276359124804,0.1055817061554122,0.876666173087117
1631042752091,2021-09-07T19:25:52.091Z,23.115,0.1980501663440271,0.4256115772992207,0.10556059124417123,0.8766344041025049
1631042752103,2021-09-07T19:25:52.103Z,23.127,0.19805944572136686,0.4257789980558382,0.10551458920144663,0.876556542523505
1631042752133,2021-09-07T19:25:52.134Z,23.157,0.19818820486680847,0.4258301349914959,0.10556116182750892,0.8764969895546836
1631042752163,2021-09-07T19:25:52.164Z,23.187,0.19832679331305872,0.42579429920838624,0.10562725255004629,0.8764750888271311
1631042752164,2021-09-07T19:25:52.165Z,23.188,0.1984830573955323,0.4259293240878264,0.10571281267698625,0.8763637875020449
1631042752193,2021-09-07T19:25:52.194Z,23.217,0.19855719815031347,0.4261710645972076,0.10567915445070468,0.8762335185767341
1631042752208,2021-09-07T19:25:52.209Z,23.232,0.19855120347993438,0.4263186384352847,0.10563841281059928,0.876167999791257
1631042752223,2021-09-07T19:25:52.224Z,23.247,0.1986164906366635,0.426241816954318,0.10564410732695627,0.8761898913556059
1631042752253,2021-09-07T19:25:52.254Z,23.277,0.19864193165427624,0.4260291875390871,0.10571565777285367,0.8762789019798984
1631042752269,2021-09-07T19:25:52.269Z,23.293,0.19875873905702282,0.4260190785432521,0.10577111840466362,0.8762506370194817
1631042752283,2021-09-07T19:25:52.284Z,23.307,0.1988102351558465,0.42602968320939116,0.10580600824206353,0.8762295863765747
1631042752313,2021-09-07T19:25:52.314Z,23.337,0.19890371529597078,0.42587242529014807,0.10589399441077457,0.8762741873219121
1631042752328,2021-09-07T19:25:52.329Z,23.352,0.1990542800900752,0.42583759587266545,0.10596401729219229,0.876248459375827
1631042752343,2021-09-07T19:25:52.344Z,23.367,0.1992432154866315,0.42606767537304907,0.10597769797972932,0.876092006935157
1631042752373,2021-09-07T19:25:52.374Z,23.397,0.19945756347874993,0.4263237874420832,0.10600351194147374,0.8759155005411376
1631042752389,2021-09-07T19:25:52.389Z,23.413,0.19962817684950754,0.42623529381455233,0.10611368851020099,0.8759063593931284
1631042752403,2021-09-07T19:25:52.404Z,23.427,0.19977773059448767,0.4259765919817012,0.10625524511873623,0.8759809497511514
1631042752419,2021-09-07T19:25:52.419Z,23.443,0.19984974312441514,0.42602080842954204,0.10627145503827877,0.8759410532691065
1631042752449,2021-09-07T19:25:52.449Z,23.473,0.19990156343302243,0.4262336737760218,0.10629629212069167,0.8758226524575747
1631042752464,2021-09-07T19:25:52.464Z,23.488,0.19999552532095047,0.42588017814209156,0.1064402645659656,0.8759556688533872
1631042752478,2021-09-07T19:25:52.479Z,23.502,0.20010180347129414,0.4256971109174489,0.10652772904646111,0.8760097493454491
1631042752508,2021-09-07T19:25:52.509Z,23.532,0.20010387717938644,0.4256863574831608,0.10652701509314144,0.8760145880325516
1631042752523,2021-09-07T19:25:52.524Z,23.547,0.20009697415610767,0.4256839652446358,0.10650997359937257,0.8760193994376121
1631042752538,2021-09-07T19:25:52.539Z,23.562,0.20009697415610767,0.4256839652446358,0.10650997359937257,0.8760193994376121
1631042752568,2021-09-07T19:25:52.569Z,23.592,0.20009697415610767,0.4256839652446358,0.10650997359937257,0.8760193994376121
1631042752583,2021-09-07T19:25:52.584Z,23.607,0.20009697415610767,0.4256839652446358,0.10650997359937257,0.8760193994376121
1631042752598,2021-09-07T19:25:52.599Z,23.622,0.20010798598822274,0.42577447463274315,0.10648929816992428,0.8759754106538755
1631042752629,2021-09-07T19:25:52.629Z,23.653,0.2000218386533312,0.4260282633027033,0.10637848370221653,0.8758851529362969
1631042752644,2021-09-07T19:25:52.644Z,23.668,0.199982439855109,0.42608920878317413,0.10634342120146194,0.8758687611025381
1631042752659,2021-09-07T19:25:52.659Z,23.683,0.19994084118947633,0.4257466704035538,0.10642161742839737,0.8760353143616163
1631042752688,2021-09-07T19:25:52.689Z,23.712,0.19996772001119945,0.42546732903245693,0.10651281148947839,0.8761538014915625
1631042752703,2021-09-07T19:25:52.704Z,23.727,0.2000082214332439,0.4254156221379149,0.10654572073953558,0.8761656630981463
1631042752718,2021-09-07T19:25:52.719Z,23.742,0.20003867084772414,0.4256660328474262,0.10648855532599621,0.8760440321296595
1631042752749,2021-09-07T19:25:52.749Z,23.773,0.20008067092271176,0.42601184751022764,0.10640956139547945,0.8758759250873733
1631042752764,2021-09-07T19:25:52.764Z,23.788,0.20010121802642783,0.4261810616991851,0.106370899481545,0.875793604073918
1631042752779,2021-09-07T19:25:52.779Z,23.803,0.20014994121422125,0.4260816036593766,0.10642112192702605,0.8758247615035732
1631042752793,2021-09-07T19:25:52.794Z,23.817,0.2003013189641305,0.4259415558487466,0.10652922817833214,0.875845132524071
1631042752824,2021-09-07T19:25:52.824Z,23.848,0.2004421831072916,0.42614743766167046,0.10653446777900936,0.8757121101027546
1631042752839,2021-09-07T19:25:52.839Z,23.863,0.20064199866326418,0.4263289761093163,0.10657328097847092,0.8755732569485414
1631042752854,2021-09-07T19:25:52.854Z,23.878,0.20081668546335515,0.4260487756792705,0.10673194135427619,0.8756502682443795
1631042752883,2021-09-07T19:25:52.883Z,23.907,0.20088002236569405,0.42581728420613735,0.10676123282036867,0.8757447666143047
1631042752898,2021-09-07T19:25:52.898Z,23.922,0.20088002236569405,0.42581728420613735,0.10676123282036867,0.8757447666143047
1631042752913,2021-09-07T19:25:52.914Z,23.937,0.20104927845623177,0.4257966180642061,0.10684352863900687,0.8757059369818609
1631042752944,2021-09-07T19:25:52.944Z,23.968,0.20124475239842224,0.4255201728154545,0.10701048896913565,0.8757750210012786
1631042752958,2021-09-07T19:25:52.959Z,23.982,0.20138986678163773,0.4252290169945275,0.10715890026272394,0.8758649295171177
1631042752973,2021-09-07T19:25:52.974Z,23.997,0.2016196077852279,0.424812460838464,0.10738115629606491,0.8759869828629987
1631042753003,2021-09-07T19:25:53.003Z,24.027,0.20188628863273608,0.42435379362579595,0.10763197779365209,0.8761170821606674
1631042753018,2021-09-07T19:25:53.019Z,24.042,0.20207319606913743,0.42433081909186593,0.10772251046275177,0.8760739923881045
1631042753033,2021-09-07T19:25:53.034Z,24.057,0.20216539150067983,0.42431946997290226,0.10776716332309008,0.8760527269466072
1631042753063,2021-09-07T19:25:53.064Z,24.087,0.202143262388077,0.42413964088840994,0.10780866258629751,0.8761398054931128
1631042753078,2021-09-07T19:25:53.079Z,24.102,0.2021297906976579,0.42403017477087296,0.10783391950100366,0.8761927895168706
1631042753093,2021-09-07T19:25:53.094Z,24.117,0.2021297906976579,0.42403017477087296,0.10783391950100366,0.8761927895168706
1631042753109,2021-09-07T19:25:53.109Z,24.133,0.2021297906976579,0.42403017477087296,0.10783391950100366,0.8761927895168706
1631042753138,2021-09-07T19:25:53.139Z,24.162,0.2021297906976579,0.42403017477087296,0.10783391950100366,0.8761927895168706
1631042753154,2021-09-07T19:25:53.154Z,24.178,0.2021297906976579,0.42403017477087296,0.10783391950100366,0.8761927895168706
1631042753183,2021-09-07T19:25:53.184Z,24.207,0.20213830031522526,0.4240993779783221,0.10781796091887696,0.8761592962740097
1631042753199,2021-09-07T19:25:53.199Z,24.223,0.20203305831321625,0.42427149520928137,0.10772149291703256,0.8761121056492799
1631042753214,2021-09-07T19:25:53.214Z,24.238,0.20201547801906708,0.4241285399266649,0.10775445592646009,0.8761813199837096
1631042753229,2021-09-07T19:25:53.229Z,24.253,0.20199902485974897,0.42399481212418727,0.10778529266506917,0.8762460407514496
1631042753259,2021-09-07T19:25:53.259Z,24.283,0.20201716851145377,0.4241424105089223,0.10775126268287319,0.8761746085253453
1631042753274,2021-09-07T19:25:53.274Z,24.298,0.20206041330615532,0.42449411112307356,0.10767017143191353,0.8760042655034278
1631042753289,2021-09-07T19:25:53.289Z,24.313,0.20218498838611892,0.42470812298473787,0.10766495627297952,0.8758724210367758
1631042753318,2021-09-07T19:25:53.319Z,24.342,0.20220582589340225,0.42487753131805533,0.10762585120486308,0.8757902508639102
1631042753348,2021-09-07T19:25:53.349Z,24.372,0.20222819255476038,0.4248668919307337,0.10757973957446146,0.8757959133897829
1631042753349,2021-09-07T19:25:53.349Z,24.373,0.20222253248264033,0.42482079271681583,0.10759038026329337,0.8758182753896858
1631042753378,2021-09-07T19:25:53.379Z,24.402,0.20222253248264033,0.42482079271681583,0.10759038026329337,0.8758182753896858
1631042753394,2021-09-07T19:25:53.394Z,24.418,0.20229910796797404,0.4250253242343419,0.10756629217039415,0.8757043093782103
1631042753409,2021-09-07T19:25:53.409Z,24.433,0.20233784927310328,0.42534080802172197,0.10749340222762295,0.8755511180168146
1631042753424,2021-09-07T19:25:53.424Z,24.448,0.2024596791790087,0.42545685408525097,0.10751506745961235,0.8754639078156046
1631042753454,2021-09-07T19:25:53.454Z,24.478,0.20254197417463965,0.4254388150300493,0.1074980854006777,0.8754557241793873
1631042753468,2021-09-07T19:25:53.469Z,24.492,0.20255839259014569,0.4253831386983507,0.10746330467769316,0.875483250011207
1631042753483,2021-09-07T19:25:53.484Z,24.507,0.2026183006065036,0.4253757887567543,0.10749240948297355,0.8754693852456786
1631042753513,2021-09-07T19:25:53.513Z,24.537,0.20273707542878688,0.4253611807230915,0.10755012044233621,0.8754418974285382
1631042753529,2021-09-07T19:25:53.529Z,24.553,0.20282922322649685,0.4253498537815801,0.10759489045968451,0.8754205547280078
1631042753544,2021-09-07T19:25:53.544Z,24.568,0.20288911266795887,0.4253424961210549,0.10762399331586009,0.8754066740761498
1631042753574,2021-09-07T19:25:53.574Z,24.598,0.20300051682421535,0.4252679967602552,0.10769558757613198,0.8754082370627162
1631042753589,2021-09-07T19:25:53.589Z,24.613,0.20300051682421535,0.4252679967602552,0.10769558757613198,0.8754082370627162
1631042753603,2021-09-07T19:25:53.604Z,24.627,0.20300051682421535,0.4252679967602552,0.10769558757613198,0.8754082370627162
1631042753633,2021-09-07T19:25:53.633Z,24.657,0.20300788988401816,0.425327893111709,0.10768169064397667,0.8753791369949641
1631042753649,2021-09-07T19:25:53.649Z,24.673,0.20301753318608703,0.4254062481330385,0.10766352732232178,0.8753410593322603
1631042753663,2021-09-07T19:25:53.664Z,24.687,0.20303439266328094,0.425543290910861,0.1076317385666657,0.8752744437087856
1631042753693,2021-09-07T19:25:53.694Z,24.717,0.20303439266328094,0.425543290910861,0.1076317385666657,0.8752744437087856
1631042753709,2021-09-07T19:25:53.710Z,24.733,0.20305441596613144,0.42570609290522676,0.10759396953143374,0.8751952721195931
1631042753726,2021-09-07T19:25:53.726Z,24.75,0.2030668705308049,0.4258074447151405,0.1075704540144044,0.8751459669912915
1631042753738,2021-09-07T19:25:53.739Z,24.762,0.2030668705308049,0.4258074447151405,0.1075704540144044,0.8751459669912915
1631042753769,2021-09-07T19:25:53.769Z,24.793,0.20302008039784003,0.42588335019624185,0.10752752351250296,0.8751251628585182
1631042753783,2021-09-07T19:25:53.784Z,24.807,0.20299381501927494,0.42605025592531726,0.10746769863431734,0.8750573605428023
1631042753798,2021-09-07T19:25:53.799Z,24.822,0.2029994731125678,0.4260963211901653,0.10745701219983816,0.8750349304532427
1631042753829,2021-09-07T19:25:53.829Z,24.853,0.20301234046340993,0.42620115053487023,0.10743268966675985,0.8749838776190604
1631042753844,2021-09-07T19:25:53.844Z,24.868,0.20301234046340993,0.42620115053487023,0.10743268966675985,0.8749838776190604
1631042753858,2021-09-07T19:25:53.859Z,24.882,0.20301234046340993,0.42620115053487023,0.10743268966675985,0.8749838776190604
1631042753889,2021-09-07T19:25:53.889Z,24.913,0.20301234046340993,0.42620115053487023,0.10743268966675985,0.8749838776190604
1631042753903,2021-09-07T19:25:53.904Z,24.927,0.20301234046340993,0.42620115053487023,0.10743268966675985,0.8749838776190604
1631042753918,2021-09-07T19:25:53.919Z,24.942,0.20301234046340993,0.42620115053487023,0.10743268966675985,0.8749838776190604
1631042753949,2021-09-07T19:25:53.949Z,24.973,0.20301234046340993,0.42620115053487023,0.10743268966675985,0.8749838776190604
1631042753964,2021-09-07T19:25:53.964Z,24.988,0.20301234046340993,0.42620115053487023,0.10743268966675985,0.8749838776190604
1631042753978,2021-09-07T19:25:53.979Z,25.002,0.20301968350185023,0.42626101660888754,0.10741879262339699,0.8749547170120852
1631042754009,2021-09-07T19:25:54.009Z,25.033,0.2030134703515427,0.42621035399352336,0.1074305425237105,0.8749793960646159
1631042754023,2021-09-07T19:25:54.024Z,25.047,0.20313763326431525,0.42608862502750866,0.10752163672842442,0.8749986761185302
1631042754038,2021-09-07T19:25:54.039Z,25.062,0.2032530418872909,0.4260034779727059,0.1075982431370886,0.8750039175869633
1631042754069,2021-09-07T19:25:54.069Z,25.093,0.2033236917906231,0.42619797382750657,0.10757414937805969,0.8748957457020502
1631042754084,2021-09-07T19:25:54.084Z,25.108,0.20333897654102703,0.42632230105657737,0.10754524654720728,0.87483517086716
1631042754098,2021-09-07T19:25:54.099Z,25.122,0.20339882796944742,0.426314929055717,0.10757441297445432,0.8748212638694122
1631042754114,2021-09-07T19:25:54.114Z,25.138,0.20355237610196839,0.4261340711067815,0.10769589028277651,0.8748587193606769
1631042754143,2021-09-07T19:25:54.144Z,25.167,0.20369972337150463,0.4261159608981761,0.10776765670231497,0.8748244068012098
1631042754158,2021-09-07T19:25:54.159Z,25.182,0.20380720350558437,0.4261915653295162,0.10779437345733835,0.8747592505896407
1631042754174,2021-09-07T19:25:54.174Z,25.198,0.20380720350558437,0.4261915653295162,0.10779437345733835,0.8747592505896407
1631042754204,2021-09-07T19:25:54.204Z,25.228,0.20380720350558437,0.4261915653295162,0.10779437345733835,0.8747592505896407
1631042754218,2021-09-07T19:25:54.219Z,25.242,0.20380720350558437,0.4261915653295162,0.10779437345733835,0.8747592505896407
1631042754234,2021-09-07T19:25:54.234Z,25.258,0.20380720350558437,0.4261915653295162,0.10779437345733835,0.8747592505896407
1631042754263,2021-09-07T19:25:54.264Z,25.287,0.20380720350558437,0.4261915653295162,0.10779437345733835,0.8747592505896407
1631042754279,2021-09-07T19:25:54.279Z,25.303,0.20382799467515075,0.4263603145490041,0.10775505888478984,0.8746770135593577
1631042754294,2021-09-07T19:25:54.294Z,25.318,0.20385464996624814,0.4265767031742136,0.10770463182955176,0.8745715009526769
1631042754324,2021-09-07T19:25:54.324Z,25.348,0.2038659824850445,0.4266687771457257,0.10768316286954496,0.8745265874910777
1631042754338,2021-09-07T19:25:54.339Z,25.362,0.20385749018941887,0.4265997280257299,0.10769925684467282,0.8745602699740879
1631042754353,2021-09-07T19:25:54.354Z,25.377,0.2039354343666573,0.42643592653222573,0.10778180726969792,0.8746118117164682
1631042754383,2021-09-07T19:25:54.384Z,25.407,0.2039243036042633,0.4263455667408049,0.10780287772441513,0.8746558612816316
1631042754398,2021-09-07T19:25:54.399Z,25.422,0.20393667919036304,0.4264458674909232,0.1077795018322595,0.874606958562251
1631042754413,2021-09-07T19:25:54.414Z,25.437,0.2039863686388467,0.4264397456313837,0.10780372798958364,0.8745953698636444
1631042754429,2021-09-07T19:25:54.429Z,25.453,0.20407684708669516,0.426339815524726,0.10787350193445205,0.87461437774707
1631042754458,2021-09-07T19:25:54.459Z,25.482,0.20417040733263536,0.42611327944023464,0.10798125003608972,0.8746896406697393
1631042754473,2021-09-07T19:25:54.474Z,25.497,0.20431481755679706,0.4260450087477816,0.10806618827866189,0.8746786866036901
1631042754489,2021-09-07T19:25:54.489Z,25.513,0.20450378139556954,0.42587210031191375,0.10820150689290985,0.8747020015279123
1631042754519,2021-09-07T19:25:54.519Z,25.543,0.20457717654287014,0.4259364281523529,0.10821597958635294,0.8746517248440826
1631042754534,2021-09-07T19:25:54.534Z,25.558,0.2046351751211927,0.42602742142756006,0.10821578759485244,0.8745938626643389
1631042754549,2021-09-07T19:25:54.549Z,25.573,0.20469656058010297,0.42569266650418697,0.10834049898734328,0.8747270477414112
1631042754578,2021-09-07T19:25:54.579Z,25.602,0.20473503001603763,0.4253249245200117,0.10838298680922952,0.874891652855763
1631042754594,2021-09-07T19:25:54.594Z,25.618,0.204739202645853,0.4246884369863296,0.10836185712512837,0.8752024327608111
1631042754609,2021-09-07T19:25:54.609Z,25.633,0.20485449531619832,0.42403326875729674,0.10860332469686629,0.875463157763098
1631042754639,2021-09-07T19:25:54.639Z,25.663,0.20518390330187686,0.42339925823138846,0.10893460794489114,0.8756516916827197
1631042754653,2021-09-07T19:25:54.654Z,25.677,0.20549742864930945,0.4231730092077165,0.10914045519266044,0.8756619051534369
1631042754671,2021-09-07T19:25:54.671Z,25.695,0.20579011065207534,0.42354934022304697,0.10916199923145367,0.8754085016026635
1631042754698,2021-09-07T19:25:54.698Z,25.722,0.20603094382987,0.42351828747543774,0.109278847011163,0.8753522970520818
1631042754713,2021-09-07T19:25:54.714Z,25.737,0.20615617867431357,0.42297822106816124,0.10942701961689597,0.8755654069652259
1631042754728,2021-09-07T19:25:54.729Z,25.752,0.20623707337027344,0.4222308010360621,0.1095457351982518,0.8758922034839586
1631042754744,2021-09-07T19:25:54.744Z,25.768,0.2063075640470146,0.42161370043802493,0.10969171830089057,0.8761545546056017
1631042754773,2021-09-07T19:25:54.774Z,25.797,0.20643057678961227,0.4210419503859258,0.10991286837294398,0.8763727827514702
1631042754789,2021-09-07T19:25:54.789Z,25.813,0.20661133982659796,0.42039133095518244,0.11018251919873696,0.8766086330716851
1631042754803,2021-09-07T19:25:54.804Z,25.827,0.2068916061581168,0.42030920597381133,0.11033054220944175,0.8765632927123687
1631042754833,2021-09-07T19:25:54.834Z,25.857,0.20715226966338227,0.420462026732659,0.11040135814744885,0.8764195122019893
1631042754849,2021-09-07T19:25:54.849Z,25.873,0.20738232489503725,0.4204283722332464,0.11051312228449844,0.8763671633198972
1631042754864,2021-09-07T19:25:54.864Z,25.888,0.20756427506831238,0.42006694421846613,0.11069939847237334,0.8764738885261677
1631042754893,2021-09-07T19:25:54.894Z,25.917,0.20775190045169636,0.41936349968500164,0.11098822232652067,0.8767297288762683
1631042754909,2021-09-07T19:25:54.909Z,25.933,0.2080561778975029,0.41847141801652443,0.11138360692768663,0.8770336317665935
1631042754924,2021-09-07T19:25:54.924Z,25.948,0.2084273443572542,0.41778723313809585,0.11174160432998914,0.8772261303750345
1631042754953,2021-09-07T19:25:54.954Z,25.977,0.20898178721911828,0.4169814984149731,0.11222453740177302,0.8774159195018433
1631042754968,2021-09-07T19:25:54.969Z,25.992,0.20960249775164455,0.41624252534005657,0.11279600527147715,0.8775454485265144
1631042754984,2021-09-07T19:25:54.984Z,26.008,0.2103016416276235,0.4153602499853692,0.1136245674526596,0.8776893185700818
1631042755013,2021-09-07T19:25:55.014Z,26.037,0.2110612320529996,0.41428835768912775,0.1146379819205298,0.8778817950662283
1631042755029,2021-09-07T19:25:55.029Z,26.053,0.2118108747075538,0.4132472330317671,0.11569281817613776,0.8780535573469722
1631042755044,2021-09-07T19:25:55.044Z,26.068,0.2125527410041535,0.4122900661590797,0.1167315094752648,0.8781867616479931
1631042755073,2021-09-07T19:25:55.074Z,26.097,0.21334178870294224,0.4107168638841745,0.11777659574362942,0.8785929731162317
1631042755088,2021-09-07T19:25:55.089Z,26.112,0.21415539394895294,0.4081338404898969,0.11907932334118561,0.8794227369372147
1631042755104,2021-09-07T19:25:55.104Z,26.128,0.2151394787392448,0.40505766923980774,0.12059656547109601,0.8803974998115318
1631042755119,2021-09-07T19:25:55.119Z,26.143,0.21616913297800824,0.4023212179472131,0.12208972825873225,0.8811938729875033
1631042755148,2021-09-07T19:25:55.149Z,26.172,0.21747127422734613,0.3990362629986777,0.12362292549581264,0.8821528654319734
1631042755164,2021-09-07T19:25:55.164Z,26.188,0.21897875956605156,0.39550777716979135,0.1254811418399782,0.8831061001372709
1631042755178,2021-09-07T19:25:55.179Z,26.202,0.22072815413715585,0.3921847555940215,0.12733716985047414,0.8838865564230136
1631042755209,2021-09-07T19:25:55.209Z,26.233,0.22259025688742992,0.38850847228159047,0.1292169353578085,0.8847698729731639
1631042755224,2021-09-07T19:25:55.224Z,26.248,0.22450583756986967,0.3847226982562537,0.131193062978099,0.885648888990385
1631042755238,2021-09-07T19:25:55.240Z,26.262,0.22628512497027964,0.3817337670157112,0.13303605929043652,0.8862142970329757
1631042755268,2021-09-07T19:25:55.269Z,26.292,0.2289134235805894,0.3766420437212734,0.13563465905073752,0.8873233089862262
1631042755284,2021-09-07T19:25:55.284Z,26.308,0.2317444382772718,0.37109220006701005,0.13823391489229633,0.8885248894378409
1631042755298,2021-09-07T19:25:55.299Z,26.322,0.2346267622500952,0.36430008326642677,0.14106867146131502,0.8901322158534941
1631042755329,2021-09-07T19:25:55.329Z,26.353,0.23750141422518142,0.35756594182789636,0.14415249325292767,0.8916051447668597
1631042755344,2021-09-07T19:25:55.344Z,26.368,0.24058856578194104,0.3515307381490934,0.1473097534298892,0.8926606962870985
1631042755358,2021-09-07T19:25:55.359Z,26.382,0.24383572712924428,0.34636218732109125,0.15058558287589907,0.8932532427030018
1631042755388,2021-09-07T19:25:55.389Z,26.412,0.24728571230973365,0.3419375766377853,0.15372823397884053,0.8934741743600052
1631042755404,2021-09-07T19:25:55.404Z,26.428,0.25103193150847297,0.3367364654889283,0.15692610806981142,0.8938488232241574
1631042755419,2021-09-07T19:25:55.419Z,26.443,0.25485134735838544,0.3301116009234589,0.1602547505180805,0.8946482753695747
1631042755434,2021-09-07T19:25:55.434Z,26.458,0.25863862983463454,0.32342959633053514,0.16359682979403495,0.8953968017901738
1631042755464,2021-09-07T19:25:55.464Z,26.488,0.2626480223589731,0.3173955455170702,0.16696067545008944,0.8957679481261269
1631042755479,2021-09-07T19:25:55.479Z,26.503,0.2667063780601602,0.31220457050565803,0.17013512602327707,0.895795765200111
1631042755494,2021-09-07T19:25:55.494Z,26.518,0.2706489864857613,0.30673602266985595,0.1732358934956918,0.8959081781721032
1631042755524,2021-09-07T19:25:55.524Z,26.548,0.2745959353773867,0.2998437764673656,0.17655240801698027,0.8963927873490573
1631042755539,2021-09-07T19:25:55.539Z,26.563,0.27866781013190417,0.29243493348037525,0.18027174637954999,0.8968434415960705
1631042755553,2021-09-07T19:25:55.554Z,26.577,0.28306846884945425,0.28661175624920826,0.18367036576376122,0.8966555302139033
1631042755584,2021-09-07T19:25:55.584Z,26.608,0.28746473696041003,0.28207302002079354,0.1865195923958581,0.8961078495544574
1631042755599,2021-09-07T19:25:55.599Z,26.623,0.29172097609647385,0.27620421867764067,0.18941194642352888,0.8959538025155341
1631042755613,2021-09-07T19:25:55.614Z,26.637,0.2958987372261985,0.2688770011640804,0.19269056729112116,0.8961135200575753
1631042755644,2021-09-07T19:25:55.644Z,26.668,0.30027829647507776,0.2620774982458852,0.19596080314705636,0.8959618815603508
1631042755659,2021-09-07T19:25:55.659Z,26.683,0.3046930108915206,0.2563507833584248,0.1989402605412573,0.8954715058119709
1631042755674,2021-09-07T19:25:55.674Z,26.698,0.30908932661350713,0.2509532818479143,0.2017031718528429,0.8948754488574778
1631042755704,2021-09-07T19:25:55.704Z,26.728,0.3133278778810712,0.24468947882009398,0.2047025704905208,0.8944548940734064
1631042755718,2021-09-07T19:25:55.719Z,26.742,0.3174324731074586,0.2374041303814333,0.207878864359421,0.8942383807729096
1631042755733,2021-09-07T19:25:55.734Z,26.757,0.32172250651081297,0.2308790676814037,0.210971995554706,0.8936891528952509
1631042755749,2021-09-07T19:25:55.749Z,26.773,0.32622124377943645,0.225697016199933,0.21353538929766616,0.892772756362412
1631042755779,2021-09-07T19:25:55.779Z,26.803,0.3307696112222316,0.22067158773998527,0.21576327916415988,0.8918193326120133
1631042755793,2021-09-07T19:25:55.793Z,26.817,0.3353271591385746,0.21442226259718716,0.21809891562284295,0.8910733149695911
1631042755808,2021-09-07T19:25:55.808Z,26.832,0.33997850286623726,0.20731743690304436,0.22052606524748977,0.8903944926218064
1631042755838,2021-09-07T19:25:55.839Z,26.862,0.34475889278518523,0.20152617684985752,0.2226645316648235,0.8893531425863956
1631042755853,2021-09-07T19:25:55.853Z,26.877,0.3498732719958607,0.19715145085538324,0.224474622151159,0.8878801399843462
1631042755868,2021-09-07T19:25:55.868Z,26.892,0.3551028642827429,0.19273818887923885,0.226424975522117,0.8862762982194387
1631042755899,2021-09-07T19:25:55.899Z,26.923,0.36003124684343785,0.18719567343127455,0.22881546597771463,0.8848608724959945
1631042755913,2021-09-07T19:25:55.914Z,26.937,0.3648976784336979,0.1810663094431227,0.23131296677105814,0.8834924941740684
1631042755928,2021-09-07T19:25:55.928Z,26.952,0.36980287579472454,0.17512514409985966,0.23354161239237295,0.8820631112562897
1631042755959,2021-09-07T19:25:55.959Z,26.983,0.37482895966638385,0.169033525207201,0.23559757765087033,0.8805820232985028
1631042755973,2021-09-07T19:25:55.973Z,26.997,0.3797353263244306,0.1625188612711656,0.23778508949097935,0.879117144007651
1631042755988,2021-09-07T19:25:55.989Z,27.012,0.3844974321792745,0.15563228656703826,0.24002469968614865,0.8776835759919596
1631042756019,2021-09-07T19:25:56.019Z,27.043,0.3892357031937719,0.14854860231614783,0.24221789715942466,0.8762187914013458
1631042756033,2021-09-07T19:25:56.033Z,27.057,0.394077768683368,0.14179451433350565,0.2441378924008426,0.8746391927123651
1631042756048,2021-09-07T19:25:56.048Z,27.072,0.39914505775171466,0.13560650937426394,0.24568737490163875,0.872887055295042
1631042756063,2021-09-07T19:25:56.063Z,27.087,0.40392611314740734,0.1288452176636264,0.24713559989594233,0.8713016700700816
1631042756093,2021-09-07T19:25:56.093Z,27.117,0.40848110931708315,0.12089360157704793,0.24874014437185346,0.8698599088397421
1631042756108,2021-09-07T19:25:56.109Z,27.132,0.4136356772332757,0.11320410090586923,0.2500637210497063,0.8680774697414037
1631042756123,2021-09-07T19:25:56.123Z,27.147,0.4188215663889792,0.10615119909010913,0.2513558227325943,0.8661066151679219
1631042756154,2021-09-07T19:25:56.154Z,27.178,0.42331324450634455,0.10000765659827932,0.2524432028755567,0.864336042849749
1631042756168,2021-09-07T19:25:56.168Z,27.192,0.4267805044181724,0.09293318063744238,0.25363335747393084,0.8630712282087036
1631042756183,2021-09-07T19:25:56.183Z,27.207,0.4292905827157767,0.0846041197827784,0.2549934626100744,0.8622818985305529
1631042756213,2021-09-07T19:25:56.214Z,27.237,0.4313382559360362,0.07685813402182208,0.2563867600466788,0.8615717993722339
1631042756228,2021-09-07T19:25:56.229Z,27.252,0.433042803628133,0.06990518568836755,0.2577884847823221,0.8608904067030807
1631042756243,2021-09-07T19:25:56.243Z,27.267,0.4344881387446335,0.06449773475077512,0.2592088407688001,0.8601574718442767
1631042756273,2021-09-07T19:25:56.274Z,27.297,0.4363882397327676,0.06055081476442391,0.2601328285759257,0.8592030112560065
1631042756288,2021-09-07T19:25:56.289Z,27.312,0.4375197195693018,0.056833616146307754,0.2606351020558319,0.8587291648943104
1631042756303,2021-09-07T19:25:56.303Z,27.327,0.43791300270937034,0.05201875816204633,0.2616098535839045,0.8585374396991371
1631042756333,2021-09-07T19:25:56.334Z,27.357,0.4381054914497813,0.04693889539686394,0.2630075977239174,0.8583049120213411
1631042756348,2021-09-07T19:25:56.348Z,27.372,0.4382106276652358,0.04225392928160665,0.26431330512991746,0.8580935426821509
1631042756363,2021-09-07T19:25:56.364Z,27.387,0.43847242564187167,0.03904203748477982,0.2649071250806956,0.8579288235875112
1631042756393,2021-09-07T19:25:56.394Z,27.417,0.4388903515958214,0.03694829832207057,0.2648403428917773,0.857828464964975
1631042756408,2021-09-07T19:25:56.409Z,27.432,0.43897496628052196,0.03369539524842947,0.2652403650284491,0.8577955164709371
1631042756423,2021-09-07T19:25:56.424Z,27.447,0.43859535942841504,0.028865501605201786,0.26633823213753977,0.8578256463913805
1631042756438,2021-09-07T19:25:56.439Z,27.462,0.43835755827175044,0.024997710978916277,0.26750799796600777,0.8577046324790731
1631042756468,2021-09-07T19:25:56.469Z,27.492,0.4385879813997325,0.023588341687805752,0.267745535522631,0.8575526228260436
1631042756498,2021-09-07T19:25:56.499Z,27.522,0.43880788133248333,0.02274688552788876,0.26744649205154986,0.8575561768004463
1631042756499,2021-09-07T19:25:56.499Z,27.523,0.4390007843065422,0.02140971640620093,0.26762518223044635,0.8574361184705059
1631042756528,2021-09-07T19:25:56.529Z,27.552,0.4393369326163078,0.02044634180456902,0.2682187301147058,0.8571019306720521
1631042756543,2021-09-07T19:25:56.544Z,27.567,0.43987678900836513,0.02089662077259965,0.2683258915289298,0.8567805773167254
1631042756558,2021-09-07T19:25:56.559Z,27.582,0.4401057751938548,0.02116062951559894,0.2684854440975852,0.856606502839689
1631042756588,2021-09-07T19:25:56.589Z,27.612,0.4399076842994082,0.02059863760870415,0.2689222482705803,0.8565849343807618
1631042756603,2021-09-07T19:25:56.603Z,27.627,0.43975412244897805,0.01996583650554542,0.26937010516319504,0.856538045626773
1631042756618,2021-09-07T19:25:56.619Z,27.642,0.4399663274707751,0.02053714993505029,0.2693857407816906,0.8564106368021848
1631042756648,2021-09-07T19:25:56.649Z,27.672,0.4400358900569276,0.020850679400769054,0.2694221500929061,0.856355866255174
1631042756663,2021-09-07T19:25:56.664Z,27.687,0.4401644620820982,0.020553144407146947,0.269815662911444,0.8561730681483821
1631042756678,2021-09-07T19:25:56.678Z,27.702,0.440540796005651,0.019593709784945387,0.27074899455688967,0.8557072370489828
1631042756708,2021-09-07T19:25:56.709Z,27.732,0.4411090427075901,0.018436290177667954,0.2718014076103108,0.8551063737729548
1631042756723,2021-09-07T19:25:56.724Z,27.747,0.44164643967859873,0.01698763789259015,0.2728327407475259,0.8545303611073402
1631042756738,2021-09-07T19:25:56.739Z,27.762,0.4422518868551013,0.016205974867149416,0.2735167007020045,0.8540136119458508
1631042756754,2021-09-07T19:25:56.754Z,27.778,0.4431603379636376,0.016206915022541988,0.27371919937987366,0.8534776216470163
1631042756783,2021-09-07T19:25:56.784Z,27.807,0.44437364148750935,0.01594438045846319,0.2737487877520811,0.8528419810769123
1631042756799,2021-09-07T19:25:56.799Z,27.823,0.4456349243288213,0.015574902982841112,0.27357750701502814,0.8522454366383918
1631042756814,2021-09-07T19:25:56.814Z,27.838,0.4471092155690528,0.01626048506848203,0.27272887438301974,0.8517322977651693
1631042756843,2021-09-07T19:25:56.844Z,27.867,0.448209829048469,0.01772229028092412,0.2711740475737879,0.8516211044202638
1631042756859,2021-09-07T19:25:56.859Z,27.883,0.4490568845298558,0.01945621237633607,0.2694878702681256,0.8516722714957068
1631042756873,2021-09-07T19:25:56.874Z,27.897,0.44989366771106615,0.020489205327046744,0.2685334767927816,0.8515078696407519
1631042756903,2021-09-07T19:25:56.904Z,27.927,0.45069870458355793,0.020718166653186293,0.26814973417174237,0.8511974831499785
1631042756919,2021-09-07T19:25:56.919Z,27.943,0.45147946809868966,0.021368413869057235,0.26773043451469697,0.8508995799791046
1631042756933,2021-09-07T19:25:56.934Z,27.957,0.4520385827122849,0.022521298207947626,0.26709297096872964,0.8507733280525399
1631042756963,2021-09-07T19:25:56.964Z,27.987,0.45240490606286154,0.023189642538859696,0.2667797323286532,0.8506589303991496
1631042756979,2021-09-07T19:25:56.979Z,28.003,0.4527602540391593,0.022990139787403784,0.26692847915542045,0.8504285936224897
1631042756993,2021-09-07T19:25:56.994Z,28.017,0.45288079632139044,0.022544171489450853,0.2671326676528922,0.8503122264955427
1631042757023,2021-09-07T19:25:57.023Z,28.047,0.4527682242157228,0.0222138700617453,0.2673666703284238,0.8503073225104631
1631042757053,2021-09-07T19:25:57.054Z,28.077,0.4527718036048361,0.02253379775934824,0.26726405056081515,0.8503292592265601
1631042757054,2021-09-07T19:25:57.054Z,28.078,0.4525980195944633,0.022619058149443597,0.26722446914231346,0.8504319455189878
1631042757083,2021-09-07T19:25:57.084Z,28.107,0.45232700914094187,0.022253981065882375,0.26736424362846123,0.8505418263420738
1631042757113,2021-09-07T19:25:57.114Z,28.137,0.45211701141717253,0.022016233992984933,0.26754420141506685,0.8506030764799434
1631042757114,2021-09-07T19:25:57.114Z,28.138,0.4520349885072832,0.021849189784147977,0.2676559560222601,0.8506158188493831
1631042757128,2021-09-07T19:25:57.128Z,28.152,0.4519104360120801,0.02199913933185169,0.2675204276201923,0.850720762940425
1631042757158,2021-09-07T19:25:57.159Z,28.182,0.45158223663880886,0.022397509512412234,0.2674191375819364,0.8509164706214504
1631042757173,2021-09-07T19:25:57.174Z,28.197,0.45137581571419383,0.022649472751076438,0.2675471028107963,0.8509790961886159
1631042757188,2021-09-07T19:25:57.189Z,28.212,0.45130813511048024,0.023040772024239285,0.2676206375498286,0.85098136546287
1631042757218,2021-09-07T19:25:57.218Z,28.242,0.45115155046229793,0.023475656319505243,0.2675735656279096,0.8510673058301558
1631042757233,2021-09-07T19:25:57.234Z,28.257,0.45087195960383675,0.024011489812123265,0.2673461825237269,0.8512719560105271
1631042757248,2021-09-07T19:25:57.249Z,28.272,0.45071160402624816,0.024630364051118077,0.26712999730169035,0.851407047013586
1631042757278,2021-09-07T19:25:57.279Z,28.302,0.4507071052604807,0.025212625096028136,0.26684505813840304,0.8514817342436639
1631042757293,2021-09-07T19:25:57.294Z,28.317,0.450621065351527,0.025613661677768986,0.2666590195276639,0.8515735805562878
1631042757323,2021-09-07T19:25:57.324Z,28.347,0.450330640590926,0.0260390506459604,0.26633533583758956,0.8518155732731714
1631042757338,2021-09-07T19:25:57.339Z,28.362,0.4499677096404936,0.02660903505959708,0.26601630300112356,0.8520894002812732
1631042757353,2021-09-07T19:25:57.354Z,28.377,0.4499011635826853,0.027228323743028842,0.26578712463653725,0.8521764874546426
1631042757368,2021-09-07T19:25:57.369Z,28.392,0.44988674187129224,0.02759771441053217,0.2656808931026643,0.852205344202862
1631042757383,2021-09-07T19:25:57.384Z,28.407,0.4497035825967784,0.027844671698443933,0.2655988209301004,0.8523195576649457
1631042757413,2021-09-07T19:25:57.414Z,28.437,0.44941085636727357,0.028171785207689762,0.265500677259644,0.8524937671749373
1631042757428,2021-09-07T19:25:57.429Z,28.452,0.44921684186621813,0.02854146989661836,0.26542147947650613,0.8526083812116699
1631042757443,2021-09-07T19:25:57.443Z,28.467,0.44923011697602383,0.028894127151595863,0.26539005794763165,0.8525992895612852
1631042757473,2021-09-07T19:25:57.474Z,28.497,0.44914554815319574,0.029011280670551146,0.26540104340031834,0.8526364455792647
1631042757488,2021-09-07T19:25:57.489Z,28.512,0.4490570026259645,0.029490298854967678,0.26533150071978323,0.8526882932184638
1631042757503,2021-09-07T19:25:57.503Z,28.527,0.4491718487282778,0.03004661253160747,0.2651574656432406,0.8526625181154912
1631042757533,2021-09-07T19:25:57.533Z,28.557,0.44910549875217537,0.030259994626716972,0.26510840511357386,0.8527051760449726
1631042757549,2021-09-07T19:25:57.549Z,28.573,0.448938760456614,0.03026125788415459,0.2649743576308784,0.8528345885510571
1631042757563,2021-09-07T19:25:57.564Z,28.587,0.44878067517139886,0.03032006438718271,0.2649661538644608,0.8529182473101016
1631042757593,2021-09-07T19:25:57.593Z,28.617,0.4488442165491097,0.030672443506812877,0.2647820069869458,0.8529293987521489
1631042757608,2021-09-07T19:25:57.608Z,28.632,0.4490163447421586,0.03121966559401934,0.26456173212323325,0.8528872988446616
1631042757623,2021-09-07T19:25:57.624Z,28.647,0.4490530523993392,0.03137872763768486,0.2644570191337029,0.8528946104962751
1631042757653,2021-09-07T19:25:57.654Z,28.677,0.4488274822519139,0.031062245649533513,0.2645373805733071,0.8530000013775083
1631042757668,2021-09-07T19:25:57.668Z,28.692,0.448797601321759,0.031026558116763765,0.264676533977334,0.8529738554615892
1631042757683,2021-09-07T19:25:57.683Z,28.707,0.4489726435630342,0.031678779371395155,0.26457141673114887,0.8528903714537008
1631042757713,2021-09-07T19:25:57.714Z,28.737,0.4490702254487255,0.03219602489172308,0.26430626551329345,0.8529018387874531
1631042757728,2021-09-07T19:25:57.729Z,28.752,0.44889220264738744,0.03214482566880625,0.26423489852838794,0.8530195888634629
1631042757743,2021-09-07T19:25:57.744Z,28.767,0.4486914017296767,0.03211191855716356,0.26432241459186173,0.8530993563734321
1631042757758,2021-09-07T19:25:57.759Z,28.782,0.44851478752285384,0.03251835534198855,0.2641432450104619,0.8532323177508718
1631042757788,2021-09-07T19:25:57.789Z,28.812,0.44830342891763597,0.033057421272200876,0.2638272331207621,0.853420431899404
1631042757803,2021-09-07T19:25:57.804Z,28.827,0.44798599742763845,0.03329615819776264,0.26354105486045415,0.853666225383828
1631042757818,2021-09-07T19:25:57.819Z,28.842,0.4475500928991801,0.03332076256934841,0.2633093623344709,0.8539653510738868
1631042757848,2021-09-07T19:25:57.849Z,28.872,0.44710392436280805,0.03348090327120103,0.26313398912685654,0.8542468107647276
1631042757863,2021-09-07T19:25:57.864Z,28.887,0.44688807210663145,0.034005415663142795,0.26290593300080956,0.8544092421710856
1631042757878,2021-09-07T19:25:57.879Z,28.902,0.4466678753990416,0.034352381875618274,0.262906382205904,0.8545103610497541
1631042757908,2021-09-07T19:25:57.909Z,28.932,0.44645352628583174,0.034521742477444196,0.26295503076850685,0.8546005791928769
1631042757923,2021-09-07T19:25:57.923Z,28.947,0.4462292413192311,0.03481764657095361,0.2630589557689688,0.8546737280791212
1631042757938,2021-09-07T19:25:57.939Z,28.962,0.44604648818949244,0.035325308713199256,0.2630560793986604,0.854749174921827
1631042757968,2021-09-07T19:25:57.969Z,28.992,0.44576296381766845,0.03603130833749513,0.26285831998619996,0.8549284347370889
1631042757998,2021-09-07T19:25:57.998Z,29.022,0.44533806538007475,0.03668638150463169,0.2626508620554844,0.8551857351459622
1631042757999,2021-09-07T19:25:57.999Z,29.023,0.44497260226765295,0.03740163501104115,0.26281899081161586,0.8552933292142629
1631042758028,2021-09-07T19:25:58.028Z,29.052,0.4446599462104758,0.03887717407125836,0.2628116297003273,0.8553923923361653
1631042758043,2021-09-07T19:25:58.044Z,29.067,0.44398823954117944,0.0403272690866247,0.26270242648060227,0.8557076543062725
1631042758058,2021-09-07T19:25:58.059Z,29.082,0.4431960596146241,0.04088620011225633,0.26277999936359864,0.8560678964409998
1631042758074,2021-09-07T19:25:58.074Z,29.098,0.4424404427190483,0.04127316479713429,0.2632573798540347,0.8562934850076754
1631042758103,2021-09-07T19:25:58.104Z,29.127,0.4415033254859472,0.04271161730642899,0.2634819325770617,0.8566374977418252
1631042758133,2021-09-07T19:25:58.133Z,29.157,0.4400806615212083,0.04410182128212992,0.26358805234004357,0.8572662243307135
1631042758134,2021-09-07T19:25:58.134Z,29.158,0.43813645884603714,0.04486116771528261,0.2639867964112787,0.8580995806907181
1631042758163,2021-09-07T19:25:58.164Z,29.187,0.43646934487499345,0.04601706177033071,0.26448464308182523,0.8587344261087354
1631042758178,2021-09-07T19:25:58.179Z,29.202,0.43516930947547094,0.04832181335581536,0.26472166186560053,0.859194457724072
1631042758193,2021-09-07T19:25:58.193Z,29.217,0.4338257458573205,0.05078881404619749,0.2646861761356176,0.8597423723196533
1631042758223,2021-09-07T19:25:58.223Z,29.247,0.43194825904107875,0.05249243777995688,0.26477632813483704,0.8605572273514015
1631042758238,2021-09-07T19:25:58.238Z,29.262,0.43015596158685815,0.05421995730007572,0.2649461918139007,0.8612952806006632
1631042758253,2021-09-07T19:25:58.253Z,29.277,0.428759041548024,0.058177370998640766,0.26435703230284796,0.8619144025171742
1631042758283,2021-09-07T19:25:58.283Z,29.307,0.4274984383815263,0.0633051973480419,0.26326080527083723,0.8625145132565784
1631042758298,2021-09-07T19:25:58.299Z,29.322,0.4256930436374727,0.06753705104172417,0.2621162402665438,0.863434569567251
1631042758313,2021-09-07T19:25:58.313Z,29.337,0.4234841045458706,0.07052147680804711,0.2614489902161025,0.8644838691501274
1631042758345,2021-09-07T19:25:58.346Z,29.369,0.4215192824914349,0.07377866708297741,0.26050764508395,0.865455931647695
1631042758359,2021-09-07T19:25:58.359Z,29.383,0.4196047535284349,0.07683111074481441,0.2596634061537017,0.8663739070070827
1631042758373,2021-09-07T19:25:58.374Z,29.397,0.4172736839323519,0.07932460743172999,0.25879113855033253,0.8675352592034218
1631042758389,2021-09-07T19:25:58.389Z,29.413,0.41491952071013694,0.08161601332263062,0.25817772455205507,0.8686339161281428
1631042758419,2021-09-07T19:25:58.419Z,29.443,0.41287060610601106,0.08433170420239006,0.25762402411379226,0.8695147431064019
1631042758433,2021-09-07T19:25:58.434Z,29.457,0.41111113662692567,0.08778351231977569,0.2569084889869376,0.870218200563841
1631042758448,2021-09-07T19:25:58.449Z,29.472,0.4095369951629897,0.09114302119321013,0.2555039572571349,0.8710282010971792
1631042758478,2021-09-07T19:25:58.479Z,29.502,0.40763368169612957,0.09355994076861306,0.2543182010575855,0.8720112221990411
1631042758493,2021-09-07T19:25:58.494Z,29.517,0.4049320102398345,0.09532558595444064,0.2537101023590045,0.8732549935193915
1631042758508,2021-09-07T19:25:58.509Z,29.532,0.4024975558787818,0.09722011441987802,0.2534694647026469,0.874240926362491
1631042758538,2021-09-07T19:25:58.539Z,29.562,0.4006169247137569,0.09988965360380861,0.2529267438127444,0.8749606842596331
1631042758553,2021-09-07T19:25:58.554Z,29.577,0.39926044856135307,0.10343919390658225,0.25177935839957616,0.8754990474366271
1631042758568,2021-09-07T19:25:58.569Z,29.592,0.3979234291775074,0.10705154850012542,0.25084623028501274,0.8759412532967819
1631042758598,2021-09-07T19:25:58.599Z,29.622,0.39624756508048103,0.10941912215443483,0.2509414251402407,0.8763810381468371
1631042758613,2021-09-07T19:25:58.613Z,29.637,0.39473428429837076,0.11194107428439178,0.25099697141635713,0.8767294685519164
1631042758628,2021-09-07T19:25:58.629Z,29.652,0.3933199802186336,0.11500332966774439,0.2507288258722036,0.8770454282435386
1631042758659,2021-09-07T19:25:58.659Z,29.683,0.3917870360267552,0.11795546373942964,0.2505894200167519,0.8773792620931122
1631042758673,2021-09-07T19:25:58.674Z,29.697,0.3900673611645657,0.12005079476468981,0.25069992182297257,0.8778296017043593
1631042758688,2021-09-07T19:25:58.689Z,29.712,0.3877640109822874,0.12188296894878588,0.2506882277004035,0.8786006067375487
1631042758718,2021-09-07T19:25:58.719Z,29.742,0.38490066695237096,0.12326069420528606,0.25077578922503735,0.879641848357734
1631042758733,2021-09-07T19:25:58.734Z,29.757,0.3821132065413989,0.1248884758640376,0.25130545319162945,0.8804759708130357
1631042758748,2021-09-07T19:25:58.749Z,29.772,0.37976230400262584,0.12791560997642437,0.25164461937281624,0.8809615058126474
1631042758763,2021-09-07T19:25:58.764Z,29.787,0.37745800562759013,0.13125221413313345,0.25172346795957795,0.8814383733144342
1631042758793,2021-09-07T19:25:58.794Z,29.817,0.3749504724792458,0.13454312227450052,0.2515351500710231,0.8820659610907603
1631042758809,2021-09-07T19:25:58.809Z,29.833,0.37236034548056907,0.13747222602663547,0.2512486555301049,0.8827928824357318
1631042758823,2021-09-07T19:25:58.824Z,29.847,0.369588253059829,0.1401893187784307,0.25085508631824305,0.8836420110932313
1631042758854,2021-09-07T19:25:58.854Z,29.878,0.3667984375155351,0.1433927890553694,0.2501139389386915,0.884500102787816
1631042758868,2021-09-07T19:25:58.869Z,29.892,0.3639464401382334,0.14578214379988264,0.24926318385943386,0.885527199148663
1631042758883,2021-09-07T19:25:58.884Z,29.907,0.36116963504841815,0.14863675783317018,0.24816167272053832,0.8864983886800812
1631042758914,2021-09-07T19:25:58.914Z,29.938,0.35808041964117626,0.15089999254075698,0.2471538949928616,0.8876500197209799
1631042758928,2021-09-07T19:25:58.929Z,29.952,0.35482864551154064,0.15299018777347162,0.245843641837742,0.8889609319522649
1631042758943,2021-09-07T19:25:58.944Z,29.967,0.35181113331149455,0.15622339644546282,0.2442382729159738,0.8900397985057453
1631042758973,2021-09-07T19:25:58.974Z,29.997,0.3493540588801523,0.16011230540551372,0.24257170269205341,0.8907720023972312
1631042758988,2021-09-07T19:25:58.989Z,30.012,0.3470639209434789,0.16413093649053045,0.24101546437682045,0.8913580741751911
1631042759003,2021-09-07T19:25:59.004Z,30.027,0.3446425181858971,0.1678789249405886,0.23970413085251482,0.8919529869177614
1631042759033,2021-09-07T19:25:59.033Z,30.057,0.3418268106525074,0.17166324662428994,0.2382724622851771,0.892699498708329
1631042759048,2021-09-07T19:25:59.049Z,30.072,0.33876805801600995,0.1763119363325649,0.23677043130345102,0.8933588678885437
1631042759063,2021-09-07T19:25:59.064Z,30.087,0.3356173980141817,0.18180424232783476,0.23497911130788882,0.8939200170433298
1631042759078,2021-09-07T19:25:59.079Z,30.102,0.3322731443927844,0.18739273520530417,0.23295950114299144,0.8945436776003813
1631042759108,2021-09-07T19:25:59.109Z,30.132,0.3288761935273606,0.19282008484099475,0.23081664473588154,0.8952008382065643
1631042759123,2021-09-07T19:25:59.124Z,30.147,0.325695605892556,0.19883650651600165,0.2283511770517288,0.8956797172638682
1631042759138,2021-09-07T19:25:59.138Z,30.162,0.32245178075516423,0.20469387538970446,0.22547272578402897,0.8962629727893973
1631042759169,2021-09-07T19:25:59.169Z,30.193,0.31875915790927534,0.20815291461225863,0.22250553491567912,0.8975278548988209
1631042759184,2021-09-07T19:25:59.184Z,30.208,0.31465580289471223,0.20914244140008323,0.21979206262614343,0.8994123715606996
1631042759198,2021-09-07T19:25:59.199Z,30.222,0.310903686369558,0.21019419752248442,0.21731069449667728,0.9010734482754834
1631042759228,2021-09-07T19:25:59.229Z,30.252,0.3078384282346524,0.21377651159933103,0.21457163760737438,0.901939087480374
1631042759243,2021-09-07T19:25:59.244Z,30.267,0.30548033087097765,0.22018361069161366,0.21133661248591337,0.9019632926326552
1631042759258,2021-09-07T19:25:59.259Z,30.282,0.30304347069081855,0.22547571046925066,0.20843076302894264,0.9021540754678341
1631042759288,2021-09-07T19:25:59.289Z,30.312,0.30011907596386433,0.2285280703364836,0.2058829094965603,0.9029483312394518
1631042759304,2021-09-07T19:25:59.304Z,30.328,0.29720603038779575,0.23164675886222602,0.2033867051373844,0.9036825785546124
1631042759318,2021-09-07T19:25:59.319Z,30.342,0.2944581022803256,0.23532895134547552,0.20113723732862454,0.9041341285561102
1631042759349,2021-09-07T19:25:59.349Z,30.373,0.29143218598725495,0.2377092355839686,0.19910102544023908,0.9049421981305882
1631042759363,2021-09-07T19:25:59.364Z,30.387,0.28840012514498053,0.23890437164922526,0.1975730234598636,0.9059332036216449
1631042759378,2021-09-07T19:25:59.378Z,30.402,0.28567830094398033,0.2406901301010303,0.19613829506575278,0.9066344019782228
1631042759393,2021-09-07T19:25:59.393Z,30.417,0.2831019905187293,0.2441745675372796,0.19489854089271638,0.906778143919562
1631042759423,2021-09-07T19:25:59.424Z,30.447,0.2805954565668138,0.24867359244510642,0.19345748767423793,0.9066431683067371
1631042759438,2021-09-07T19:25:59.439Z,30.462,0.27803188109759847,0.2521381039102753,0.19180199191646743,0.9068277926633797
1631042759453,2021-09-07T19:25:59.453Z,30.477,0.27530508669151516,0.2540966518292355,0.1903160473436177,0.9074259214362633
1631042759483,2021-09-07T19:25:59.483Z,30.507,0.27261684121662594,0.2555641604767273,0.18895422460631875,0.9081097503982211
1631042759498,2021-09-07T19:25:59.499Z,30.522,0.27008988766502623,0.2578944200262319,0.18731247902435694,0.908546067022568
1631042759513,2021-09-07T19:25:59.513Z,30.537,0.26762769396204755,0.2607701495810181,0.18551463422461836,0.9088226818255343
1631042759543,2021-09-07T19:25:59.544Z,30.567,0.2652081121281243,0.2633378972805847,0.1836003869276216,0.9091802390270611
1631042759558,2021-09-07T19:25:59.558Z,30.582,0.2628579405385143,0.2658001747800321,0.1817157991220107,0.9095247872005492
1631042759573,2021-09-07T19:25:59.574Z,30.597,0.2606462424669807,0.2699282062338046,0.17974154433020115,0.9093378233687627
1631042759603,2021-09-07T19:25:59.604Z,30.627,0.25845166899216615,0.275356887262349,0.17759331963508734,0.9087584564961931
1631042759618,2021-09-07T19:25:59.619Z,30.642,0.2564143176896677,0.2806338002264917,0.1753573821234136,0.9081553591698961
1631042759634,2021-09-07T19:25:59.634Z,30.658,0.25445696421995545,0.2850547734323071,0.1730081621961134,0.9077794915710221
1631042759664,2021-09-07T19:25:59.664Z,30.688,0.25254718224502204,0.289218017167793,0.17053242537766794,0.9074643525673282
1631042759679,2021-09-07T19:25:59.679Z,30.703,0.2508443285168143,0.29505488149593817,0.16825239287975854,0.9064826926348908
1631042759694,2021-09-07T19:25:59.694Z,30.718,0.24901129642113431,0.30156359484319833,0.16554936990505342,0.9053431275731612
1631042759708,2021-09-07T19:25:59.709Z,30.732,0.24672654863662755,0.3065784945205919,0.16292086634899205,0.9047609784929052
1631042759739,2021-09-07T19:25:59.739Z,30.763,0.244316988445275,0.31101984829827867,0.16037226261690407,0.9043542450304979
1631042759754,2021-09-07T19:25:59.754Z,30.778,0.24198632938201872,0.3161154622847278,0.15780105864604166,0.9036661201942444
1631042759769,2021-09-07T19:25:59.769Z,30.793,0.23966120467944504,0.3219820001197464,0.15506258790969216,0.9026880371430841
1631042759799,2021-09-07T19:25:59.799Z,30.823,0.23730706680975464,0.32692335437000375,0.15240446376908667,0.9019863390500285
1631042759813,2021-09-07T19:25:59.814Z,30.837,0.23494772503101663,0.32936894739513695,0.14994989265365924,0.9021256523831508
1631042759829,2021-09-07T19:25:59.829Z,30.853,0.2325726108081692,0.33083217718962715,0.1476519527310074,0.9025845955324981
1631042759859,2021-09-07T19:25:59.859Z,30.883,0.23007523852702158,0.33389773731495304,0.14526507156878385,0.9024830993513423
1631042759875,2021-09-07T19:25:59.875Z,30.899,0.22739406443357374,0.3394364866836329,0.14263602478528187,0.9015152663164968
1631042759891,2021-09-07T19:25:59.891Z,30.915,0.22472669288220026,0.343719752233643,0.1397289044171656,0.9010163587311004
1631042759919,2021-09-07T19:25:59.919Z,30.943,0.2221355911438642,0.3450301330208881,0.13722063762686454,0.9015433894516841
1631042759933,2021-09-07T19:25:59.934Z,30.957,0.2195185765523159,0.34627345907924556,0.13468310510584963,0.902090210170128
1631042759948,2021-09-07T19:25:59.949Z,30.972,0.2168701616328806,0.3495887205965212,0.1320704478060086,0.9018383758974422
1631042759978,2021-09-07T19:25:59.979Z,31.002,0.21427666149160202,0.3545014642664464,0.129386428027284,0.9009291739172948
1631042759993,2021-09-07T19:25:59.994Z,31.017,0.21156030879420362,0.3584857237141164,0.1265958486915714,0.9003908666407763
1631042760008,2021-09-07T19:26:00.008Z,31.032,0.2087044063424262,0.3603081605798474,0.12378590964476524,0.9007205719679331
1631042760039,2021-09-07T19:26:00.039Z,31.063,0.2056847984581298,0.3617592795641168,0.12074243423037413,0.9012464989716265
1631042760053,2021-09-07T19:26:00.054Z,31.077,0.20277809372974695,0.3640144635451125,0.11776078817143212,0.901391652836067
1631042760069,2021-09-07T19:26:00.069Z,31.093,0.20011996334935145,0.36639745145821667,0.11487271237312609,0.9013929042243559
1631042760084,2021-09-07T19:26:00.084Z,31.108,0.19765284153496115,0.36851995243730157,0.11182972503663335,0.9014546641329199
1631042760114,2021-09-07T19:26:00.114Z,31.138,0.1955476912312159,0.3709435894019349,0.10901929698304208,0.9012639717757905
1631042760129,2021-09-07T19:26:00.129Z,31.153,0.19373066568885697,0.37368052899926096,0.10668789510303513,0.9008046316805154
1631042760144,2021-09-07T19:26:00.144Z,31.168,0.1923091971545879,0.37696840651672514,0.10459888530169528,0.8999839256184756
1631042760174,2021-09-07T19:26:00.174Z,31.198,0.19095834863306377,0.3803728773801018,0.10251109180519145,0.8990788949240345
1631042760189,2021-09-07T19:26:00.189Z,31.213,0.18970048171704074,0.38329386194114234,0.10090517116577583,0.8982859728764402
1631042760204,2021-09-07T19:26:00.204Z,31.228,0.18873657325991008,0.3860457845727292,0.09981704524359439,0.8974317331176623
1631042760234,2021-09-07T19:26:00.234Z,31.258,0.18794183512157442,0.3889795260111577,0.09894589376370999,0.8964276351510873
1631042760249,2021-09-07T19:26:00.249Z,31.273,0.18705718666111154,0.39131040315765886,0.09835280712939888,0.8956631635993455
1631042760264,2021-09-07T19:26:00.264Z,31.288,0.18631490767506367,0.3926613284159395,0.09782571971747737,0.8952842927843757
1631042760294,2021-09-07T19:26:00.294Z,31.318,0.1856410205840483,0.3929971159512707,0.09746374937412126,0.8953164222153166
1631042760308,2021-09-07T19:26:00.309Z,31.332,0.18520481222013363,0.39337830513321914,0.09718817161717841,0.8952693147197276
1631042760324,2021-09-07T19:26:00.324Z,31.348,0.18484201450604382,0.39495279356450425,0.09679349245110264,0.894693657263792
1631042760354,2021-09-07T19:26:00.354Z,31.378,0.18436313845473914,0.39747145081832147,0.09629860353155116,0.893729969242036
1631042760368,2021-09-07T19:26:00.369Z,31.392,0.18386647869682787,0.39928363177904136,0.09573258081748327,0.8930850868618242
1631042760384,2021-09-07T19:26:00.384Z,31.408,0.18340957782340978,0.40072886229511345,0.09483386125019894,0.8926274947852998
1631042760398,2021-09-07T19:26:00.399Z,31.422,0.18283185557417803,0.40275028776647026,0.09389827500389063,0.8919348811671299
1631042760428,2021-09-07T19:26:00.429Z,31.452,0.18261493365997553,0.40440919161601246,0.09330980287355144,0.8912902290660125
1631042760443,2021-09-07T19:26:00.444Z,31.467,0.1827894770919171,0.4046380838428863,0.0931812609907182,0.8911640032949045
1631042760458,2021-09-07T19:26:00.458Z,31.482,0.18305317480786623,0.404631634874637,0.09305818843250262,0.8911256638752472
1631042760488,2021-09-07T19:26:00.489Z,31.512,0.18365707505078696,0.40528439705700714,0.093153317883007,0.8906947264092874
1631042760503,2021-09-07T19:26:00.504Z,31.527,0.1846206076400226,0.4059927247335335,0.09311964550540607,0.8901763141754658
1631042760518,2021-09-07T19:26:00.519Z,31.542,0.18555042240723843,0.40649134408812815,0.09320799311567972,0.8897460862208217
1631042760549,2021-09-07T19:26:00.549Z,31.573,0.1862832126563998,0.4069433439874018,0.09325060086986593,0.8893818105314335
1631042760563,2021-09-07T19:26:00.564Z,31.587,0.18699829077430638,0.40696906601781013,0.09355223822391066,0.8891882799921376
1631042760578,2021-09-07T19:26:00.579Z,31.602,0.18760644819575906,0.40649797277447347,0.09393460763213402,0.8892353502951919
1631042760608,2021-09-07T19:26:00.609Z,31.632,0.1881640012128424,0.40613133659854483,0.09426831726606995,0.8892497570649522
1631042760623,2021-09-07T19:26:00.624Z,31.647,0.18863276968824363,0.4059126318226459,0.09452586534976615,0.8892229609644776
1631042760638,2021-09-07T19:26:00.639Z,31.662,0.18903077089087408,0.40557817352584347,0.0947828314716922,0.8892636997393132
1631042760668,2021-09-07T19:26:00.668Z,31.692,0.18935049519057237,0.40508042586769993,0.09504227063538663,0.8893948534494664
1631042760683,2021-09-07T19:26:00.683Z,31.707,0.1895619046350549,0.4047113959637263,0.09520142580303144,0.889500791912684
1631042760698,2021-09-07T19:26:00.699Z,31.722,0.18975490596901093,0.4043265022115663,0.09519917648449402,0.8896349094244932
1631042760713,2021-09-07T19:26:00.713Z,31.737,0.19001144372844728,0.40413824153607764,0.09531962972927174,0.8896527981008281
1631042760743,2021-09-07T19:26:00.744Z,31.767,0.19030954027031738,0.4039192217387393,0.09548018914531495,0.8896713295778652
1631042760758,2021-09-07T19:26:00.759Z,31.782,0.1905042671161962,0.40375855417648704,0.09559868241213748,0.8896898594796374
1631042760773,2021-09-07T19:26:00.773Z,31.797,0.19059068891079106,0.403740127640315,0.09570456016399433,0.8896683290964721
1631042760804,2021-09-07T19:26:00.804Z,31.828,0.19063105813128361,0.40413000582311764,0.0956228580828052,0.8894914317075966
1631042760818,2021-09-07T19:26:00.819Z,31.842,0.19050039962260468,0.40442441211458907,0.09547971495395521,0.8894009875538189
1631042760833,2021-09-07T19:26:00.834Z,31.857,0.19048489489033021,0.4044214457099686,0.09544080425092677,0.88940983351457
1631042760864,2021-09-07T19:26:00.864Z,31.888,0.19047111379194193,0.4042431138681992,0.09546046757370648,0.8894917418568924
1631042760878,2021-09-07T19:26:00.878Z,31.902,0.1904955550361759,0.4044708107036347,0.09541170519617101,0.8893882241809606
1631042760893,2021-09-07T19:26:00.894Z,31.917,0.19035556017651506,0.4048334467853015,0.0950937747959759,0.8892872511561548
1631042760923,2021-09-07T19:26:00.923Z,31.947,0.1900953921010965,0.4051300824713444,0.09484695506042794,0.8892341723609463
1631042760938,2021-09-07T19:26:00.939Z,31.962,0.18985673072497808,0.4052710679028758,0.09457943233449206,0.8892494106259341
1631042760953,2021-09-07T19:26:00.953Z,31.977,0.18977423878693156,0.4051278398408968,0.09449208962319926,0.8893415635611162
1631042760983,2021-09-07T19:26:00.984Z,32.007,0.18977616039216363,0.40512074551257116,0.09449343040675351,0.8893442427497411
1631042760998,2021-09-07T19:26:00.998Z,32.022,0.18979839428138426,0.40533002031189636,0.09444877230381604,0.8892488816818763
1631042761013,2021-09-07T19:26:01.014Z,32.037,0.18981917566912826,0.40563393213880033,0.0943802241145453,0.8891131350632472
1631042761028,2021-09-07T19:26:01.029Z,32.052,0.1898345696850699,0.4057790420262627,0.09434924515758768,0.8890469195396418
1631042761058,2021-09-07T19:26:01.059Z,32.082,0.1898345696850699,0.4057790420262627,0.09434924515758768,0.8890469195396418
1631042761073,2021-09-07T19:26:01.074Z,32.097,0.1898280436903721,0.40586472522418066,0.09431336351786995,0.8890130078403424
1631042761088,2021-09-07T19:26:01.089Z,32.112,0.18974454841340482,0.40600776764513613,0.09417929575467662,0.8889797293585266
1631042761119,2021-09-07T19:26:01.119Z,32.143,0.1897413719448407,0.40608537166910696,0.09415540038083095,0.8889474918508844
1631042761134,2021-09-07T19:26:01.134Z,32.158,0.18983938020626212,0.4060736027027262,0.09418927993373338,0.8889283539501344
1631042761149,2021-09-07T19:26:01.149Z,32.173,0.19005858250185317,0.40588437127090127,0.09430992281765822,0.8889551455689645
1631042761179,2021-09-07T19:26:01.179Z,32.203,0.1902572805867839,0.40563967525243816,0.09446903299588476,0.889007436892201
1631042761209,2021-09-07T19:26:01.209Z,32.233,0.1903508467012497,0.4051662709989747,0.09446296157638363,0.8892039118757415
1631042761209,2021-09-07T19:26:01.209Z,32.233,0.19037723744935126,0.4049467766830634,0.09430217850747566,0.8893153066510746
1631042761239,2021-09-07T19:26:01.239Z,32.263,0.1903909606824635,0.4048889884199007,0.09426293593801555,0.8893428405598506
1631042761256,2021-09-07T19:26:01.256Z,32.28,0.19056883207133885,0.404870145366119,0.09434390698091867,0.8893047356501367
1631042761269,2021-09-07T19:26:01.269Z,32.293,0.190812675896822,0.40488543841631647,0.09436225829387142,0.889243537331142
1631042761299,2021-09-07T19:26:01.299Z,32.323,0.19104377533348038,0.40484999779544056,0.09438834145682493,0.889207285276269
1631042761314,2021-09-07T19:26:01.314Z,32.338,0.19133447801307205,0.40460140802682915,0.09457735322119602,0.8892378435513446
1631042761329,2021-09-07T19:26:01.329Z,32.353,0.19163732154424182,0.40447893412954294,0.09480755001253652,0.8892038333798377
1631042761359,2021-09-07T19:26:01.359Z,32.383,0.19191608719858536,0.4045482746772594,0.09484011381818165,0.8891086894980794
1631042761374,2021-09-07T19:26:01.374Z,32.398,0.19198438057335404,0.40474953261103114,0.09469456739921735,0.889017858297623
1631042761388,2021-09-07T19:26:01.389Z,32.412,0.19210979110821097,0.4045942078920009,0.09478879605679463,0.8890514266580462
1631042761403,2021-09-07T19:26:01.405Z,32.427,0.19225563193087164,0.40403601704093867,0.09486831021117315,0.8892652431317848
1631042761434,2021-09-07T19:26:01.434Z,32.458,0.19223896550269637,0.40387980850944105,0.09490207282152797,0.8893362002049663
1631042761449,2021-09-07T19:26:01.449Z,32.473,0.19228718856391222,0.4041224368287546,0.09480059724520662,0.8892263715880945
1631042761463,2021-09-07T19:26:01.464Z,32.487,0.19232974060310348,0.4043120272754273,0.09471058397859207,0.8891405742414474
1631042761494,2021-09-07T19:26:01.494Z,32.518,0.19251432263382498,0.40417875410137516,0.0948242656015355,0.8891491039004816
1631042761509,2021-09-07T19:26:01.509Z,32.533,0.19272834186195698,0.4040187623189266,0.09495190591919245,0.8891618308832966
1631042761523,2021-09-07T19:26:01.524Z,32.547,0.19272834186195698,0.4040187623189266,0.09495190591919245,0.8891618308832966
1631042761554,2021-09-07T19:26:01.554Z,32.578,0.1927208463178059,0.40394857730423855,0.09496711987673759,0.8891937181687395
1631042761568,2021-09-07T19:26:01.569Z,32.592,0.1927946092908388,0.40370873147057357,0.09506146032894146,0.8892765697593422
1631042761583,2021-09-07T19:26:01.583Z,32.607,0.192802120923325,0.4037789487697275,0.09504623950738281,0.8892446879534263
1631042761613,2021-09-07T19:26:01.614Z,32.637,0.1928276161420693,0.40401763557913806,0.09499446498744137,0.8891362731413894
1631042761628,2021-09-07T19:26:01.629Z,32.652,0.19282784190933625,0.40402631276916245,0.09499382534584985,0.8891323496088225
1631042761643,2021-09-07T19:26:01.644Z,32.667,0.19282407256935516,0.40378270854602727,0.09509046725450353,0.8892334925959111
1631042761673,2021-09-07T19:26:01.674Z,32.697,0.19283440209807307,0.4039277627783132,0.09504190586284153,0.8891705640395123
1631042761688,2021-09-07T19:26:01.689Z,32.712,0.1928455053892938,0.4040602977388761,0.09500852076113317,0.889111504719796
1631042761718,2021-09-07T19:26:01.718Z,32.742,0.19284505759527693,0.4041251161980876,0.09498477538721443,0.8890846791299448
1631042761719,2021-09-07T19:26:01.719Z,32.743,0.1928445383296053,0.40411886247784357,0.09498053712741089,0.8890880870830762
1631042761751,2021-09-07T19:26:01.751Z,32.775,0.1928406348372356,0.4041181783065929,0.09497070266241867,0.8890902952757606
1631042761763,2021-09-07T19:26:01.763Z,32.787,0.1928254330687938,0.4041865096148984,0.09492180323013023,0.8890677528055432
1631042761778,2021-09-07T19:26:01.778Z,32.802,0.19281602231361947,0.40425995530825043,0.09488585763279375,0.8890402376127947
1631042761808,2021-09-07T19:26:01.809Z,32.832,0.1928484773608098,0.40405494723403623,0.09495075222960861,0.8891194627530932
1631042761823,2021-09-07T19:26:01.823Z,32.847,0.1928601266194098,0.4036910238478364,0.0950528756395419,0.8892713194844893
1631042761838,2021-09-07T19:26:01.839Z,32.862,0.19283138199755895,0.40308472481154406,0.09517943851308575,0.8895390026439803
1631042761868,2021-09-07T19:26:01.869Z,32.892,0.19290914222567482,0.4027689220640935,0.09541283835297522,0.8896401792536753
1631042761883,2021-09-07T19:26:01.884Z,32.907,0.19314962639790775,0.40273946553456935,0.09552266455801982,0.8895895487689894
1631042761898,2021-09-07T19:26:01.899Z,32.922,0.19319041251825966,0.4026782549871375,0.09555605887251417,0.8896048151197762
1631042761928,2021-09-07T19:26:01.928Z,32.952,0.19333169048957746,0.4023351111703853,0.095706180652414,0.8897132362491206
1631042761943,2021-09-07T19:26:01.943Z,32.967,0.1934566054023526,0.4019994730862588,0.09584735356834996,0.8898225948347865
1631042761958,2021-09-07T19:26:01.959Z,32.982,0.19347945294226113,0.401988484468666,0.0957967810420339,0.889828037536317
1631042761988,2021-09-07T19:26:01.989Z,33.012,0.19350362016204134,0.4022189108945476,0.09574636174748799,0.8897240757196063
1631042762004,2021-09-07T19:26:02.004Z,33.028,0.19363964216685373,0.4023549982068036,0.09577771579294157,0.889629570977147
1631042762018,2021-09-07T19:26:02.019Z,33.042,0.19371497680641162,0.4023413370414054,0.09584630305258446,0.8896119617337538
1631042762034,2021-09-07T19:26:02.034Z,33.058,0.19372374017852273,0.402428303312138,0.09580142894203528,0.8895755501345696
1631042762064,2021-09-07T19:26:02.064Z,33.088,0.19375347618733646,0.40270455689877704,0.09574125473722016,0.8894505283935839
1631042762079,2021-09-07T19:26:02.079Z,33.103,0.1937508711087671,0.40268030326370774,0.09574653849573038,0.8894615076967233
1631042762094,2021-09-07T19:26:02.094Z,33.118,0.19372057089134098,0.4024926252491879,0.09574891218771434,0.8895527937387523
1631042762124,2021-09-07T19:26:02.124Z,33.148,0.1936855397220386,0.4023666240668176,0.09573183617893018,0.889619259616981
1631042762139,2021-09-07T19:26:02.139Z,33.163,0.193683414435208,0.4023690794476055,0.09572779327129384,0.8896190468243215
1631042762154,2021-09-07T19:26:02.154Z,33.178,0.19367239716052942,0.4023695463950606,0.09579477128058832,0.8896140244551155
1631042762184,2021-09-07T19:26:02.184Z,33.208,0.19375467920100353,0.4022801051054987,0.09591602840823805,0.8896234916066545
1631042762199,2021-09-07T19:26:02.199Z,33.223,0.19384271340963066,0.4020380456856463,0.09600848181746989,0.8897037617647587
1631042762214,2021-09-07T19:26:02.214Z,33.238,0.19382075276024974,0.40213810078683565,0.09601079324168757,0.8896630773928459
1631042762244,2021-09-07T19:26:02.244Z,33.268,0.1938524078531624,0.40251996725505657,0.09592930135115414,0.8894922647627685
1631042762258,2021-09-07T19:26:02.259Z,33.282,0.19386472893149564,0.40252708547978755,0.0959216038219196,0.8894871883572558
1631042762273,2021-09-07T19:26:02.274Z,33.297,0.19396724852672995,0.4023457684489124,0.09600292663825732,0.8895380976591803
1631042762304,2021-09-07T19:26:02.304Z,33.328,0.19409344643739873,0.4024798192394374,0.09608334819456386,0.8894412399674106
1631042762318,2021-09-07T19:26:02.319Z,33.342,0.19421338221376572,0.4027041635110962,0.0961413864005426,0.8893072318838409
1631042762334,2021-09-07T19:26:02.334Z,33.358,0.19423763294052507,0.403021004458353,0.09618190596791257,0.8891540096515462
1631042762364,2021-09-07T19:26:02.364Z,33.388,0.19426444875849816,0.4033564761760813,0.09613826481382876,0.889000737409119
1631042762378,2021-09-07T19:26:02.379Z,33.402,0.19431453686160483,0.40329425993436063,0.09617601207800908,0.8890139342940735
1631042762394,2021-09-07T19:26:02.394Z,33.418,0.1944527544713247,0.4031278333322165,0.09627878256003827,0.8890480708601441
1631042762408,2021-09-07T19:26:02.409Z,33.432,0.19457804345859214,0.40311427331564004,0.09633559324876555,0.8890206528120917
1631042762438,2021-09-07T19:26:02.439Z,33.462,0.19471864049390863,0.4031573758967809,0.09632535849277488,0.8889714318331405
1631042762453,2021-09-07T19:26:02.454Z,33.477,0.19479339596517825,0.4033486694364652,0.09629707428342099,0.8888713389668044
1631042762469,2021-09-07T19:26:02.469Z,33.493,0.19478715949206304,0.4033581006452797,0.09628646825790406,0.8888695748934516
1631042762498,2021-09-07T19:26:02.499Z,33.522,0.19480214275513566,0.40322159194243334,0.09631584965122839,0.8889250418766363
1631042762513,2021-09-07T19:26:02.514Z,33.537,0.19479428336447974,0.4031549117783246,0.09632775984341382,0.8889557170979215
1631042762529,2021-09-07T19:26:02.529Z,33.553,0.19485942048743468,0.4032756793718603,0.09632341820487142,0.888887131068841
1631042762558,2021-09-07T19:26:02.559Z,33.582,0.19497472146687703,0.403381647725234,0.09633023340680366,0.8888130233064655
1631042762573,2021-09-07T19:26:02.574Z,33.597,0.19499805292236452,0.4036522152219085,0.09627160292994567,0.8886914126805949
1631042762589,2021-09-07T19:26:02.589Z,33.613,0.1950166690778571,0.40364778420830105,0.09627428741249282,0.8886890494817201
1631042762618,2021-09-07T19:26:02.619Z,33.642,0.19504913348847833,0.4035016526217094,0.09632390570190394,0.8887429082964736
1631042762633,2021-09-07T19:26:02.634Z,33.657,0.19515166521543212,0.4033812457052023,0.09639838750328604,0.8887669824333763
1631042762651,2021-09-07T19:26:02.651Z,33.675,0.19528907804821766,0.40339458541008283,0.09645961357091297,0.8887241008359427
1631042762678,2021-09-07T19:26:02.679Z,33.702,0.19542892080459523,0.4033643860732559,0.09653513781380776,0.8886988669555993
1631042762693,2021-09-07T19:26:02.694Z,33.717,0.19558859049234262,0.40339935099438656,0.09659341074613494,0.8886415362152251
1631042762708,2021-09-07T19:26:02.709Z,33.732,0.1957250589120366,0.4033182373890884,0.09667299207705973,0.8886396532375244
1631042762724,2021-09-07T19:26:02.724Z,33.748,0.19585221327841115,0.403316394433723,0.09681529961646422,0.8885969808046298
1631042762753,2021-09-07T19:26:02.754Z,33.777,0.1960884443663763,0.4035999705390121,0.09692196351608354,0.8884044792520296
1631042762769,2021-09-07T19:26:02.769Z,33.793,0.1962769762099211,0.40365037108429014,0.0969886622743701,0.8883326662481985
1631042762783,2021-09-07T19:26:02.784Z,33.807,0.19628044479503662,0.40345667881851244,0.09697750708166765,0.8884211042225546
1631042762813,2021-09-07T19:26:02.814Z,33.837,0.19640071125281364,0.40344356411076165,0.09703212688551147,0.8883945168387009
1631042762829,2021-09-07T19:26:02.829Z,33.853,0.19647699195898544,0.4034920260950502,0.09705156627039935,0.8883535163395945
1631042762843,2021-09-07T19:26:02.844Z,33.867,0.19657983185029831,0.403480774344667,0.09709827749692115,0.8883307711382441
1631042762873,2021-09-07T19:26:02.874Z,33.897,0.19670944759254724,0.4034666293996227,0.09715714722209921,0.888302066265978
1631042762889,2021-09-07T19:26:02.889Z,33.913,0.19676597892500944,0.4035077490688737,0.09717014667068821,0.888269445931273
1631042762903,2021-09-07T19:26:02.904Z,33.927,0.1968302204717762,0.4035007211311803,0.09719933189894295,0.8882552123314832
1631042762933,2021-09-07T19:26:02.934Z,33.957,0.1970031884018127,0.4034817869158058,0.09727791082718999,0.8882168651021244
1631042762948,2021-09-07T19:26:02.950Z,33.972,0.19712005898075613,0.40346897349331534,0.09733099659491938,0.8881909405513622
1631042762963,2021-09-07T19:26:02.964Z,33.987,0.1972755464974107,0.40331947256414563,0.09736821668395222,0.8882202385582724
1631042762993,2021-09-07T19:26:02.994Z,34.017,0.19750562498636504,0.4029852190314972,0.09755567554319006,0.8883002485140895
1631042763008,2021-09-07T19:26:03.009Z,34.032,0.19769496679379647,0.40296440223317875,0.09764156970710089,0.8882581350611939
1631042763023,2021-09-07T19:26:03.024Z,34.047,0.19772536206503835,0.4030172056349733,0.09757583170804791,0.8882346369202847
1631042763038,2021-09-07T19:26:03.039Z,34.062,0.1977156014737871,0.4029283940433301,0.09759560538467613,0.8882749281709577
1631042763068,2021-09-07T19:26:03.069Z,34.092,0.1977017212876985,0.4028021378456891,0.09762369777977986,0.8883321905563402
1631042763083,2021-09-07T19:26:03.084Z,34.107,0.1978269856819598,0.4027363146135452,0.09769448842286105,0.8883263654531958
1631042763098,2021-09-07T19:26:03.099Z,34.122,0.1978503039829465,0.402724866416369,0.0976430411674477,0.8883320188394348
1631042763128,2021-09-07T19:26:03.129Z,34.152,0.1978957744229925,0.4025788487575158,0.0977016137303051,0.8883816340250914
1631042763143,2021-09-07T19:26:03.144Z,34.167,0.19792615977930328,0.40233888430563575,0.09777911560086898,0.8884750429826523
1631042763158,2021-09-07T19:26:03.159Z,34.182,0.19801265750208719,0.4022725674663301,0.0978335775184103,0.8884798028334447
1631042763188,2021-09-07T19:26:03.189Z,34.212,0.19804037565595428,0.4020943834205501,0.0978933023598927,0.8885477014683965
1631042763219,2021-09-07T19:26:03.219Z,34.243,0.19814080546233204,0.40193183338193395,0.09797956319589401,0.8885893470669773
1631042763219,2021-09-07T19:26:03.219Z,34.243,0.1982445022663469,0.40185071068870704,0.09804524732851362,0.8885956634580431
1631042763249,2021-09-07T19:26:03.249Z,34.273,0.198370775420943,0.40183679444486686,0.09810234893148932,0.8885674736469324
1631042763264,2021-09-07T19:26:03.264Z,34.288,0.19851419000698317,0.40182098116443293,0.09816720910886156,0.888535432336663
1631042763279,2021-09-07T19:26:03.279Z,34.303,0.1987052173282742,0.4017998698429883,0.09825359583858426,0.8884927304741829
1631042763309,2021-09-07T19:26:03.309Z,34.333,0.19891157450925676,0.40190162688455844,0.09831321829972195,0.88839393229656
1631042763324,2021-09-07T19:26:03.324Z,34.348,0.19905863477988353,0.40230884694707414,0.09826511033908202,0.8881819744161287
1631042763339,2021-09-07T19:26:03.339Z,34.363,0.19911548929645378,0.4028230397358649,0.0981498307538556,0.8879488900286892
1631042763353,2021-09-07T19:26:03.354Z,34.377,0.19913857376575655,0.4030319890242696,0.09810297531758998,0.8878540704955503
1631042763386,2021-09-07T19:26:03.386Z,34.41,0.19913857376575655,0.4030319890242696,0.09810297531758998,0.8878540704955503
1631042763399,2021-09-07T19:26:03.399Z,34.423,0.19913857376575655,0.4030319890242696,0.09810297531758998,0.8878540704955503
1631042763414,2021-09-07T19:26:03.414Z,34.438,0.19914588618730408,0.40309820159148896,0.09808812431570639,0.8878240117031118
1631042763444,2021-09-07T19:26:03.444Z,34.468,0.1991426101441518,0.4032710595439296,0.09809842955863618,0.8877451050146207
1631042763459,2021-09-07T19:26:03.459Z,34.483,0.19921255600297563,0.4034330347781628,0.0981544727319244,0.8876496175085984
1631042763474,2021-09-07T19:26:03.474Z,34.498,0.19941249798081584,0.40323123959245183,0.09829411807629922,0.887680961504407
1631042763504,2021-09-07T19:26:03.504Z,34.528,0.19955846002081112,0.402969108500402,0.09842721789803337,0.8877524437619795
1631042763519,2021-09-07T19:26:03.519Z,34.543,0.19970191145605246,0.4029531899469615,0.09849233496475526,0.8877201885873484
1631042763533,2021-09-07T19:26:03.534Z,34.557,0.19985559588161547,0.4027611018325748,0.09860968592472402,0.8877597453631484
1631042763563,2021-09-07T19:26:03.564Z,34.587,0.20005493631167254,0.40259705515039845,0.09873874127668911,0.8877749121329429
1631042763578,2021-09-07T19:26:03.579Z,34.602,0.2002308875942089,0.4024194002522925,0.09880300918199166,0.8878086411667796
1631042763594,2021-09-07T19:26:03.594Z,34.618,0.20043647495671796,0.40239650414096173,0.09889619909133182,0.887762251262885
1631042763623,2021-09-07T19:26:03.624Z,34.647,0.200689172300139,0.4024210384048943,0.09899636640120317,0.8876828732210452
1631042763639,2021-09-07T19:26:03.639Z,34.663,0.20095542735700564,0.40254102484167265,0.09907616256447146,0.8875593239590678
1631042763653,2021-09-07T19:26:03.654Z,34.677,0.2011615339606584,0.4026216871921856,0.09907095897367581,0.8874766246753483
1631042763683,2021-09-07T19:26:03.684Z,34.707,0.20136822598035753,0.40253016028680777,0.09903266201183976,0.8874755430319472
1631042763698,2021-09-07T19:26:03.699Z,34.722,0.20156743489256138,0.4023660592986405,0.09916190491521594,0.8874903042450107
1631042763713,2021-09-07T19:26:03.714Z,34.737,0.20176740692001852,0.40218456007240694,0.09929623811660829,0.8875121127286241
1631042763728,2021-09-07T19:26:03.729Z,34.752,0.20197292082006196,0.402161546891891,0.09938936893986294,0.8874653699151703
1631042763773,2021-09-07T19:26:03.774Z,34.797,0.20216084890994274,0.4022350882308886,0.09944852379697669,0.8873826210144657
1631042763774,2021-09-07T19:26:03.774Z,34.798,0.20231597007022317,0.4023633872064976,0.09947875071459082,0.8872857099303036
1631042763788,2021-09-07T19:26:03.788Z,34.812,0.20249869585652328,0.4024327527768575,0.09953686917546296,0.8872060467239811
1631042763818,2021-09-07T19:26:03.819Z,34.842,0.20263521375521537,0.40227207545931665,0.09963884950790304,0.887236297229083
1631042763833,2021-09-07T19:26:03.834Z,34.857,0.20274340762208692,0.40205659779790875,0.09974398294624862,0.8872974364320985
1631042763849,2021-09-07T19:26:03.849Z,34.873,0.202860454490381,0.40187792940960393,0.09984268737457483,0.8873405229308692
1631042763878,2021-09-07T19:26:03.879Z,34.902,0.20288850570710296,0.4016737683234016,0.0999109011121895,0.887418869492737
1631042763893,2021-09-07T19:26:03.894Z,34.917,0.20288850570710296,0.4016737683234016,0.0999109011121895,0.887418869492737
1631042763908,2021-09-07T19:26:03.908Z,34.932,0.20292040711418957,0.40154483957276904,0.09995994730726247,0.887464398792098
1631042763938,2021-09-07T19:26:03.939Z,34.962,0.2030153902066965,0.40121246006431566,0.100091719689524,0.8875781435332647
1631042763953,2021-09-07T19:26:03.954Z,34.977,0.20317481646006888,0.40124178303657004,0.10015071276024845,0.8875217519788828
1631042763968,2021-09-07T19:26:03.969Z,34.992,0.20329729553238007,0.4013733733634124,0.10016589286853225,0.887432486834883
1631042763998,2021-09-07T19:26:03.999Z,35.022,0.20341292975268066,0.40130825728037817,0.10023258350312493,0.8874279079746737
1631042764013,2021-09-07T19:26:04.014Z,35.037,0.20353763983654907,0.40116756496421274,0.10032401069586579,0.8874525941526945
1631042764028,2021-09-07T19:26:04.029Z,35.052,0.20364974801151647,0.4011549131381591,0.10037468562812492,0.887426863625965
1631042764044,2021-09-07T19:26:04.044Z,35.068,0.2037618367940438,0.40114225158972006,0.10042535813497278,0.8874011242382497
1631042764073,2021-09-07T19:26:04.074Z,35.097,0.20392666010721383,0.40106685481798043,0.10051560779080626,0.8873871240075409
1631042764088,2021-09-07T19:26:04.089Z,35.112,0.2039939095157194,0.40120117480541084,0.1005066151721671,0.8873119645997594
1631042764104,2021-09-07T19:26:04.104Z,35.128,0.20400237269386737,0.4012759176876223,0.10048943379838728,0.8872781658049005
1631042764149,2021-09-07T19:26:04.149Z,35.173,0.20400237269386737,0.4012759176876223,0.10048943379838728,0.8872781658049005
1631042764149,2021-09-07T19:26:04.149Z,35.173,0.20412378315467847,0.4012621407667374,0.10054434250850174,0.8872502525936241
1631042764163,2021-09-07T19:26:04.164Z,35.187,0.20425835307703563,0.4013745800953517,0.10056972542559652,0.8871655437286535
1631042764193,2021-09-07T19:26:04.194Z,35.217,0.20439580162408963,0.401586027515573,0.1005688015558674,0.8870382939514639
1631042764208,2021-09-07T19:26:04.209Z,35.232,0.20438541502501298,0.4014943844119396,0.10058991626035925,0.887079776659047
1631042764224,2021-09-07T19:26:04.224Z,35.248,0.20447292959089194,0.4009736491033814,0.10077159879793866,0.8872745001773374
1631042764254,2021-09-07T19:26:04.254Z,35.278,0.20454053660421803,0.4006111643629475,0.10090085168282563,0.8874079569189711
1631042764283,2021-09-07T19:26:04.284Z,35.307,0.20468534938371505,0.4006467243651341,0.10095174812415522,0.8873527227398539
1631042764284,2021-09-07T19:26:04.284Z,35.308,0.20485765028440223,0.400627112031879,0.10102954648188177,0.8873129611149693
1631042764313,2021-09-07T19:26:04.314Z,35.337,0.20500662574443146,0.4004398509351124,0.1011442747415866,0.8873500126054803
1631042764329,2021-09-07T19:26:04.329Z,35.353,0.2051470846452953,0.40018963242465155,0.10127295409105481,0.8874157540471261
1631042764343,2021-09-07T19:26:04.344Z,35.367,0.20540202471236832,0.3997403540359956,0.10134704809341442,0.8875508061187188
1631042764359,2021-09-07T19:26:04.359Z,35.383,0.20546462759777478,0.3993140386738933,0.10132410938808989,0.8877308207901552
1631042764388,2021-09-07T19:26:04.389Z,35.412,0.2054630224175551,0.3986567863106504,0.10131369552058006,0.8880277294361202
1631042764403,2021-09-07T19:26:04.404Z,35.427,0.20537465955754974,0.39694345277618526,0.10159648281529808,0.8887830439366525
1631042764419,2021-09-07T19:26:04.419Z,35.443,0.2053893515575036,0.3950690931127977,0.10200265089849277,0.8895679204779702
1631042764449,2021-09-07T19:26:04.449Z,35.473,0.2055308068971284,0.39349144605526365,0.10249947732651828,0.8901771882301543
1631042764464,2021-09-07T19:26:04.464Z,35.488,0.2060035406558352,0.3919270802876593,0.10312809492736062,0.8906852985264231
1631042764478,2021-09-07T19:26:04.480Z,35.502,0.2066621352006647,0.3900681769278765,0.10391400848207583,0.8912572345084508
1631042764509,2021-09-07T19:26:04.509Z,35.533,0.20736632016565873,0.38823998471486154,0.10470924660519482,0.8917986864785853
1631042764523,2021-09-07T19:26:04.524Z,35.547,0.2080509203357047,0.38646483194030545,0.10553826329625735,0.8923124022455519
1631042764539,2021-09-07T19:26:04.539Z,35.563,0.20878579120994073,0.3844088389337273,0.1064665710386096,0.8929183653558389
1631042764569,2021-09-07T19:26:04.569Z,35.593,0.20961374819805517,0.38238222821415807,0.10756001274304489,0.8934633466298737
1631042764584,2021-09-07T19:26:04.584Z,35.608,0.21054551680509354,0.3806034746622801,0.10874775400786658,0.8938598919442128
1631042764599,2021-09-07T19:26:04.599Z,35.623,0.2115462429546295,0.37881225476007313,0.11001752354268322,0.8942290574841022
1631042764629,2021-09-07T19:26:04.629Z,35.653,0.21247507028211832,0.3770266962239739,0.11130876522971897,0.8946035846262184
1631042764643,2021-09-07T19:26:04.644Z,35.667,0.21347149862326542,0.3747793673637565,0.11278227534814192,0.8951259707109697
1631042764658,2021-09-07T19:26:04.659Z,35.682,0.2147345386388156,0.3724191771837494,0.11442279030609151,0.8956006138005503
1631042764674,2021-09-07T19:26:04.674Z,35.698,0.21626240475840408,0.3697787602061867,0.11633415023017171,0.8960806918345644
1631042764703,2021-09-07T19:26:04.704Z,35.727,0.2179429720416803,0.3677203425228268,0.11817845920738192,0.8962792323890494
1631042764718,2021-09-07T19:26:04.719Z,35.742,0.2194038921994376,0.36583572533394215,0.11962115734300392,0.8965026117491495
1631042764733,2021-09-07T19:26:04.734Z,35.757,0.22067023225856225,0.3636646419442435,0.12129682798417714,0.8968499073509985
1631042764778,2021-09-07T19:26:04.779Z,35.802,0.22210387322813646,0.3612193373708706,0.12331476495144852,0.8972089659334541
1631042764779,2021-09-07T19:26:04.779Z,35.803,0.22378181161685232,0.3584435024653915,0.12531604007514324,0.8976278997612027
1631042764793,2021-09-07T19:26:04.794Z,35.817,0.22571215127436733,0.3551169052593233,0.12727645092510653,0.898190800112118
1631042764823,2021-09-07T19:26:04.824Z,35.847,0.227675048445814,0.35109340145891493,0.12911715342171484,0.899014046864385
1631042764839,2021-09-07T19:26:04.839Z,35.863,0.22957223944276667,0.3468115373625338,0.13100798593826213,0.8999195808792412
1631042764853,2021-09-07T19:26:04.854Z,35.877,0.23164155935026148,0.34273846948680703,0.1331072378008555,0.9006414340683239
1631042764883,2021-09-07T19:26:04.884Z,35.907,0.23410173791313516,0.33865498007436934,0.13532345592802833,0.9012195864785525
1631042764899,2021-09-07T19:26:04.899Z,35.923,0.23665791257519356,0.3346778295463653,0.13732095641638095,0.9017354034053318
1631042764913,2021-09-07T19:26:04.914Z,35.937,0.23928627974433322,0.3308901664082843,0.1394116528780962,0.9021187090079731
1631042764943,2021-09-07T19:26:04.944Z,35.967,0.24195478111347124,0.3273692135420953,0.14154818471471325,0.9023587941196847
1631042764958,2021-09-07T19:26:04.959Z,35.982,0.2443528701478774,0.3239668314085918,0.1435754284178777,0.9026202209967348
1631042764973,2021-09-07T19:26:04.974Z,35.997,0.24668152575911698,0.32003935053944293,0.14557170225038313,0.9030680585976736
1631042765003,2021-09-07T19:26:05.004Z,36.027,0.24911794663672623,0.3154173270981269,0.14779366907155103,0.9036643125697416
1631042765018,2021-09-07T19:26:05.019Z,36.042,0.25158736776484947,0.31134448280524557,0.15008302430694304,0.9040152074068057
1631042765033,2021-09-07T19:26:05.034Z,36.057,0.2539704718648098,0.3082756672156491,0.1522220807362407,0.9040428919912162
1631042765048,2021-09-07T19:26:05.049Z,36.072,0.2563391651209159,0.3054981559897867,0.15411095473450007,0.9039971917781452
1631042765078,2021-09-07T19:26:05.079Z,36.102,0.2588272916874788,0.3019883548745117,0.15615820450781112,0.9041161881986228
1631042765093,2021-09-07T19:26:05.094Z,36.117,0.26144614648549835,0.2978066526408051,0.15871077993512175,0.9043052573457414
1631042765108,2021-09-07T19:26:05.109Z,36.132,0.2643086078575925,0.2948425481784265,0.16138390087605634,0.9039712761664837
1631042765138,2021-09-07T19:26:05.139Z,36.162,0.26735499912106403,0.29341373298482876,0.16368034733550446,0.903127028516483
1631042765169,2021-09-07T19:26:05.169Z,36.193,0.27031243023822843,0.2920192797164909,0.16564037013846708,0.9023409544695156
1631042765169,2021-09-07T19:26:05.169Z,36.193,0.2732773365795586,0.2899322150844903,0.16765981560459456,0.9017477442165391
1631042765198,2021-09-07T19:26:05.199Z,36.222,0.27664459173855394,0.28692922433988555,0.17009836694898725,0.9012246865475936
1631042765213,2021-09-07T19:26:05.213Z,36.237,0.2805189894819157,0.2838498759723306,0.17272446215118306,0.9005024178896588
1631042765229,2021-09-07T19:26:05.229Z,36.253,0.28455372272278173,0.28193001579329124,0.1749571477422421,0.8994079394431094
1631042765259,2021-09-07T19:26:05.259Z,36.283,0.28825963037032604,0.28009221437317217,0.17662391368958658,0.8984757815652403
1631042765274,2021-09-07T19:26:05.274Z,36.298,0.2918961145931612,0.27768234348892606,0.17837939264038055,0.8977026048091669
1631042765289,2021-09-07T19:26:05.289Z,36.313,0.29569659029513623,0.27486756808798596,0.18063788355732013,0.8968730687924344
1631042765334,2021-09-07T19:26:05.334Z,36.358,0.29996350743335704,0.27273357219778355,0.18262976612413823,0.8957034449693477
1631042765334,2021-09-07T19:26:05.334Z,36.358,0.3039294963634158,0.27061019988993074,0.18433650955973052,0.8946602887125078
1631042765349,2021-09-07T19:26:05.349Z,36.373,0.30760038815021734,0.26791552507001803,0.18591556506664508,0.8938896326181673
1631042765364,2021-09-07T19:26:05.364Z,36.388,0.3112598241183116,0.2649115476895297,0.18756009230563406,0.8931743422002658
1631042765394,2021-09-07T19:26:05.394Z,36.418,0.31520532922443273,0.2621745414014743,0.18915032956841113,0.8922624407054267
1631042765409,2021-09-07T19:26:05.409Z,36.433,0.3190594217206634,0.25941424762486776,0.19058465370330652,0.8913937532388762
1631042765423,2021-09-07T19:26:05.424Z,36.447,0.32236908250312607,0.2556577433057314,0.19194189526293284,0.8909969706888945
1631042765453,2021-09-07T19:26:05.454Z,36.477,0.32549144564250837,0.2517486646213206,0.19332566392811096,0.8906756515936018
1631042765471,2021-09-07T19:26:05.471Z,36.495,0.32886665169635343,0.24929536204510705,0.19420131515500894,0.8899350521565567
1631042765483,2021-09-07T19:26:05.484Z,36.507,0.3325429330110027,0.24750826279131544,0.194386292579205,0.889026898812278
1631042765514,2021-09-07T19:26:05.514Z,36.538,0.3360513995679458,0.2446616920275773,0.19438253292941143,0.8884962263254551
1631042765529,2021-09-07T19:26:05.529Z,36.553,0.3397296856626798,0.24074199648654052,0.19507820502437648,0.8880154985875409
1631042765543,2021-09-07T19:26:05.544Z,36.567,0.3441042280562278,0.2376618667123538,0.19637267157569402,0.8868747889092641
1631042765573,2021-09-07T19:26:05.574Z,36.597,0.34875705162615,0.23585175046210327,0.197707233976798,0.8852425206564811
1631042765589,2021-09-07T19:26:05.589Z,36.613,0.35325421687993325,0.23338161098193355,0.19943399245080284,0.8837253897943388
1631042765603,2021-09-07T19:26:05.604Z,36.627,0.35721331932923633,0.22932736638602308,0.20176622326965246,0.8826652789521863
1631042765634,2021-09-07T19:26:05.634Z,36.658,0.3606351468863099,0.22369970971110828,0.20453118454831398,0.8820814731376685
1631042765649,2021-09-07T19:26:05.649Z,36.673,0.3637386747230233,0.21724147430319096,0.20741454622655173,0.8817479936846742
1631042765664,2021-09-07T19:26:05.664Z,36.688,0.3667858827208101,0.2102042727844963,0.21033137968906995,0.8815004201121798
1631042765693,2021-09-07T19:26:05.694Z,36.717,0.36980781110408895,0.20246510290476694,0.2132570603273017,0.8813464081578378
1631042765709,2021-09-07T19:26:05.709Z,36.733,0.3726327083515005,0.19370432001850715,0.21622188170297058,0.881403198851479
1631042765724,2021-09-07T19:26:05.724Z,36.748,0.37528031389221295,0.183985542920942,0.2197968473226949,0.8814779361436408
1631042765739,2021-09-07T19:26:05.739Z,36.763,0.37764213030457006,0.17406420659190727,0.2234436007580997,0.8815673716074177
1631042765769,2021-09-07T19:26:05.769Z,36.793,0.3800730544338799,0.1644551088321278,0.22679967218005417,0.8815105780257739
1631042765783,2021-09-07T19:26:05.784Z,36.807,0.3829761935387071,0.15531913505509626,0.2299428369427282,0.8810967558713796
1631042765799,2021-09-07T19:26:05.799Z,36.823,0.386144368776066,0.14622974355438081,0.2329077267186254,0.8804904198214287
1631042765829,2021-09-07T19:26:05.829Z,36.853,0.38956268144409445,0.13791348572124507,0.2359062822270175,0.8795277219554424
1631042765843,2021-09-07T19:26:05.844Z,36.867,0.39342280658761863,0.1308816503610938,0.23863784627002213,0.8781460397810166
1631042765858,2021-09-07T19:26:05.859Z,36.882,0.39728038030076457,0.12398013012868259,0.24147464929750356,0.8766340288330144
1631042765888,2021-09-07T19:26:05.889Z,36.912,0.40083505045682766,0.1169443169078445,0.244500093778656,0.8751428416038485
1631042765904,2021-09-07T19:26:05.904Z,36.928,0.40421470900043455,0.10977969355894016,0.24774280465842918,0.8736031081960358
1631042765918,2021-09-07T19:26:05.919Z,36.942,0.4075454579620725,0.1031118881730771,0.25101578889273823,0.8719321716386109
1631042765948,2021-09-07T19:26:05.949Z,36.972,0.4108887241196268,0.09724417899704581,0.2540374650750432,0.8701603256761262
1631042765964,2021-09-07T19:26:05.964Z,36.988,0.41424629218789466,0.09211453078520584,0.25648427087951303,0.8684070136855225
1631042765978,2021-09-07T19:26:05.979Z,37.002,0.41786561677247014,0.08810621020842126,0.25833440606561053,0.8665384911732432
1631042766009,2021-09-07T19:26:06.009Z,37.033,0.4215817376666567,0.08481483610514234,0.25973518077858637,0.8646461229360457
1631042766023,2021-09-07T19:26:06.025Z,37.047,0.42504872074596656,0.08183987666461265,0.26113594305150617,0.8628115894135513
1631042766038,2021-09-07T19:26:06.039Z,37.062,0.4283301062543614,0.07925391430937316,0.26256177603675596,0.8609956160789638
1631042766053,2021-09-07T19:26:06.054Z,37.077,0.43138904352845364,0.07661157274262441,0.2638356149124999,0.8593165472334688
1631042766084,2021-09-07T19:26:06.084Z,37.108,0.43413277658510185,0.07328820838246211,0.2653115640742322,0.8577688177912995
1631042766098,2021-09-07T19:26:06.099Z,37.122,0.4365860122378226,0.06951986566367845,0.26701064120282275,0.8563089160348836
1631042766113,2021-09-07T19:26:06.114Z,37.137,0.4388591105052666,0.06577843061830219,0.2686699181385499,0.8549224258839772
1631042766143,2021-09-07T19:26:06.144Z,37.167,0.44150546839019783,0.06305591109254972,0.26979479588381594,0.8534094220078956
1631042766158,2021-09-07T19:26:06.159Z,37.182,0.44438720976506874,0.06106822733821489,0.2703772857936861,0.8518725272796537
1631042766189,2021-09-07T19:26:06.189Z,37.213,0.4471550584060905,0.05900713429147221,0.2710426151886727,0.8503566384736696
1631042766206,2021-09-07T19:26:06.206Z,37.23,0.44977044899995766,0.05698642487023596,0.2720031430629744,0.8488070338720979
1631042766234,2021-09-07T19:26:06.234Z,37.258,0.45221529484195916,0.054823209901452584,0.2727392678619518,0.8474131427664006
1631042766234,2021-09-07T19:26:06.234Z,37.258,0.45445461280205185,0.05228791523853735,0.2732082975472748,0.8462234958769844
1631042766279,2021-09-07T19:26:06.279Z,37.303,0.4565201312435669,0.049843045839497065,0.2733856386128497,0.8452013565719368
1631042766279,2021-09-07T19:26:06.279Z,37.303,0.45857718912500445,0.048167988999932465,0.27321770981217064,0.8442386448717595
1631042766294,2021-09-07T19:26:06.294Z,37.318,0.4605207013322543,0.046289703414326346,0.27316313199680115,0.8433029410122798
1631042766324,2021-09-07T19:26:06.324Z,37.348,0.4620833371329098,0.044218402111101056,0.272851495424291,0.8426599455910923
1631042766338,2021-09-07T19:26:06.339Z,37.362,0.4631113414460735,0.0422173897983233,0.27236740054743414,0.8423547806842839
1631042766353,2021-09-07T19:26:06.354Z,37.377,0.4638634949372377,0.04005629967081383,0.27222147755629666,0.8420935922320986
1631042766368,2021-09-07T19:26:06.369Z,37.392,0.4647969932923804,0.03842639203965761,0.2720884997130317,0.8416976985504291
1631042766413,2021-09-07T19:26:06.413Z,37.437,0.4659030945659514,0.037171769186252354,0.27172556007109233,0.8412596424728132
1631042766414,2021-09-07T19:26:06.414Z,37.438,0.4668193472969004,0.03570600981873441,0.27166637856602416,0.8408342028063215
1631042766428,2021-09-07T19:26:06.429Z,37.452,0.46763728043364533,0.03417567979979233,0.27174267739071334,0.8404185351022267
1631042766458,2021-09-07T19:26:06.459Z,37.482,0.4680854835585844,0.032372472033907786,0.2717631550638631,0.8402337714504666
1631042766473,2021-09-07T19:26:06.474Z,37.497,0.46834457875215746,0.030476602415544018,0.27187598305762056,0.840123789744774
1631042766488,2021-09-07T19:26:06.489Z,37.512,0.46875714203416013,0.02901821520140417,0.27183771775130405,0.8399577014268359
1631042766519,2021-09-07T19:26:06.519Z,37.543,0.46941224854982133,0.028176140709072664,0.27158174563470555,0.8397032817871737
1631042766533,2021-09-07T19:26:06.534Z,37.557,0.4700184285617264,0.02786116186398365,0.2712472149966427,0.8394828055585887
1631042766564,2021-09-07T19:26:06.564Z,37.588,0.47035505145001305,0.02787113489775627,0.2707205940445,0.8394639273817308
1631042766578,2021-09-07T19:26:06.578Z,37.602,0.4702428919276059,0.02779916326152761,0.2700265968077066,0.8397526219845753
1631042766608,2021-09-07T19:26:06.608Z,37.632,0.4697378383189437,0.027221399038940167,0.2696994305573832,0.8401592562382633
1631042766609,2021-09-07T19:26:06.609Z,37.633,0.4692859781600658,0.02705113293290429,0.2695320324384304,0.8404709337026508
1631042766654,2021-09-07T19:26:06.654Z,37.678,0.46888988476851234,0.027749692587212247,0.26889019784037776,0.840874718390587
1631042766655,2021-09-07T19:26:06.655Z,37.679,0.46830751437527784,0.02868241003386477,0.26819242149786365,0.8413906443415036
1631042766668,2021-09-07T19:26:06.669Z,37.692,0.46743106094340464,0.029124702792398593,0.2677966313440841,0.8419886692784756
1631042766701,2021-09-07T19:26:06.701Z,37.725,0.4666304673119873,0.029052665992247737,0.2678572711143873,0.8424158307428067
1631042766714,2021-09-07T19:26:06.714Z,37.738,0.4661793011054213,0.029314498708883634,0.2677754403348012,0.8426825220329486
1631042766743,2021-09-07T19:26:06.744Z,37.767,0.4656470882623072,0.029968592423910558,0.26744463285107417,0.8430587411444819
1631042766744,2021-09-07T19:26:06.744Z,37.768,0.4649172905968606,0.03073356607615265,0.2670612440138782,0.8435553643751409
1631042766788,2021-09-07T19:26:06.789Z,37.812,0.4642706548654999,0.03149760368072028,0.26685165294291063,0.8439495573283801
1631042766789,2021-09-07T19:26:06.789Z,37.813,0.4640701306957806,0.032962513587439735,0.26647378115646986,0.8441232791779721
1631042766803,2021-09-07T19:26:06.803Z,37.827,0.4640295622959754,0.035252938537752146,0.2657368377741966,0.8442853360621806
1631042766834,2021-09-07T19:26:06.834Z,37.858,0.4640246448403364,0.03755915390719025,0.26480491914794957,0.8444813755990261
1631042766849,2021-09-07T19:26:06.849Z,37.873,0.4639851364375131,0.03967364058402944,0.2639026294597958,0.8446888170042723
1631042766879,2021-09-07T19:26:06.879Z,37.903,0.46412767571669994,0.04038838435656069,0.2636762947874991,0.8446473172928548
1631042766894,2021-09-07T19:26:06.894Z,37.918,0.4642766562889087,0.040306081407305,0.2638494455803852,0.8445152907400207
1631042766924,2021-09-07T19:26:06.924Z,37.948,0.46435055888915433,0.040214695687878034,0.26388809512383554,0.844466938347485
1631042766924,2021-09-07T19:26:06.924Z,37.948,0.4642719311750624,0.040504462871702444,0.26374789977838053,0.8445401161418836
1631042766969,2021-09-07T19:26:06.969Z,37.993,0.46438937939478814,0.04109519789956928,0.2636506959342906,0.8444773528924757
1631042766969,2021-09-07T19:26:06.969Z,37.993,0.46448244378956066,0.04119768518297269,0.2635874845532277,0.8444409086097998
1631042766984,2021-09-07T19:26:06.984Z,38.008,0.4642760448315046,0.04054548697269732,0.2636795466591195,0.8445572297691867
1631042766999,2021-09-07T19:26:06.999Z,38.023,0.4640820781015402,0.04002743839148472,0.2637861589798493,0.8446552499638119
1631042767029,2021-09-07T19:26:07.029Z,38.053,0.4641230078467645,0.04018969437174473,0.2637548728831193,0.8446348258768327
1631042767044,2021-09-07T19:26:07.044Z,38.068,0.46428817601452294,0.04056262493218104,0.26354442789955246,0.8445919118691679
1631042767059,2021-09-07T19:26:07.059Z,38.083,0.4643146419456432,0.04068473263421202,0.26346673407242127,0.844595729235345
1631042767089,2021-09-07T19:26:07.089Z,38.113,0.46421994870284333,0.04052886921972822,0.26349220866975764,0.844647326377366
1631042767104,2021-09-07T19:26:07.104Z,38.128,0.46417679257872063,0.0405482479746315,0.263491134446806,0.844670448687211
1631042767119,2021-09-07T19:26:07.119Z,38.143,0.4642856246158692,0.04093482565405866,0.26334812256324164,0.8446365876317103
1631042767151,2021-09-07T19:26:07.151Z,38.175,0.4643588200246059,0.04129383194746665,0.2633153703268581,0.8445890843825058
1631042767164,2021-09-07T19:26:07.164Z,38.188,0.46442485961296837,0.041602114398926054,0.26332359443188164,0.8445350782924812
1631042767179,2021-09-07T19:26:07.179Z,38.203,0.4644391841430339,0.04212740544472792,0.2632628514138631,0.8445200986409328
1631042767209,2021-09-07T19:26:07.209Z,38.233,0.4643712963881468,0.04259048152864886,0.263135775413517,0.8445738059349679
1631042767224,2021-09-07T19:26:07.224Z,38.248,0.46418166191760607,0.04243741087259528,0.26307805099146603,0.8447037291171215
1631042767254,2021-09-07T19:26:07.254Z,38.278,0.46401608687359525,0.04209389228281781,0.26327324309091465,0.8447510726997575
1631042767269,2021-09-07T19:26:07.269Z,38.293,0.46404464553090635,0.04218554633158704,0.2632229115237063,0.8447464977635504
1631042767299,2021-09-07T19:26:07.299Z,38.323,0.4641886874835761,0.04264798691779305,0.26296883398282966,0.8447232706501259
1631042767299,2021-09-07T19:26:07.299Z,38.323,0.4640804458384262,0.043000146090572504,0.26274340943959823,0.8448350300636525
1631042767344,2021-09-07T19:26:07.344Z,38.368,0.4637803485121378,0.04273580433119807,0.2628342835513262,0.8449849577076427
1631042767344,2021-09-07T19:26:07.344Z,38.368,0.46367516533888437,0.042397792852248005,0.263019796897257,0.8450019849972789
1631042767359,2021-09-07T19:26:07.359Z,38.383,0.4637501643834529,0.04263881417421664,0.26288752659608594,0.8449898608387731
1631042767389,2021-09-07T19:26:07.389Z,38.413,0.4636285584251176,0.043022066180342544,0.262520550617275,0.845151242167829
1631042767404,2021-09-07T19:26:07.404Z,38.428,0.46328662020558603,0.04285588320973169,0.2623762982163453,0.8453919558093077
1631042767434,2021-09-07T19:26:07.434Z,38.458,0.4631342264226929,0.04262792391872766,0.2625668758318343,0.8454278113086552
1631042767434,2021-09-07T19:26:07.434Z,38.458,0.46332531336027427,0.04294866522659764,0.2626139345371523,0.845292249782153
1631042767478,2021-09-07T19:26:07.479Z,38.502,0.46350979817575927,0.043420359504089595,0.2624136508223533,0.8452292086988515
1631042767479,2021-09-07T19:26:07.479Z,38.503,0.46343168297053117,0.043757174773986926,0.262260626955922,0.8453021639766377
1631042767494,2021-09-07T19:26:07.494Z,38.518,0.46340715130300636,0.04395023571905936,0.2621797151107461,0.8453306961692091
1631042767524,2021-09-07T19:26:07.524Z,38.548,0.46343752894238155,0.044062237439742725,0.26213099344229823,0.8453233217394022
1631042767538,2021-09-07T19:26:07.539Z,38.562,0.46342339625762957,0.04429555922738058,0.2619592092363356,0.8453721263029977
1631042767553,2021-09-07T19:26:07.554Z,38.577,0.46310572348861534,0.04438706632413275,0.2617742802778014,0.8455986656802754
1631042767584,2021-09-07T19:26:07.584Z,38.608,0.46298248601433306,0.044527367743834895,0.2617198882862915,0.8456756063888826
1631042767598,2021-09-07T19:26:07.599Z,38.622,0.4630471727301395,0.04481156877980344,0.2616149761273117,0.8456576395894638
1631042767614,2021-09-07T19:26:07.614Z,38.638,0.46312795740794843,0.04524161909358557,0.2614027484758492,0.8456561322773011
1631042767644,2021-09-07T19:26:07.644Z,38.668,0.4628907981107767,0.04539588410355567,0.2612087396386942,0.8458376422619116
1631042767659,2021-09-07T19:26:07.659Z,38.683,0.46257801604373905,0.045338610834778005,0.2612161268325395,0.8460095298063831
1631042767674,2021-09-07T19:26:07.674Z,38.698,0.4623961744800996,0.04541973102538717,0.2612053582525031,0.8461079048678909
1631042767689,2021-09-07T19:26:07.689Z,38.713,0.46226406453094926,0.04593912547411217,0.26100439034062983,0.846214062526094
1631042767719,2021-09-07T19:26:07.719Z,38.743,0.46194552582020604,0.046490664000935315,0.2605925921789617,0.8464847607824342
1631042767734,2021-09-07T19:26:07.734Z,38.758,0.4614797056474066,0.04691614705093605,0.26028401336171836,0.8468102436849679
1631042767749,2021-09-07T19:26:07.749Z,38.773,0.46107485644202156,0.0475058627572305,0.2600176320497721,0.8470796897481899
1631042767779,2021-09-07T19:26:07.779Z,38.803,0.460525711110283,0.04790751467404689,0.2596068194734608,0.8474817040662284
1631042767794,2021-09-07T19:26:07.794Z,38.818,0.4598044684307363,0.047986894128281735,0.2593055328688657,0.8479609362621859
1631042767809,2021-09-07T19:26:07.809Z,38.833,0.45923433432453475,0.04848925473315571,0.25892752817566217,0.8483567371723798
1631042767839,2021-09-07T19:26:07.839Z,38.863,0.45883863280852955,0.0491733051955237,0.2586456655438767,0.848617413675864
1631042767854,2021-09-07T19:26:07.854Z,38.878,0.4582931666976962,0.04991339438572452,0.2583395989601249,0.8489621181349698
1631042767869,2021-09-07T19:26:07.869Z,38.893,0.4571663528206866,0.05019116917175445,0.2580324591401378,0.8496464102295126
1631042767899,2021-09-07T19:26:07.899Z,38.923,0.4558591118371306,0.05006946855008474,0.2578589843693264,0.8504082917365011
1631042767914,2021-09-07T19:26:07.914Z,38.938,0.45499781806245565,0.05053905181267294,0.2576785573305122,0.8508963220583026
1631042767929,2021-09-07T19:26:07.929Z,38.953,0.4544542775415695,0.05212678067491558,0.2574319865286268,0.8511656012037635
1631042767959,2021-09-07T19:26:07.959Z,38.983,0.4534019014795804,0.05333636445836467,0.25705154499985705,0.8517666647470139
1631042767974,2021-09-07T19:26:07.974Z,38.998,0.451624356705886,0.053589898078702077,0.25695298421910856,0.8527242972701103
1631042767989,2021-09-07T19:26:07.989Z,39.013,0.4498656870442203,0.05397000380123741,0.2569894893659564,0.8536184772281766
1631042768004,2021-09-07T19:26:08.004Z,39.028,0.44871046441984164,0.05525190297348265,0.2566916008643321,0.8542339073015338
1631042768034,2021-09-07T19:26:08.034Z,39.058,0.44754547037605746,0.05758283680001019,0.2555535146611587,0.8550319701603363
1631042768049,2021-09-07T19:26:08.049Z,39.073,0.4460395558762539,0.06025611215337355,0.25386029391922454,0.8561383455453443
1631042768064,2021-09-07T19:26:08.064Z,39.088,0.44456927579567873,0.06325837451160216,0.2525680453586963,0.8570682117173308
1631042768094,2021-09-07T19:26:08.094Z,39.118,0.4428626591314912,0.06596220276340509,0.25205182997230385,0.8578994859313047
1631042768109,2021-09-07T19:26:08.109Z,39.133,0.4407078242997656,0.06840144714427115,0.2513536167632348,0.8590222435825381
1631042768124,2021-09-07T19:26:08.124Z,39.148,0.4379074170945955,0.07025948744165142,0.25073924062058367,0.8604827317796617
1631042768154,2021-09-07T19:26:08.154Z,39.178,0.43515063467764337,0.07201415740156383,0.2504848433647711,0.8618092767648263
1631042768169,2021-09-07T19:26:08.169Z,39.193,0.432734079726862,0.07390721506761061,0.2502572109574039,0.8629312070887907
1631042768184,2021-09-07T19:26:08.184Z,39.208,0.4305891214961394,0.07629923204130726,0.24989921302035456,0.8638991949127498
1631042768214,2021-09-07T19:26:08.214Z,39.238,0.4285168084141241,0.08007820568092584,0.24887179267277248,0.8648836087551531
1631042768229,2021-09-07T19:26:08.229Z,39.253,0.42629309168515545,0.08398282267837526,0.24812234169735622,0.865826997169241
1631042768244,2021-09-07T19:26:08.244Z,39.268,0.42387663946527326,0.08760527444579717,0.2473864682685352,0.8668643756220027
1631042768274,2021-09-07T19:26:08.274Z,39.298,0.4212312556730822,0.09093223206425101,0.246913618487903,0.8679454034794482
1631042768289,2021-09-07T19:26:08.289Z,39.313,0.4180552271197575,0.09409201682719158,0.24585292691189306,0.869443993467144
1631042768304,2021-09-07T19:26:08.304Z,39.328,0.4148091121597002,0.0969370166760449,0.2449567343823342,0.8709378930486217
1631042768319,2021-09-07T19:26:08.319Z,39.343,0.41217209075084854,0.10013659581808333,0.24444603121653488,0.8719707378155102
1631042768349,2021-09-07T19:26:08.349Z,39.373,0.4102858449666544,0.10446154694588773,0.24398871626599924,0.8724808404569927
1631042768379,2021-09-07T19:26:08.379Z,39.403,0.40856743514951144,0.10980685976638267,0.2431626656954755,0.8728613993615861
1631042768379,2021-09-07T19:26:08.379Z,39.403,0.40672513540883093,0.11507794273778951,0.24231617258374288,0.8732780793231171
1631042768411,2021-09-07T19:26:08.411Z,39.435,0.40460347041947503,0.11918024398478345,0.24196893816613493,0.8738095525519265
1631042768424,2021-09-07T19:26:08.424Z,39.448,0.40188140604757233,0.12202889753939641,0.24188332818022365,0.874695798084685
1631042768439,2021-09-07T19:26:08.439Z,39.463,0.3988171333704922,0.12421000358486847,0.24165793453268905,0.8758528482667535
1631042768469,2021-09-07T19:26:08.469Z,39.493,0.39564649349690545,0.12684360492474905,0.2410231894426076,0.8770874381863021
1631042768484,2021-09-07T19:26:08.484Z,39.508,0.3927054795669486,0.13041934677971787,0.2401698586250781,0.8781182376603132
1631042768499,2021-09-07T19:26:08.499Z,39.523,0.3899479473452932,0.13422185062282146,0.23941580736650028,0.8789796154403267
1631042768529,2021-09-07T19:26:08.529Z,39.553,0.38696659772559977,0.13795398589707616,0.2383858633053903,0.87999871033765
1631042768544,2021-09-07T19:26:08.544Z,39.568,0.38368331426334235,0.14214990291549665,0.23750726639285552,0.8810055719844256
1631042768559,2021-09-07T19:26:08.559Z,39.583,0.3805169177867394,0.14690634657426954,0.2365337171124873,0.8818600803320391
1631042768589,2021-09-07T19:26:08.589Z,39.613,0.3770953028664243,0.15136384308316755,0.23577822554536249,0.8827778587628113
1631042768604,2021-09-07T19:26:08.604Z,39.628,0.37311556350421643,0.15542186553028892,0.23479228843751415,0.8840256790819433
1631042768619,2021-09-07T19:26:08.619Z,39.643,0.3686841055280895,0.15885725294355962,0.23364725233815434,0.8855762897644728
1631042768649,2021-09-07T19:26:08.649Z,39.673,0.3640851802848309,0.16126397811875545,0.2328505298858004,0.8872522423697659
1631042768664,2021-09-07T19:26:08.664Z,39.688,0.35972156591355825,0.16384169218241462,0.23213216320812477,0.8887468445647595
1631042768679,2021-09-07T19:26:08.679Z,39.703,0.3556755010984935,0.16687982365582035,0.23118547410323478,0.8900558066428195
1631042768694,2021-09-07T19:26:08.694Z,39.718,0.351622307289882,0.17070385480540892,0.23004949161907362,0.8912346371054704
1631042768724,2021-09-07T19:26:08.724Z,39.748,0.34777781347784104,0.17456926395632738,0.22896887349153233,0.8922720546483213
1631042768739,2021-09-07T19:26:08.739Z,39.763,0.3440609261800234,0.17850492875530974,0.22783133774929015,0.8932250282126982
1631042768756,2021-09-07T19:26:08.756Z,39.78,0.34026758126804324,0.1820383436482196,0.22655557924370587,0.8942888706080141
1631042768784,2021-09-07T19:26:08.784Z,39.808,0.3364607821869527,0.1858165186970685,0.22534237183280084,0.8952581632614214
1631042768799,2021-09-07T19:26:08.799Z,39.823,0.33303425052129226,0.1903519202609625,0.22405588853002506,0.895909199220382
1631042768814,2021-09-07T19:26:08.814Z,39.838,0.33007736808764293,0.19534281684754748,0.2227744231087761,0.8962486660469584
1631042768844,2021-09-07T19:26:08.844Z,39.868,0.3270163417730258,0.19984766448897365,0.22125452482466007,0.8967539564765267
1631042768859,2021-09-07T19:26:08.859Z,39.883,0.32367393247429227,0.20448245027886042,0.21917372855964226,0.8974324429581566
1631042768889,2021-09-07T19:26:08.889Z,39.913,0.32001821377894923,0.21006737952100796,0.21679589416961614,0.8980309455592855
1631042768904,2021-09-07T19:26:08.904Z,39.928,0.3164323179735429,0.21616230286245552,0.21435863656086357,0.8984402160939026
1631042768919,2021-09-07T19:26:08.919Z,39.943,0.312912946354213,0.22153112672835232,0.21209602422271714,0.8989019548334003
1631042768934,2021-09-07T19:26:08.934Z,39.958,0.30943643408006555,0.22618849108593353,0.2101684020287463,0.8993981890980018
1631042768964,2021-09-07T19:26:08.964Z,39.988,0.306064014402636,0.2317064738366294,0.20785256051793952,0.8996856351837983
1631042768979,2021-09-07T19:26:08.979Z,40.003,0.3026906532642212,0.2380088703151355,0.20523793878157504,0.8997819372283945
1631042768994,2021-09-07T19:26:08.994Z,40.018,0.2991696812602847,0.24379437497165854,0.20247631713056904,0.900036191243463
1631042769009,2021-09-07T19:26:09.009Z,40.033,0.29559254379245736,0.24909311307929008,0.19981902657225142,0.9003610529618049
1631042769039,2021-09-07T19:26:09.039Z,40.063,0.29197587779040585,0.2540918520417291,0.1969757772250241,0.9007707592396211
1631042769056,2021-09-07T19:26:09.056Z,40.08,0.28850696043934976,0.25885692735063354,0.1940641440402359,0.9011636549143375
1631042769069,2021-09-07T19:26:09.069Z,40.093,0.28502197052065864,0.26375932406923663,0.19111222684856338,0.9014818977861083
1631042769099,2021-09-07T19:26:09.099Z,40.123,0.28137567449692236,0.26908561405959025,0.18800082676052315,0.9017074643391475
1631042769115,2021-09-07T19:26:09.115Z,40.139,0.2777603620816841,0.275184249284251,0.1847216522956221,0.901665526331849
1631042769129,2021-09-07T19:26:09.129Z,40.153,0.27443135374735067,0.281115835988695,0.18146251532175467,0.9015168741459451
1631042769159,2021-09-07T19:26:09.159Z,40.183,0.2712769020429372,0.28579316682167527,0.17861943658776197,0.9015687467348761
1631042769174,2021-09-07T19:26:09.174Z,40.198,0.2681175806176496,0.28967923334359225,0.17596243569979797,0.901796055633313
1631042769189,2021-09-07T19:26:09.189Z,40.213,0.26520623453091996,0.29384689078632603,0.1732699189839435,0.9018299136291927
1631042769219,2021-09-07T19:26:09.219Z,40.243,0.26242136357561724,0.29870938574410444,0.17045771687412986,0.9015829953839816
1631042769234,2021-09-07T19:26:09.234Z,40.258,0.2594737118140287,0.3036317831891661,0.16764171457825885,0.901319803758954
1631042769249,2021-09-07T19:26:09.249Z,40.273,0.2564862977654238,0.3072415603602878,0.16498208117466864,0.9014423528641401
1631042769279,2021-09-07T19:26:09.279Z,40.303,0.25379732359273943,0.31148764623761455,0.16238308022049006,0.9012181201222148
1631042769294,2021-09-07T19:26:09.294Z,40.318,0.25147286490186477,0.3173884506002961,0.15969315446028876,0.9002911007347092
1631042769309,2021-09-07T19:26:09.309Z,40.333,0.24901584471756918,0.3227293684520853,0.15673863378489017,0.8995942777148818
1631042769324,2021-09-07T19:26:09.324Z,40.348,0.2461174572244451,0.32283406355482064,0.15398525601174984,0.9008290101839811
1631042769354,2021-09-07T19:26:09.354Z,40.378,0.2430035637267709,0.3172116598955029,0.15212264759309957,0.9039827049958946
1631042769369,2021-09-07T19:26:09.369Z,40.393,0.240025447205398,0.3118906039134394,0.15092651633183504,0.9068259053160618
1631042769399,2021-09-07T19:26:09.399Z,40.423,0.23728256296373104,0.3106066036818509,0.14948399597292572,0.9082263253234598
1631042769414,2021-09-07T19:26:09.414Z,40.438,0.23431615202964387,0.31189012090237245,0.14759109707399684,0.9088659755134517
1631042769429,2021-09-07T19:26:09.429Z,40.453,0.2312986949058013,0.3134243419620737,0.14546778479291717,0.9094532528876653
1631042769444,2021-09-07T19:26:09.444Z,40.468,0.22860679058399624,0.31507784166754277,0.14343215542706242,0.9098857652356998
1631042769474,2021-09-07T19:26:09.474Z,40.498,0.22618142629450508,0.31854645627673456,0.14110020338977317,0.909648751000232
1631042769489,2021-09-07T19:26:09.489Z,40.513,0.22369575315812332,0.3232933852208569,0.1386312383889299,0.9089680835069021
1631042769504,2021-09-07T19:26:09.504Z,40.528,0.22110213044308888,0.32752289158167236,0.13627766809355066,0.9084442748911412
1631042769534,2021-09-07T19:26:09.534Z,40.558,0.2185103746382593,0.3309566679818808,0.13404715074157345,0.9081587204183225
1631042769549,2021-09-07T19:26:09.549Z,40.573,0.21593771130919126,0.33404935560522864,0.13206175425986771,0.9079326108892037
1631042769564,2021-09-07T19:26:09.564Z,40.588,0.21334493413860361,0.33748710556672906,0.1302956358185962,0.9075293052790164
1631042769594,2021-09-07T19:26:09.594Z,40.618,0.21100087029261586,0.34194798988029346,0.12847337769413922,0.9066668606364989
1631042769609,2021-09-07T19:26:09.609Z,40.633,0.2088120087560417,0.3460642271552993,0.12650356326053666,0.9058884832941965
1631042769624,2021-09-07T19:26:09.624Z,40.648,0.20661697538772197,0.34929524135016554,0.12469554398345616,0.905402275876546
1631042769638,2021-09-07T19:26:09.639Z,40.662,0.20477806395777126,0.35225591689772245,0.12305136988781978,0.9048978251167269
1631042769669,2021-09-07T19:26:09.669Z,40.693,0.20335979340047647,0.3552809880375148,0.12149920063829292,0.9042445234622427
1631042769684,2021-09-07T19:26:09.684Z,40.708,0.2021070903128047,0.35810939103896383,0.12012601108858796,0.9035929003455807
1631042769698,2021-09-07T19:26:09.699Z,40.722,0.20067938100876173,0.3605078833829312,0.1188922326335315,0.9031204178159818
1631042769728,2021-09-07T19:26:09.729Z,40.752,0.19925092140369047,0.3631457384695284,0.11765970277700513,0.9025411000578467
1631042769744,2021-09-07T19:26:09.744Z,40.768,0.19807018563431217,0.3660123091568179,0.11639328432464374,0.9018069607585683
1631042769759,2021-09-07T19:26:09.759Z,40.783,0.1971108634883317,0.3681516683731596,0.11511352772064438,0.9013104527878568
1631042769789,2021-09-07T19:26:09.789Z,40.813,0.19609442009998396,0.36943789669905336,0.11403941908535901,0.9011424026106555
1631042769804,2021-09-07T19:26:09.804Z,40.828,0.1953008446125634,0.3709125154866609,0.1130357604430232,0.9008353916282622
1631042769819,2021-09-07T19:26:09.819Z,40.843,0.1945888665895184,0.3722073076157171,0.11208438687783279,0.9005742520054001
1631042769849,2021-09-07T19:26:09.849Z,40.873,0.19407390829890475,0.3738503615777173,0.1111627925024266,0.9001189137157718
1631042769864,2021-09-07T19:26:09.864Z,40.888,0.19372233988680654,0.37541813123884576,0.11036810415765476,0.8996397964466436
1631042769879,2021-09-07T19:26:09.879Z,40.903,0.19335411134895644,0.3767161590653534,0.10959127444173786,0.89927130260547
1631042769909,2021-09-07T19:26:09.909Z,40.933,0.19322839708430398,0.3771394555432644,0.10887645370439548,0.8992077265357071
1631042769924,2021-09-07T19:26:09.924Z,40.948,0.19323778246645518,0.3764256853329957,0.10830532067155514,0.899573688123026
1631042769939,2021-09-07T19:26:09.939Z,40.963,0.19336683503407687,0.3751444105923428,0.10791300019694865,0.9001281701506298
1631042769969,2021-09-07T19:26:09.969Z,40.993,0.1934547885909071,0.37325686497237026,0.10757459036001372,0.9009341069307569
1631042769984,2021-09-07T19:26:09.984Z,41.008,0.1934338276493385,0.37088449045543137,0.10767129422522811,0.9019062819719162
1631042769999,2021-09-07T19:26:09.999Z,41.023,0.1935922915668886,0.36883052519837617,0.1083510945610873,0.9026328758887443
1631042770014,2021-09-07T19:26:10.014Z,41.038,0.19388274079116816,0.367345406360316,0.10903019118324311,0.9030942656554876
1631042770044,2021-09-07T19:26:10.044Z,41.068,0.19437204726642981,0.36625868883419904,0.10949626059499126,0.9033740360507513
1631042770059,2021-09-07T19:26:10.059Z,41.083,0.1950391905558748,0.3650667512639495,0.11005596503406458,0.9036446568365882
1631042770074,2021-09-07T19:26:10.074Z,41.098,0.19585402980881142,0.36383052138727223,0.11091145409199561,0.9038623789415698
1631042770104,2021-09-07T19:26:10.104Z,41.128,0.19657763362090702,0.3626744040065814,0.11192592810443762,0.9040448535644875
1631042770119,2021-09-07T19:26:10.119Z,41.143,0.19716676641818484,0.3619279758422028,0.11270179461666208,0.9041193018695854
1631042770134,2021-09-07T19:26:10.134Z,41.158,0.19782393713533947,0.3612145970116333,0.11344479616734306,0.9041681165715514
1631042770164,2021-09-07T19:26:10.164Z,41.188,0.1984425356765206,0.36009729283124736,0.11396709203063396,0.9044125174188826
1631042770179,2021-09-07T19:26:10.179Z,41.203,0.19904464104860448,0.35892807461820686,0.11449679626758658,0.9046780376272866
1631042770194,2021-09-07T19:26:10.194Z,41.218,0.1996877393483528,0.35791239747490794,0.11500025947520877,0.9048748326748527
1631042770224,2021-09-07T19:26:10.224Z,41.248,0.20036647729416956,0.35722430676791644,0.11565799731519882,0.9049128671247546
1631042770239,2021-09-07T19:26:10.239Z,41.263,0.20099793619164324,0.3566755364215253,0.11617940176878545,0.9049225038475751
1631042770254,2021-09-07T19:26:10.254Z,41.278,0.20146035361096534,0.35590122392191076,0.11651001532219935,0.9050820189703535
1631042770284,2021-09-07T19:26:10.284Z,41.308,0.20189121310464558,0.35502147217804675,0.11689789679066595,0.9052814888693936
1631042770299,2021-09-07T19:26:10.299Z,41.323,0.20224932486362743,0.354342382617516,0.11720863361484743,0.9054274254070777
1631042770314,2021-09-07T19:26:10.314Z,41.338,0.20251832375627885,0.3540567067553217,0.11749010972529686,0.9054425719289219
1631042770329,2021-09-07T19:26:10.329Z,41.353,0.20270926291276373,0.3540727290875081,0.11783694039510995,0.905348503463836
1631042770359,2021-09-07T19:26:10.359Z,41.383,0.20293115531247768,0.3537904698945289,0.11808367336460057,0.9053769909270246
1631042770389,2021-09-07T19:26:10.389Z,41.413,0.20312151714945975,0.352985780405294,0.11803740375788836,0.9056543818790171
1631042770389,2021-09-07T19:26:10.389Z,41.413,0.2031199418161428,0.35242919953163,0.11798424630179712,0.9058783948073262
1631042770419,2021-09-07T19:26:10.419Z,41.443,0.20308337523077355,0.3523016133384518,0.11806291869367193,0.9059259700293022
1631042770434,2021-09-07T19:26:10.434Z,41.458,0.2030613219777091,0.35290740988849384,0.11797447936236471,0.9057066201489523
1631042770449,2021-09-07T19:26:10.449Z,41.473,0.20290773146952681,0.35324542043197,0.1177143175339562,0.9056431222624318
1631042770479,2021-09-07T19:26:10.479Z,41.503,0.20280185380112675,0.3530775055844305,0.11750487887078999,0.9057595081403583
1631042770494,2021-09-07T19:26:10.494Z,41.518,0.20270939650197203,0.3532938742653675,0.11731832751624278,0.9057200168954891
1631042770509,2021-09-07T19:26:10.509Z,41.533,0.20270005127269866,0.3539843604454011,0.1172030061544103,0.9054674025730992
1631042770539,2021-09-07T19:26:10.539Z,41.563,0.20275766370349108,0.35442949963035464,0.11710332630230007,0.9052932511458459
1631042770554,2021-09-07T19:26:10.554Z,41.578,0.20280543663053857,0.35451988973172394,0.11699299799718907,0.9052614214012065
1631042770569,2021-09-07T19:26:10.569Z,41.593,0.20262247415880993,0.3545994178640914,0.11664199881999765,0.9053165357638651
1631042770599,2021-09-07T19:26:10.599Z,41.623,0.20233300661640696,0.35503981467870477,0.11649350155982964,0.9052277881952175
1631042770614,2021-09-07T19:26:10.614Z,41.638,0.20226797814159148,0.35575548434620485,0.1163559129258928,0.9049790063329047
1631042770629,2021-09-07T19:26:10.629Z,41.653,0.20221404423869715,0.3563509564729118,0.11609736543042058,0.9047899634023282
1631042770645,2021-09-07T19:26:10.645Z,41.669,0.20209788087480887,0.35676470931096843,0.11576719754773378,0.9046951667319307
1631042770674,2021-09-07T19:26:10.674Z,41.698,0.20206392757710528,0.35676099540715983,0.115699788386214,0.9047128385822719
1631042770689,2021-09-07T19:26:10.689Z,41.713,0.2020255609248933,0.35675766432736405,0.11562962101250035,0.9047316908460605
1631042770704,2021-09-07T19:26:10.704Z,41.728,0.20200987847220017,0.35693748366397693,0.11537162500909093,0.9046972034321963
1631042770734,2021-09-07T19:26:10.734Z,41.758,0.2020237326099019,0.3571709182772458,0.11513239207988257,0.9046324551403826
1631042770749,2021-09-07T19:26:10.749Z,41.773,0.2020311704352641,0.35738543917792054,0.11497281677557959,0.9045663632033037
1631042770764,2021-09-07T19:26:10.764Z,41.788,0.20197647070873273,0.3572998179729434,0.11496723125693177,0.9046131112766723
1631042770794,2021-09-07T19:26:10.794Z,41.818,0.2020542632707719,0.3575501197902115,0.11479724905122828,0.904518423329443
1631042770809,2021-09-07T19:26:10.809Z,41.833,0.20200814004683754,0.3581177240706827,0.11456473745466349,0.904333637543797
1631042770824,2021-09-07T19:26:10.824Z,41.848,0.20192348719207268,0.35818329031548574,0.11445340379363378,0.9043406737612859
1631042770854,2021-09-07T19:26:10.854Z,41.878,0.20183581293093886,0.35773549140741334,0.1144791022099603,0.9045342215544997
1631042770869,2021-09-07T19:26:10.869Z,41.893,0.20174759540813658,0.35743999329586534,0.11443103801349855,0.9046767911684481
1631042770899,2021-09-07T19:26:10.899Z,41.923,0.20166176821277687,0.3576489733739902,0.11437074244586819,0.9046209572844353
1631042770914,2021-09-07T19:26:10.914Z,41.938,0.20170175379407618,0.3580898825201793,0.11430306364418465,0.9044461554977341
1631042770929,2021-09-07T19:26:10.929Z,41.953,0.20172951808862138,0.3583125715620555,0.11427575921141307,0.9043552141990306
1631042770944,2021-09-07T19:26:10.944Z,41.968,0.20169968326513538,0.35845168400389615,0.11421627969892204,0.9043142537067812
1631042770959,2021-09-07T19:26:10.959Z,41.983,0.2017061810233422,0.3585030945230493,0.11420481373817178,0.9042938727390593
1631042770989,2021-09-07T19:26:10.989Z,42.013,0.20175845628819083,0.3589171748190164,0.11411242669068739,0.9041296041004876
1631042771004,2021-09-07T19:26:11.004Z,42.028,0.2016789454856622,0.3592726270120946,0.11390195723212992,0.9040327021553533
1631042771019,2021-09-07T19:26:11.019Z,42.043,0.20154805152924207,0.35956495736064586,0.11368465887890873,0.9039730210015059
1631042771049,2021-09-07T19:26:11.049Z,42.073,0.20146403613471323,0.35982997827171476,0.11351196228126739,0.9039079949310904
1631042771064,2021-09-07T19:26:11.064Z,42.088,0.2013552677578246,0.36025614291915226,0.11320823665297473,0.9038005658269495
1631042771079,2021-09-07T19:26:11.079Z,42.103,0.20121646540156102,0.36083303308664344,0.1129754657955117,0.9036304556692868
1631042771109,2021-09-07T19:26:11.109Z,42.133,0.20117724270955173,0.361228054711584,0.1127672288390565,0.9035073666578635
1631042771124,2021-09-07T19:26:11.124Z,42.148,0.20120280830444695,0.36146184531467307,0.11252777194185731,0.9034380249103515
1631042771139,2021-09-07T19:26:11.139Z,42.163,0.20111083139707703,0.36179883449142997,0.11222628864218984,0.903361111069665
1631042771169,2021-09-07T19:26:11.169Z,42.193,0.20107491627277277,0.36193740931052387,0.11217592831154538,0.9033198497182086
1631042771184,2021-09-07T19:26:11.184Z,42.208,0.20111640283325619,0.36210752705190613,0.11208813822727692,0.9032533313708327
1631042771199,2021-09-07T19:26:11.199Z,42.223,0.20102956364638447,0.3623414809357373,0.11188370525742786,0.9032041863450977
1631042771229,2021-09-07T19:26:11.229Z,42.253,0.2008465203076745,0.3624979208152032,0.11176670935332544,0.9031966205457608
1631042771244,2021-09-07T19:26:11.244Z,42.268,0.20078339147308136,0.36231885198798364,0.11177457382665601,0.9032815307801585
1631042771259,2021-09-07T19:26:11.259Z,42.283,0.2007704408677717,0.36221424313513817,0.1117978188056553,0.9033234857204243
1631042771289,2021-09-07T19:26:11.289Z,42.313,0.2008104476015738,0.3625375633279632,0.11172594889915247,0.9031937730370283
1631042771304,2021-09-07T19:26:11.304Z,42.328,0.2007783106066582,0.3627313169156124,0.11166489406611109,0.9031306733534222
1631042771319,2021-09-07T19:26:11.319Z,42.343,0.2007541962505148,0.3627945199142827,0.1116332341702007,0.9031145608596265
1631042771334,2021-09-07T19:26:11.334Z,42.358,0.20076310583659254,0.3630178292092665,0.11155819781613799,0.9030321143298573
1631042771364,2021-09-07T19:26:11.364Z,42.388,0.2006765224443958,0.3635879905286561,0.11136435264775957,0.9028458824419057
1631042771379,2021-09-07T19:26:11.379Z,42.403,0.20064457461247678,0.36400099156063903,0.11124392906061206,0.9027014019423073
1631042771394,2021-09-07T19:26:11.394Z,42.418,0.20065729529424411,0.36393818916552867,0.11120801454267219,0.9027283211540398
1631042771424,2021-09-07T19:26:11.424Z,42.448,0.20063928436987902,0.3639020174523041,0.11102179727651422,0.9027698265843728
1631042771454,2021-09-07T19:26:11.454Z,42.478,0.20044890400337567,0.3640905114322586,0.11085285363252433,0.9027568782404087
1631042771454,2021-09-07T19:26:11.454Z,42.478,0.20046737496449377,0.3642411151362944,0.11081942087208481,0.9026961269312556
1631042771484,2021-09-07T19:26:11.484Z,42.508,0.20039228871466605,0.36470120738464357,0.11066780115905892,0.9025456208649512
1631042771499,2021-09-07T19:26:11.499Z,42.523,0.20025824287150126,0.3651394026775603,0.11046895460529817,0.9024225522684514
1631042771514,2021-09-07T19:26:11.514Z,42.538,0.20019917941985033,0.36517308533805637,0.11043131766230013,0.9024266343496691
1631042771544,2021-09-07T19:26:11.544Z,42.568,0.20008491372263354,0.3651799657304538,0.11038057645672772,0.9024553996019923
1631042771559,2021-09-07T19:26:11.559Z,42.583,0.20004192562407008,0.36528978788462585,0.11031717375088163,0.902428235393506
1631042771574,2021-09-07T19:26:11.574Z,42.598,0.19992036962636003,0.3655654759702965,0.1102008140492391,0.9023577501024499
1631042771604,2021-09-07T19:26:11.604Z,42.628,0.19974571297426197,0.3658566145933474,0.11012039240400859,0.9022882504407812
1631042771619,2021-09-07T19:26:11.619Z,42.643,0.19976934617950026,0.36605029981854664,0.11007751429308071,0.9022096913560749
1631042771634,2021-09-07T19:26:11.634Z,42.658,0.19962721300030337,0.3667422940364654,0.1098396974608066,0.9019890833354476
1631042771649,2021-09-07T19:26:11.649Z,42.673,0.19950575677918728,0.3674738920542419,0.10959898433977833,0.9017474448548
1631042771679,2021-09-07T19:26:11.679Z,42.703,0.19947270170573358,0.36759833862793045,0.10955337697607716,0.9017095764742316
1631042771694,2021-09-07T19:26:11.694Z,42.718,0.1994394776155068,0.36754556884911055,0.10962977079764041,0.9017291516540287
1631042771709,2021-09-07T19:26:11.709Z,42.733,0.19942979356576532,0.3675649136982413,0.10961384239364767,0.9017253446654483
1631042771754,2021-09-07T19:26:11.754Z,42.778,0.19936645099648032,0.36774677164864816,0.10958530046540038,0.9016686708991131
1631042771754,2021-09-07T19:26:11.754Z,42.778,0.19931089220079154,0.36793722258317973,0.10953817973881741,0.9016089815809326
1631042771769,2021-09-07T19:26:11.769Z,42.793,0.1992890131964348,0.3679948825107944,0.10951003664241647,0.9015937042480026
1631042771799,2021-09-07T19:26:11.799Z,42.823,0.19928795137124722,0.36809858749713087,0.10949087908806535,0.9015539305651056
1631042771814,2021-09-07T19:26:11.814Z,42.838,0.19923786711627856,0.3681153933240621,0.10943624318284252,0.9015647720396206
1631042771829,2021-09-07T19:26:11.829Z,42.853,0.1992387783538231,0.3682230733035001,0.10940367793990188,0.9015245491611549
1631042771859,2021-09-07T19:26:11.859Z,42.883,0.19923609056292524,0.3685771741740464,0.10930321869883534,0.901392618827751
1631042771874,2021-09-07T19:26:11.874Z,42.898,0.19918672905230633,0.36867997355264687,0.10922466308824323,0.9013710096535844
1631042771889,2021-09-07T19:26:11.889Z,42.913,0.1991852490577047,0.3687412382797014,0.10919681764804524,0.9013496495618736
1631042771919,2021-09-07T19:26:11.919Z,42.943,0.1992236575917201,0.36874593472143985,0.1091972386812765,0.9013391886224481
1631042771934,2021-09-07T19:26:11.934Z,42.958,0.19924878770047044,0.36897649798010396,0.10914320332154581,0.9012458186904077
1631042771964,2021-09-07T19:26:11.964Z,42.988,0.19922358061699735,0.3693144988232,0.10903800352930854,0.9011256736279651
1631042771964,2021-09-07T19:26:11.965Z,42.988,0.19922358061699735,0.3693144988232,0.10903800352930854,0.9011256736279651
1631042772009,2021-09-07T19:26:12.009Z,43.033,0.19918584149435684,0.3694687935067032,0.10898048132050005,0.9010777246520071
1631042772009,2021-09-07T19:26:12.009Z,43.033,0.19910681540924535,0.3695482368054245,0.10891533803400741,0.9010704888478639
1631042772024,2021-09-07T19:26:12.024Z,43.048,0.1991361031237106,0.3695779945364443,0.10886466227816036,0.9010579358144429
1631042772054,2021-09-07T19:26:12.054Z,43.078,0.19916348970468173,0.36976598432742314,0.10882349686377209,0.9009797265939815
1631042772069,2021-09-07T19:26:12.069Z,43.093,0.19917731047434536,0.3699320885231543,0.10877725446209793,0.9009140679247891
1631042772084,2021-09-07T19:26:12.084Z,43.108,0.19917731047434536,0.3699320885231543,0.10877725446209793,0.9009140679247891
1631042772114,2021-09-07T19:26:12.114Z,43.138,0.19916587429305915,0.37003992801360774,0.10874900618136903,0.9008757183137581
1631042772129,2021-09-07T19:26:12.129Z,43.153,0.19915620011994875,0.37007684692091897,0.10874293214570253,0.9008634247405144
1631042772144,2021-09-07T19:26:12.144Z,43.168,0.19905458775007392,0.3702893328629147,0.10864602239075516,0.9008102590902556
1631042772174,2021-09-07T19:26:12.174Z,43.198,0.1989306551176278,0.37051124156984955,0.10852409381564826,0.9007610867407253
1631042772189,2021-09-07T19:26:12.190Z,43.213,0.1989177839564728,0.3707520507558643,0.10841817078532094,0.9006775962183872
1631042772204,2021-09-07T19:26:12.204Z,43.228,0.1987979478755743,0.3711351896594002,0.10826238541447428,0.9005649908925558
1631042772234,2021-09-07T19:26:12.234Z,43.258,0.1986548947224897,0.37146530620941687,0.10811314919656186,0.9004783762291811
1631042772249,2021-09-07T19:26:12.249Z,43.273,0.1986493203807163,0.37154290900692477,0.10808861372433769,0.9004505349335422
1631042772264,2021-09-07T19:26:12.264Z,43.288,0.1985250318767255,0.3717645806544559,0.10798257885023146,0.9003991731193532
1631042772294,2021-09-07T19:26:12.294Z,43.318,0.19841779481876204,0.37199580132099686,0.10785227858212608,0.9003429282798042
1631042772311,2021-09-07T19:26:12.311Z,43.335,0.19837593835547068,0.37206950414727386,0.10777897280852552,0.90033047498434
1631042772324,2021-09-07T19:26:12.324Z,43.348,0.19835072110444682,0.37227581720253783,0.10768366999733733,0.9002621476988985
1631042772339,2021-09-07T19:26:12.339Z,43.363,0.19838321250644528,0.37265640756619817,0.1076106425037706,0.9001062451263208
1631042772369,2021-09-07T19:26:12.369Z,43.393,0.1984443237212257,0.3731225485845112,0.10754514529842843,0.8999074707120529
1631042772384,2021-09-07T19:26:12.384Z,43.408,0.1984884420910673,0.3735522590212972,0.10745520781549309,0.8997301964754079
1631042772399,2021-09-07T19:26:12.399Z,43.423,0.19851470442336308,0.3737722141172008,0.10740667763180886,0.8996388440267167
1631042772429,2021-09-07T19:26:12.429Z,43.453,0.19853635964185984,0.3737607176361985,0.1073545777967313,0.8996450602756163
1631042772444,2021-09-07T19:26:12.444Z,43.468,0.19852868761613696,0.37373577699385535,0.1072721680470772,0.8996669445693186
1631042772459,2021-09-07T19:26:12.459Z,43.483,0.1984944512802144,0.3738015630183065,0.10721551736157393,0.8996539207567139
1631042772489,2021-09-07T19:26:12.489Z,43.513,0.19848972080380195,0.3738752811405938,0.10722106436645572,0.8996236703441027
1631042772504,2021-09-07T19:26:12.504Z,43.528,0.1986113074299761,0.3739545722281454,0.10723474738624435,0.8995622465530826
1631042772519,2021-09-07T19:26:12.519Z,43.543,0.19864235890376694,0.37421500991508744,0.10717724243578235,0.8994539333991817
1631042772549,2021-09-07T19:26:12.549Z,43.573,0.19869829562127247,0.3744479108311092,0.10713251539718903,0.8993499727781672
1631042772564,2021-09-07T19:26:12.564Z,43.588,0.1988013001750297,0.37460221029452867,0.1071886677227878,0.8992562574722431
1631042772579,2021-09-07T19:26:12.579Z,43.603,0.1989052999668662,0.37487860568165127,0.10722927585986315,0.8991132270442035
1631042772609,2021-09-07T19:26:12.609Z,43.633,0.19890155408892154,0.37489301928886887,0.10722703016952992,0.8991083137589766
1631042772624,2021-09-07T19:26:12.624Z,43.648,0.19889588575131925,0.374973116817549,0.10718858944567287,0.8990807497594296
1631042772639,2021-09-07T19:26:12.639Z,43.663,0.19900886225297124,0.37511934908077516,0.10717679296745236,0.8989961522382647
1631042772654,2021-09-07T19:26:12.654Z,43.678,0.19902832345832683,0.37528519954631423,0.10713946571532108,0.8989270717633808
1631042772684,2021-09-07T19:26:12.684Z,43.708,0.19905061521130077,0.37554459823054115,0.10708874940796442,0.8988198412774957
1631042772699,2021-09-07T19:26:12.699Z,43.723,0.19899955499756025,0.3756714500317097,0.10704070331223217,0.8987838597662222
1631042772714,2021-09-07T19:26:12.714Z,43.738,0.19899632220241464,0.37585890805557015,0.10696461839515409,0.8987152582418786
1631042772744,2021-09-07T19:26:12.744Z,43.768,0.1989809415318719,0.3758818209902144,0.10693585026873333,0.8987125043546869
1631042772759,2021-09-07T19:26:12.759Z,43.783,0.19899257104785534,0.37597249049038617,0.10691373360414853,0.8986746333512714
1631042772774,2021-09-07T19:26:12.774Z,43.798,0.19897948125431647,0.37615406361906334,0.10690286712560206,0.8986028396699817
1631042772804,2021-09-07T19:26:12.804Z,43.828,0.1989663723942606,0.3764224728179308,0.10681551820413575,0.89850372825308
1631042772819,2021-09-07T19:26:12.819Z,43.843,0.19896828118616927,0.37664334054864057,0.10676630044608769,0.8984165927849052
1631042772834,2021-09-07T19:26:12.834Z,43.858,0.1989663986675724,0.37678909428368235,0.10672365065777757,0.8983609592031567
1631042772864,2021-09-07T19:26:12.864Z,43.888,0.19897199721640565,0.3768538732484737,0.10670728796636479,0.898334490730597
1631042772879,2021-09-07T19:26:12.879Z,43.903,0.19899669852548946,0.37709359401335985,0.10666802082225214,0.8982330814793601
1631042772894,2021-09-07T19:26:12.894Z,43.918,0.19899704812792707,0.37719675600158015,0.10666335937106058,0.8981902414666595
1631042772924,2021-09-07T19:26:12.924Z,43.948,0.19898423931921141,0.3773377013628792,0.10665419901121653,0.8981349639480747
1631042772939,2021-09-07T19:26:12.939Z,43.963,0.1989248267781911,0.37747040805154763,0.10661722091599016,0.8980967501003531
1631042772954,2021-09-07T19:26:12.954Z,43.978,0.19889987544533377,0.37747733910888376,0.10660534850237179,0.8981007725627428
1631042772969,2021-09-07T19:26:12.969Z,43.993,0.19891727129607664,0.377623890401205,0.10657288911014103,0.8980391616656255
1631042772999,2021-09-07T19:26:12.999Z,44.023,0.19893561420951955,0.37777850405177815,0.10653864602188763,0.8979741311303489
1631042773014,2021-09-07T19:26:13.014Z,44.038,0.1989917929401721,0.37791908417362674,0.10651834391745886,0.8979049362649172
1631042773029,2021-09-07T19:26:13.029Z,44.053,0.1991107218258916,0.3779520789993151,0.10654714239145414,0.8978612659438446
1631042773059,2021-09-07T19:26:13.059Z,44.083,0.1991737041508409,0.37804234096406936,0.10654334743267238,0.8978097455090808
1631042773074,2021-09-07T19:26:13.074Z,44.098,0.1991938883527888,0.37828587249349727,0.106494281685665,0.8977085058542024
1631042773089,2021-09-07T19:26:13.089Z,44.113,0.19915939500051963,0.3782785167043959,0.10647477758182554,0.8977215720488451
1631042773119,2021-09-07T19:26:13.119Z,44.143,0.1991022159076732,0.3781246096714987,0.10646356319047114,0.8978004215270895
1631042773134,2021-09-07T19:26:13.134Z,44.158,0.1992135790186134,0.3781282300432151,0.1064970193804856,0.8977702247468741
1631042773149,2021-09-07T19:26:13.149Z,44.173,0.19934587556022063,0.37811253186845306,0.10655274442822533,0.8977408578180958
1631042773179,2021-09-07T19:26:13.179Z,44.203,0.1995077496930555,0.3780924818040211,0.10662316830910676,0.897704981046344
1631042773194,2021-09-07T19:26:13.194Z,44.218,0.1996388507379868,0.37809561224889005,0.10667827313980101,0.8976679694152303
1631042773209,2021-09-07T19:26:13.209Z,44.233,0.19975614551334323,0.37806981968763287,0.10670335541850574,0.8976497578195212
1631042773239,2021-09-07T19:26:13.239Z,44.263,0.19986169789995617,0.37808190214439147,0.10673381043547307,0.8976175525764578
1631042773254,2021-09-07T19:26:13.254Z,44.278,0.19987600505937872,0.37828155177825684,0.10669776561639513,0.8975345324822918
1631042773269,2021-09-07T19:26:13.269Z,44.293,0.19986323365976738,0.3784048434915767,0.10667417598522662,0.897488207405005
1631042773284,2021-09-07T19:26:13.284Z,44.308,0.19988247919126334,0.378332709063152,0.10669664332276618,0.8975116612439891
1631042773314,2021-09-07T19:26:13.314Z,44.338,0.1998897761155706,0.37839412285400253,0.10668296157904769,0.8974857719778851
1631042773329,2021-09-07T19:26:13.329Z,44.353,0.19991896139041457,0.378639768667297,0.10662824226211047,0.8973821663105672
1631042773344,2021-09-07T19:26:13.344Z,44.368,0.19994612254867242,0.37886843495963657,0.10657729323993907,0.8972856499658485
1631042773374,2021-09-07T19:26:13.374Z,44.398,0.20009277062963668,0.37903161357249815,0.10664842699949084,0.897175585976858
1631042773389,2021-09-07T19:26:13.389Z,44.413,0.20018805733548253,0.3794092866233961,0.10658589096035563,0.8970021085662834
1631042773404,2021-09-07T19:26:13.404Z,44.428,0.20020062552783285,0.37975965661989786,0.10656174661439975,0.8968538938426315
1631042773434,2021-09-07T19:26:13.434Z,44.458,0.20030582303983213,0.37964848508612586,0.1066329195157251,0.8968690124559429
1631042773449,2021-09-07T19:26:13.449Z,44.473,0.20049113684151545,0.3797173920991148,0.10668679672096411,0.8967920235990413
1631042773464,2021-09-07T19:26:13.464Z,44.488,0.20072665206774404,0.37996696282854625,0.10671151108413314,0.8966306774311628
1631042773494,2021-09-07T19:26:13.494Z,44.518,0.20087093419438534,0.38013291935352816,0.10672951651523604,0.89652587342701
1631042773509,2021-09-07T19:26:13.509Z,44.533,0.20098100625603346,0.3800942918355139,0.10679119045799038,0.8965102375762012
1631042773524,2021-09-07T19:26:13.524Z,44.548,0.20095666207248877,0.3801670160418301,0.1067660549580876,0.8964878523389044
1631042773554,2021-09-07T19:26:13.554Z,44.578,0.20091596572480724,0.3802769841996894,0.10671781177011991,0.8964560773712532
1631042773569,2021-09-07T19:26:13.569Z,44.593,0.20095480641549138,0.38030254203199715,0.10673259764765737,0.8964347689050759
1631042773584,2021-09-07T19:26:13.584Z,44.608,0.20101127849884753,0.3803123109185453,0.10677528771200394,0.8964128792102852
1631042773614,2021-09-07T19:26:13.614Z,44.638,0.20100706113408798,0.3803375826507899,0.10677779092836348,0.896402804525984
1631042773629,2021-09-07T19:26:13.629Z,44.653,0.20113312374905346,0.38038827412173976,0.10682320902646743,0.8963476052597674
1631042773644,2021-09-07T19:26:13.644Z,44.668,0.20130591317143004,0.3803583723651947,0.10689036666360958,0.8963134983968699
1631042773659,2021-09-07T19:26:13.659Z,44.683,0.20149776294659985,0.3803310087794403,0.10697617357988924,0.8962717632362043
1631042773689,2021-09-07T19:26:13.689Z,44.713,0.2016389890018237,0.3803857719591264,0.1070319522812677,0.8962101002534185
1631042773704,2021-09-07T19:26:13.704Z,44.728,0.20177812737436848,0.38016682605341534,0.10720388518565573,0.896251135945091
1631042773719,2021-09-07T19:26:13.721Z,44.743,0.201917928225231,0.3799082874417764,0.10732894965132599,0.8963143086892176
1631042773749,2021-09-07T19:26:13.749Z,44.773,0.20210392690276813,0.3798525913874782,0.10739938125677678,0.8962875567876416
1631042773764,2021-09-07T19:26:13.764Z,44.788,0.20236563448187522,0.379856285865456,0.10760570145589042,0.8962021898452572
1631042773779,2021-09-07T19:26:13.779Z,44.803,0.20272650119627317,0.3795052822025614,0.10779170848825728,0.8962469827420643
1631042773809,2021-09-07T19:26:13.809Z,44.833,0.2030937710473205,0.37923921077031203,0.10794649432491633,0.8962578287184165
1631042773824,2021-09-07T19:26:13.824Z,44.848,0.20351839898607482,0.3790952420436516,0.1082254245473369,0.8961887726453388
1631042773839,2021-09-07T19:26:13.839Z,44.863,0.20389478971470548,0.37892012994204805,0.10850246023265002,0.8961437752812657
1631042773869,2021-09-07T19:26:13.869Z,44.893,0.20418156950614913,0.37874347683258774,0.1086647892478589,0.8961334883869072
1631042773884,2021-09-07T19:26:13.884Z,44.908,0.2045184633857674,0.3785791028691503,0.10878945684843014,0.8961109948459159
1631042773899,2021-09-07T19:26:13.899Z,44.923,0.20503228254270084,0.37847198609281546,0.10914492310051656,0.8959955940849667
1631042773929,2021-09-07T19:26:13.929Z,44.953,0.2055672379243286,0.378676915988461,0.10945670903146613,0.8957483646859934
1631042773959,2021-09-07T19:26:13.959Z,44.983,0.20618273481100616,0.3785014504999638,0.10991255231696354,0.8956252356194797
1631042773959,2021-09-07T19:26:13.959Z,44.983,0.2069683936941457,0.37795000423482333,0.1106661769686618,0.8955840974390415
1631042773974,2021-09-07T19:26:13.974Z,44.998,0.20783074683069583,0.3773865191411279,0.11147293707467078,0.8955219596091906
1631042774004,2021-09-07T19:26:14.004Z,45.028,0.2087537345272356,0.3769258851360077,0.1122480033216113,0.8954044567600058
1631042774019,2021-09-07T19:26:14.019Z,45.043,0.2097814802685906,0.37644889493670675,0.11312217128015367,0.8952548991220963
1631042774034,2021-09-07T19:26:14.034Z,45.058,0.2109159488493163,0.3759366499331065,0.11406220275511054,0.8950843042198413
1631042774064,2021-09-07T19:26:14.064Z,45.088,0.2119126114855135,0.37571783522456603,0.11491609123973479,0.8948315178634113
1631042774079,2021-09-07T19:26:14.079Z,45.103,0.21293315988760877,0.37541349324631196,0.11577302531513273,0.8946064973597392
1631042774094,2021-09-07T19:26:14.094Z,45.118,0.2142798877240116,0.3740489740118215,0.11685946456329468,0.8947152397828421
1631042774124,2021-09-07T19:26:14.124Z,45.148,0.21567253695323496,0.3727929837062223,0.1176610517320576,0.8947997681095328
1631042774139,2021-09-07T19:26:14.139Z,45.163,0.21701156229179583,0.37155980943989714,0.11841618611404982,0.8948893209257021
1631042774154,2021-09-07T19:26:14.154Z,45.178,0.21851737616098058,0.37001266311741193,0.11943501949489357,0.8950285255603507
1631042774184,2021-09-07T19:26:14.184Z,45.208,0.22015617908581386,0.36837712132309297,0.12052864647449762,0.8951549579123561
1631042774199,2021-09-07T19:26:14.199Z,45.223,0.22177175034649632,0.3671607730660512,0.12148864012456265,0.8951261183713028
1631042774214,2021-09-07T19:26:14.214Z,45.238,0.2234216458831167,0.365914162269665,0.1225333201402609,0.8950838952057918
1631042774244,2021-09-07T19:26:14.244Z,45.268,0.22513645566717305,0.3637657354483391,0.12380788373330008,0.8953544962576743
1631042774259,2021-09-07T19:26:14.259Z,45.283,0.22688348505802247,0.36157235366899326,0.1251059169821698,0.8956214751814748
1631042774274,2021-09-07T19:26:14.274Z,45.298,0.22863537834770048,0.35990910575435475,0.12648361518306447,0.8956523848308154
1631042774304,2021-09-07T19:26:14.304Z,45.328,0.23041442305945195,0.35875100316705416,0.1278497591657091,0.8954671129941526
1631042774319,2021-09-07T19:26:14.319Z,45.343,0.2321872009554207,0.3579120404910567,0.1293438548201571,0.8951302934234087
1631042774334,2021-09-07T19:26:14.334Z,45.358,0.23397547150059103,0.35669297198595207,0.13092741450473652,0.8949210102590115
1631042774349,2021-09-07T19:26:14.349Z,45.373,0.2356352836852473,0.35368240341325197,0.13272555345710846,0.8954153773852128
1631042774379,2021-09-07T19:26:14.379Z,45.403,0.2371019827860274,0.349371605856363,0.13491701839743714,0.8963925082947904
1631042774394,2021-09-07T19:26:14.394Z,45.418,0.2386780023249598,0.34538490869233723,0.13728215312735684,0.8971597887146242
1631042774409,2021-09-07T19:26:14.409Z,45.433,0.2404442778320812,0.34154564863191106,0.139610472288296,0.89779843795022
1631042774439,2021-09-07T19:26:14.439Z,45.463,0.24242649172462455,0.33719784073724685,0.14180657052787807,0.898564359891572
1631042774454,2021-09-07T19:26:14.454Z,45.478,0.24438198327306518,0.331796422925748,0.14383525514528772,0.8997221789877647
1631042774469,2021-09-07T19:26:14.469Z,45.493,0.24617426771410303,0.3267421811873073,0.14591753882336156,0.9007473834611558
1631042774499,2021-09-07T19:26:14.499Z,45.523,0.24823823928765223,0.3228932963627327,0.1480342022045596,0.9012233744732958
1631042774516,2021-09-07T19:26:14.516Z,45.54,0.25045785592225195,0.31992382174346595,0.15021538904973272,0.9013073546690502
1631042774529,2021-09-07T19:26:14.529Z,45.553,0.25278514773137206,0.3170762378847628,0.1525736907206916,0.9012677722825445
1631042774559,2021-09-07T19:26:14.559Z,45.583,0.2551064426926538,0.3141671637924595,0.15480510500019326,0.9012519489893938
1631042774574,2021-09-07T19:26:14.574Z,45.598,0.2573882159484859,0.31093491526561867,0.15675257853562982,0.9013874937461964
1631042774589,2021-09-07T19:26:14.589Z,45.613,0.2596037463771236,0.30726961200035485,0.15879044401125664,0.9016523028855533
1631042774619,2021-09-07T19:26:14.619Z,45.643,0.2620603209011244,0.3041055575753127,0.1609721819653145,0.9016275032929805
1631042774634,2021-09-07T19:26:14.634Z,45.658,0.2648786351605443,0.30168429532149493,0.1631555734119056,0.9012248073907488
1631042774649,2021-09-07T19:26:14.649Z,45.673,0.2678039417820776,0.29914016043728475,0.16523765310443378,0.9008289133770495
1631042774664,2021-09-07T19:26:14.664Z,45.688,0.2706299123328424,0.29554396836958186,0.16754837316698512,0.900744556442155
1631042774694,2021-09-07T19:26:14.694Z,45.718,0.2733401298179544,0.2915870801262612,0.16991214443967345,0.9007730076475741
1631042774709,2021-09-07T19:26:14.709Z,45.733,0.2761244631566026,0.2881407304186742,0.17211859898892057,0.9006138951861459
1631042774724,2021-09-07T19:26:14.724Z,45.748,0.27918704490410245,0.2848392041836905,0.17413274411308258,0.9003327213565907
1631042774754,2021-09-07T19:26:14.754Z,45.778,0.28212976250161576,0.2821892479366682,0.1758933650554682,0.8999075227984168
1631042774769,2021-09-07T19:26:14.769Z,45.793,0.28492465132190276,0.2794208479236259,0.17750332948616718,0.8995746221609741
1631042774784,2021-09-07T19:26:14.784Z,45.808,0.28774820697134024,0.2778865592522775,0.17900421555343418,0.8988534476686446
1631042774829,2021-09-07T19:26:14.829Z,45.853,0.290772251779473,0.2769777107742414,0.1803304357780432,0.8978951939182304
1631042774829,2021-09-07T19:26:14.829Z,45.853,0.2937966668006921,0.27488861263095365,0.18154717003643447,0.8973073020289063
1631042774844,2021-09-07T19:26:14.844Z,45.868,0.29686366885301096,0.27163978837904995,0.18307306976231683,0.8969771672747956
1631042774874,2021-09-07T19:26:14.874Z,45.898,0.30029776987993984,0.2690016653791372,0.18465651753520623,0.8963042585864218
1631042774889,2021-09-07T19:26:14.889Z,45.913,0.3038722265157686,0.26731297272344123,0.18608955968343227,0.8953078355196791
1631042774904,2021-09-07T19:26:14.904Z,45.928,0.30728912909772915,0.2651469159439677,0.18744039874828602,0.8945035500325558
1631042774934,2021-09-07T19:26:14.934Z,45.958,0.310583264062739,0.2618927959228903,0.18895411517378374,0.8940058958903564
1631042774949,2021-09-07T19:26:14.949Z,45.973,0.3140757859735854,0.25855951001220784,0.19074257810088296,0.8933759843127362
1631042774964,2021-09-07T19:26:14.964Z,45.988,0.31787246668545643,0.25595849915776003,0.1925458026299441,0.8923947868078348
1631042774979,2021-09-07T19:26:14.979Z,46.003,0.32186020863730636,0.25367514436377586,0.1939620462598932,0.8913100761455816
1631042775009,2021-09-07T19:26:15.009Z,46.033,0.32573239809762555,0.25111986590121954,0.19520070734193604,0.8903560532913399
1631042775024,2021-09-07T19:26:15.024Z,46.048,0.32971927753826397,0.2481064366735967,0.19663593310320288,0.8894170584789841
1631042775039,2021-09-07T19:26:15.039Z,46.063,0.3342543424897905,0.24502268266860794,0.19822404859205855,0.8882258418129758
1631042775069,2021-09-07T19:26:15.069Z,46.093,0.3389374650211159,0.24231833480116777,0.19930252647152658,0.886950800420359
1631042775084,2021-09-07T19:26:15.084Z,46.108,0.34333304993993236,0.2393823514274044,0.19972129994046875,0.8859627018075422
1631042775099,2021-09-07T19:26:15.099Z,46.123,0.3476354646968947,0.23503603646652926,0.20065086324786488,0.8852383161188658
1631042775129,2021-09-07T19:26:15.129Z,46.153,0.35256999341552897,0.23038354261507096,0.20210204795242817,0.8841790459225655
1631042775144,2021-09-07T19:26:15.144Z,46.168,0.35773779310682874,0.22584963696478813,0.20367541187117683,0.882911059770482
1631042775159,2021-09-07T19:26:15.159Z,46.183,0.36268500291624794,0.2216442425144195,0.2047887340544775,0.8817000583102027
1631042775189,2021-09-07T19:26:15.189Z,46.213,0.3674034201416635,0.2171293957807378,0.20645174514256073,0.8804812486837476
1631042775204,2021-09-07T19:26:15.204Z,46.228,0.37151927141325886,0.21169278245241013,0.2085196099455836,0.8795903416331146
1631042775219,2021-09-07T19:26:15.219Z,46.243,0.3753605708393012,0.20475843277467728,0.21151897080145232,0.878884606224245
1631042775249,2021-09-07T19:26:15.249Z,46.273,0.379107144130753,0.19659350640038578,0.21517570128099883,0.8782529157870507
1631042775264,2021-09-07T19:26:15.265Z,46.288,0.38326296543895466,0.18922420010765734,0.21838610064339958,0.8772748785086272
1631042775279,2021-09-07T19:26:15.279Z,46.303,0.388154694763265,0.18308558007040263,0.22100911071985674,0.8757685631959732
1631042775294,2021-09-07T19:26:15.294Z,46.318,0.3933658637006384,0.17735566512763754,0.2238314003324556,0.873903753022835
1631042775324,2021-09-07T19:26:15.324Z,46.348,0.39886611112221637,0.17186389610203445,0.2269230302507648,0.8717078438081644
1631042775339,2021-09-07T19:26:15.339Z,46.363,0.4042597362205188,0.16610747366788525,0.2299435109774369,0.8695449123662092
1631042775354,2021-09-07T19:26:15.354Z,46.378,0.4090054083757604,0.1597895492217379,0.2327124653079839,0.8677711589867295
1631042775384,2021-09-07T19:26:15.384Z,46.408,0.4131959392143896,0.1531709139555165,0.23541912512971996,0.8662480144034544
1631042775399,2021-09-07T19:26:15.399Z,46.423,0.41722249698057995,0.14693845707541203,0.23797191515961694,0.8646987021158591
1631042775414,2021-09-07T19:26:15.414Z,46.438,0.42149162611986857,0.14098925995413483,0.24031834486503012,0.8629680937379705
1631042775444,2021-09-07T19:26:15.444Z,46.468,0.4257957227629081,0.13453174774719515,0.2428929593049435,0.8611632955746459
1631042775461,2021-09-07T19:26:15.461Z,46.485,0.4297754341826676,0.12790238486137773,0.2453598308893288,0.8594955552565887
1631042775474,2021-09-07T19:26:15.474Z,46.498,0.43351057883806426,0.12182264230057577,0.24769631434984385,0.8578311941844361
1631042775504,2021-09-07T19:26:15.504Z,46.528,0.4369592018125436,0.11647211620465364,0.2494446903325298,0.8563166753970535
1631042775519,2021-09-07T19:26:15.519Z,46.543,0.44008017343728134,0.1110626478236758,0.25062564446741675,0.8550914077109526
1631042775534,2021-09-07T19:26:15.534Z,46.558,0.4427241135711898,0.10544549789910566,0.25159672179710774,0.8541520331980501
1631042775564,2021-09-07T19:26:15.564Z,46.588,0.4451796618845914,0.10019890012702395,0.25264396743430745,0.8531976762607293
1631042775579,2021-09-07T19:26:15.579Z,46.603,0.4477120171138498,0.09566916056581384,0.2535052670730549,0.8521363981280813
1631042775594,2021-09-07T19:26:15.594Z,46.618,0.4503100403144206,0.09177755337676814,0.25403916208076094,0.8510357527257618
1631042775609,2021-09-07T19:26:15.609Z,46.633,0.4530780121275744,0.08726001559906454,0.2547956633097997,0.8498147883878555
1631042775639,2021-09-07T19:26:15.639Z,46.663,0.4557252628599374,0.08169646210307677,0.2560834178624387,0.8485643499269654
1631042775654,2021-09-07T19:26:15.654Z,46.678,0.45816992500807785,0.07648575848573144,0.2571333280699363,0.8474153055985202
1631042775669,2021-09-07T19:26:15.669Z,46.693,0.4604392699878843,0.07347792470207848,0.25744360976852354,0.8463565803039828
1631042775714,2021-09-07T19:26:15.714Z,46.738,0.46274569980765123,0.07139685804030946,0.2570933719061137,0.8453826968263802
1631042775714,2021-09-07T19:26:15.714Z,46.738,0.4647744711316748,0.06922688808095355,0.25675009671822874,0.8445541526664108
1631042775729,2021-09-07T19:26:15.729Z,46.753,0.4664544723445658,0.06671122407589362,0.2567953148571636,0.8438163331433322
1631042775759,2021-09-07T19:26:15.759Z,46.783,0.46812479183455724,0.06438211144697098,0.2571073091837595,0.8429768410577889
1631042775774,2021-09-07T19:26:15.774Z,46.798,0.4698191507104554,0.06243018728409895,0.25730778002482924,0.8421194355197327
1631042775789,2021-09-07T19:26:15.789Z,46.813,0.47105563011977863,0.06026030000904379,0.257546665061534,0.8415135203257047
1631042775819,2021-09-07T19:26:15.819Z,46.843,0.47202330088538874,0.057426805640010785,0.2579802234305061,0.8410364853762247
1631042775834,2021-09-07T19:26:15.834Z,46.858,0.47315844832397025,0.05525055520557295,0.25836554136314205,0.8404259074809981
1631042775849,2021-09-07T19:26:15.849Z,46.873,0.47435588883234314,0.05381203176354515,0.25854363356751264,0.8397892268356775
1631042775879,2021-09-07T19:26:15.879Z,46.903,0.4751893461018964,0.05199832711601039,0.2588571245250845,0.8393355993945409
1631042775894,2021-09-07T19:26:15.894Z,46.918,0.4757215278568871,0.04975229767474458,0.25941663423721767,0.8389974652468423
1631042775909,2021-09-07T19:26:15.909Z,46.933,0.476420848241907,0.04803232763273651,0.25995157723042783,0.8385351801552852
1631042775939,2021-09-07T19:26:15.939Z,46.963,0.47730075369378566,0.04703822266446505,0.26026105366192126,0.8379949761655489
1631042775954,2021-09-07T19:26:15.954Z,46.978,0.4779131056282895,0.04615935169826217,0.26042555089313596,0.8376436653861391
1631042775984,2021-09-07T19:26:15.984Z,47.008,0.47811011996952607,0.044951359297022354,0.2607412854506103,0.8374986988298182
1631042775984,2021-09-07T19:26:15.984Z,47.008,0.47819239295042515,0.04370811617615575,0.2610348782584074,0.8374260732967992
1631042776014,2021-09-07T19:26:16.014Z,47.038,0.4784311987658669,0.043023106047532594,0.2611267587122085,0.8372964924552916
1631042776029,2021-09-07T19:26:16.029Z,47.053,0.4787858670199448,0.04303558599083279,0.2610901998028874,0.8371044973283047
1631042776059,2021-09-07T19:26:16.059Z,47.083,0.4792043389826252,0.04367574515661187,0.2607193194954032,0.836947469813425
1631042776074,2021-09-07T19:26:16.074Z,47.098,0.4797191384444875,0.04443285672229285,0.2602666948423346,0.8367535581098069
1631042776089,2021-09-07T19:26:16.089Z,47.113,0.4801731489630517,0.04498292675887117,0.26007791183511525,0.8365224223477808
1631042776104,2021-09-07T19:26:16.104Z,47.128,0.48052453709266824,0.04543487609908645,0.2600275125889822,0.8363118640689755
1631042776134,2021-09-07T19:26:16.134Z,47.158,0.480780865075216,0.04581547856749852,0.26003435002751973,0.8361416378263454
1631042776149,2021-09-07T19:26:16.149Z,47.173,0.4809332307216356,0.04627943522394085,0.26012433198703494,0.8360004625425168
1631042776164,2021-09-07T19:26:16.164Z,47.188,0.48110526619087046,0.04696846363152778,0.2599679519882757,0.8359116880427783
1631042776194,2021-09-07T19:26:16.194Z,47.218,0.4812142132942092,0.04764208746392501,0.25959141022787996,0.8359278749758353
1631042776224,2021-09-07T19:26:16.224Z,47.248,0.48113103004643315,0.048093183133061726,0.25940014997448324,0.8360092941204682
1631042776224,2021-09-07T19:26:16.224Z,47.248,0.48089830539872835,0.04833949503286883,0.2594435889411073,0.8361155047252481
1631042776254,2021-09-07T19:26:16.254Z,47.278,0.48079898145821864,0.04880548559105234,0.2596315399904502,0.8360872128236078
1631042776269,2021-09-07T19:26:16.269Z,47.293,0.4804870513076557,0.04937775460622377,0.259314031856151,0.8363314317650802
1631042776284,2021-09-07T19:26:16.284Z,47.308,0.47996501992233664,0.04968977911875967,0.2587315540323253,0.8367929782509518
1631042776314,2021-09-07T19:26:16.314Z,47.338,0.4794294575816618,0.049827833141262406,0.25826859688061493,0.8372346828176187
1631042776329,2021-09-07T19:26:16.329Z,47.353,0.4790904611526314,0.050136123790049295,0.2577885139508142,0.8375582255574229
1631042776359,2021-09-07T19:26:16.359Z,47.383,0.4789106797134896,0.05100288190215124,0.2569827113234081,0.8378562842008815
1631042776359,2021-09-07T19:26:16.359Z,47.383,0.4786211382155484,0.05202891818873627,0.25584173897110646,0.8383077014590782
1631042776389,2021-09-07T19:26:16.389Z,47.413,0.47822832337640203,0.05255810791904909,0.25493584286138893,0.8387747206712411
1631042776404,2021-09-07T19:26:16.404Z,47.428,0.4777110066045421,0.05292284276860159,0.25421113547767554,0.8392663852921287
1631042776419,2021-09-07T19:26:16.419Z,47.443,0.4772082043864137,0.053811327442699015,0.25316039113412764,0.8398133644244803
1631042776449,2021-09-07T19:26:16.449Z,47.473,0.4765701514915585,0.05462048114441424,0.25211837480133226,0.8404366834178532
1631042776464,2021-09-07T19:26:16.464Z,47.488,0.47585953046213075,0.055378355975261966,0.2513952295624723,0.8410061732895125
1631042776479,2021-09-07T19:26:16.479Z,47.503,0.47544014493023795,0.056667618500148606,0.25060021897916973,0.8413946635496496
1631042776509,2021-09-07T19:26:16.509Z,47.533,0.47523695119970116,0.057899243995016045,0.24942789913825292,0.8417738656496151
1631042776524,2021-09-07T19:26:16.524Z,47.548,0.474842601572802,0.058572358593387296,0.24825620316526437,0.8422960525434913
1631042776539,2021-09-07T19:26:16.539Z,47.563,0.47439945630443753,0.05906025803164465,0.24703050121262932,0.8428718605161326
1631042776569,2021-09-07T19:26:16.569Z,47.593,0.4739429141934419,0.05990440882946577,0.24606694781113184,0.8433508362974057
1631042776584,2021-09-07T19:26:16.584Z,47.608,0.47323366650421295,0.06001300320448419,0.24471221683647365,0.8441352185902071
1631042776599,2021-09-07T19:26:16.599Z,47.623,0.4721811296413643,0.059125503918335216,0.24378053238106615,0.8450563339973332
1631042776614,2021-09-07T19:26:16.614Z,47.638,0.47120108968270225,0.05798048124946913,0.2429564136214772,0.8459196049011418
1631042776644,2021-09-07T19:26:16.644Z,47.668,0.4703662288472958,0.057162443738159825,0.24182761655463372,0.8467629359256109
1631042776659,2021-09-07T19:26:16.659Z,47.683,0.46944665824427295,0.05617459480797512,0.2408373947582713,0.8476211413405715
1631042776674,2021-09-07T19:26:16.674Z,47.698,0.46853856049410886,0.05521141459104051,0.24017624965640538,0.8483741427754317
1631042776704,2021-09-07T19:26:16.704Z,47.728,0.46770318822188417,0.05448306663804487,0.23963190348532862,0.8490358496605411
1631042776734,2021-09-07T19:26:16.734Z,47.758,0.46683673353033067,0.05376691891444119,0.23898031474053824,0.8497417206561604
1631042776734,2021-09-07T19:26:16.734Z,47.758,0.4658636027072694,0.053362654945192836,0.23816729439553774,0.8505291709342562
1631042776779,2021-09-07T19:26:16.779Z,47.803,0.4650305661255935,0.05301216790147395,0.2376516985927,0.8511509576915839
1631042776779,2021-09-07T19:26:16.779Z,47.803,0.46458305016322693,0.05256524805140794,0.2375584747393696,0.8514490326953403
1631042776794,2021-09-07T19:26:16.795Z,47.818,0.4643390739528957,0.052049080993358865,0.23752152774073085,0.8516241198017017
1631042776824,2021-09-07T19:26:16.825Z,47.848,0.4638178175243093,0.051372179280330964,0.23744829637563739,0.8519696226340957
1631042776839,2021-09-07T19:26:16.839Z,47.863,0.4631342245888019,0.05080706993893652,0.2374770613965643,0.8523672782135654
1631042776869,2021-09-07T19:26:16.869Z,47.893,0.4625634035973795,0.050092359019006875,0.23758908032039378,0.8526882678522253
1631042776884,2021-09-07T19:26:16.884Z,47.908,0.4622998971852027,0.04884557944519351,0.23791139538991385,0.8528136269870684
1631042776899,2021-09-07T19:26:16.899Z,47.923,0.46201300917885857,0.04789003079145141,0.23796148706226042,0.8530092936043588
1631042776914,2021-09-07T19:26:16.914Z,47.938,0.461459337187966,0.04761210878816668,0.2375985520957851,0.8534256237427916
1631042776929,2021-09-07T19:26:16.929Z,47.953,0.46045764704388326,0.04691625700282464,0.23704632820021304,0.8541584504027647
1631042776959,2021-09-07T19:26:16.959Z,47.983,0.45934429001004967,0.045838790363615725,0.23655391880892568,0.854952555425916
1631042776974,2021-09-07T19:26:16.974Z,47.998,0.45860852752542464,0.045127468231481206,0.23596190915088205,0.8555487756532933
1631042776989,2021-09-07T19:26:16.989Z,48.013,0.45810889681717465,0.04490792328196728,0.2354608002603656,0.8559659623046938
1631042777019,2021-09-07T19:26:17.019Z,48.043,0.4576329475702728,0.04483737232583086,0.23504404182860383,0.8563387143776299
1631042777049,2021-09-07T19:26:17.049Z,48.073,0.4570178926181738,0.044704182544836275,0.23464619848345603,0.8567831367546305
1631042777049,2021-09-07T19:26:17.049Z,48.073,0.45620044344108635,0.043991478475215985,0.2346981731017537,0.8572413153648277
1631042777079,2021-09-07T19:26:17.079Z,48.103,0.4554843659062445,0.043361809623496256,0.23491098267764368,0.8575958116144142
1631042777094,2021-09-07T19:26:17.094Z,48.118,0.45508786686706776,0.043121737067148586,0.23486643801427495,0.8578305808941415
1631042777109,2021-09-07T19:26:17.109Z,48.133,0.4548031543408203,0.043421463645603176,0.2344998796554283,0.8580667070444483
1631042777139,2021-09-07T19:26:17.139Z,48.163,0.45449412285744273,0.04420144896501451,0.23406474506876568,0.8583093960299691
1631042777154,2021-09-07T19:26:17.154Z,48.178,0.45446195725386535,0.045496426049132,0.23349614198334567,0.8584136277486717
1631042777171,2021-09-07T19:26:17.171Z,48.195,0.45448670185799717,0.047030196002142574,0.2328932156516643,0.8584816530373071
1631042777199,2021-09-07T19:26:17.199Z,48.223,0.45418440895489987,0.048107564025485494,0.23208321426490797,0.8588012381234037
1631042777214,2021-09-07T19:26:17.214Z,48.238,0.45363720262211316,0.04857184951096413,0.2312397462289872,0.8592917104198211
1631042777229,2021-09-07T19:26:17.229Z,48.253,0.4533377406535752,0.04864328532634089,0.23080258638713194,0.8595631971000053
1631042777259,2021-09-07T19:26:17.259Z,48.283,0.4532838874203009,0.048787799942264114,0.23039666389507246,0.8596922968411167
1631042777274,2021-09-07T19:26:17.274Z,48.298,0.45309419114622734,0.04904537348472966,0.22976088866029606,0.8599477538381738
1631042777289,2021-09-07T19:26:17.289Z,48.313,0.4524337662711706,0.04912463541175015,0.22913795796545952,0.8604570027332951
1631042777304,2021-09-07T19:26:17.304Z,48.328,0.4516852385771557,0.048824476223248946,0.2288446520496224,0.8609452601654246
1631042777334,2021-09-07T19:26:17.334Z,48.358,0.4515048006519756,0.048663791690336224,0.22875333030363404,0.8610732629930717
1631042777349,2021-09-07T19:26:17.349Z,48.373,0.4515765200161947,0.04903340221118887,0.2285287921016483,0.8610743076054589
1631042777364,2021-09-07T19:26:17.364Z,48.388,0.45166070299402883,0.04947386095904995,0.22835013774610427,0.8610523567380091
1631042777394,2021-09-07T19:26:17.394Z,48.418,0.4517551032113095,0.04990377570584462,0.22822883577101669,0.8610101848500088
1631042777409,2021-09-07T19:26:17.409Z,48.433,0.4515524742114873,0.049889593193612344,0.22825133501031294,0.8611113282209621
1631042777424,2021-09-07T19:26:17.424Z,48.448,0.4513678411628995,0.04990318593264208,0.22822343616616944,0.861214727685391
1631042777454,2021-09-07T19:26:17.454Z,48.478,0.4511845408501509,0.04984607173480514,0.2280088066363099,0.8613709208736576
1631042777469,2021-09-07T19:26:17.469Z,48.493,0.4509608269865801,0.049783488636651045,0.22777009602979706,0.8615548271220592
1631042777484,2021-09-07T19:26:17.484Z,48.508,0.45079838921309495,0.049597199667080774,0.22766181670907096,0.8616791904652148
1631042777514,2021-09-07T19:26:17.514Z,48.538,0.45068945465937177,0.049476119506916105,0.2275645532627497,0.8617688223390891
1631042777529,2021-09-07T19:26:17.529Z,48.553,0.45061612511610366,0.04963107449210649,0.22749465897019278,0.861816711586717
1631042777559,2021-09-07T19:26:17.559Z,48.583,0.4504566339402955,0.04992756452410577,0.22741404902299467,0.8619042345567384
1631042777574,2021-09-07T19:26:17.574Z,48.598,0.45024173684830315,0.04994595710785681,0.22739520281610232,0.8620204182643398
1631042777589,2021-09-07T19:26:17.589Z,48.613,0.4501498892019991,0.04974820085109703,0.22744433335808867,0.8620668587683912
1631042777604,2021-09-07T19:26:17.604Z,48.628,0.45007933698750546,0.04974469380296998,0.2273862138750771,0.8621192293383173
1631042777619,2021-09-07T19:26:17.619Z,48.643,0.4497529453344435,0.04971961509148613,0.22721202116421174,0.8623369094945557
1631042777649,2021-09-07T19:26:17.649Z,48.673,0.4493920681446309,0.04953796610972005,0.22711617646028945,0.8625607233073288
1631042777664,2021-09-07T19:26:17.664Z,48.688,0.44933804246584186,0.04957596888939817,0.2270870475274786,0.8625943541125779
1631042777679,2021-09-07T19:26:17.679Z,48.703,0.4492466320339956,0.04943809143362197,0.22697057666296636,0.8626805295419578
1631042777709,2021-09-07T19:26:17.709Z,48.733,0.4488325663806577,0.04888056907858663,0.2270204547943086,0.86291467157981
1631042777724,2021-09-07T19:26:17.724Z,48.748,0.4483517635124779,0.048392377024549946,0.22724456723907574,0.8631331187374808
1631042777739,2021-09-07T19:26:17.739Z,48.763,0.44815648419576926,0.04833891754524164,0.22745505367770733,0.8631820858198535
1631042777769,2021-09-07T19:26:17.769Z,48.793,0.44824903555792117,0.04869021081246144,0.22727265604727123,0.8631623284792094
1631042777784,2021-09-07T19:26:17.784Z,48.808,0.44812029974605694,0.04869339283267158,0.22714382599857377,0.8632628989830832
1631042777799,2021-09-07T19:26:17.799Z,48.823,0.44786271215095425,0.04803473902310233,0.22719246006726845,0.8634206628291663
1631042777829,2021-09-07T19:26:17.829Z,48.853,0.44779097124635375,0.047699092299382004,0.2272569493253922,0.8634595078215181
1631042777844,2021-09-07T19:26:17.844Z,48.868,0.4478651432418063,0.04798089498078028,0.2271107956929472,0.863443879858764
1631042777859,2021-09-07T19:26:17.859Z,48.883,0.4477849273003421,0.047984189945805014,0.22711521226457534,0.8634841381032364
1631042777889,2021-09-07T19:26:17.889Z,48.913,0.44758583487470177,0.047401813380895184,0.2272438476617171,0.8635856773983791
1631042777904,2021-09-07T19:26:17.904Z,48.928,0.44744700891368155,0.046874531947808294,0.22751708658355688,0.8636144555190146
1631042777919,2021-09-07T19:26:17.919Z,48.943,0.44742075599768444,0.04681203678736706,0.22757386149444245,0.8636164877298179
1631042777934,2021-09-07T19:26:17.934Z,48.958,0.4475664749929431,0.04698798758740305,0.2275092430136114,0.8635484490335508
1631042777964,2021-09-07T19:26:17.964Z,48.988,0.4475187856961556,0.04721002919934199,0.22735073652805707,0.8636027976982159
1631042777979,2021-09-07T19:26:17.979Z,49.003,0.44722321622530925,0.04705227597186846,0.2272475955092162,0.8637916464809307
1631042777994,2021-09-07T19:26:17.994Z,49.018,0.44709229920191834,0.04679503772169348,0.22738559747811768,0.8638370740472343
1631042778024,2021-09-07T19:26:18.024Z,49.048,0.4473438867050851,0.04681405060982569,0.22744795721051594,0.8636893645598817
1631042778039,2021-09-07T19:26:18.039Z,49.063,0.44754264422043283,0.04692531446633601,0.22744566539302066,0.8635809549546264
1631042778054,2021-09-07T19:26:18.054Z,49.078,0.4474604403762345,0.04688494999836864,0.22747208055771329,0.8636187864611921
1631042778084,2021-09-07T19:26:18.084Z,49.108,0.4473419185775922,0.046619643107037034,0.22761324003068392,0.8636573566656084
1631042778099,2021-09-07T19:26:18.099Z,49.123,0.447472222811125,0.04641749484848512,0.2279031613267909,0.8635242758844227
1631042778114,2021-09-07T19:26:18.114Z,49.138,0.44771383553210337,0.04641159453888298,0.22805031298868256,0.8633604925587313
1631042778144,2021-09-07T19:26:18.144Z,49.168,0.447742112695059,0.04622426778211971,0.22814140111377115,0.8633318126220169
1631042778159,2021-09-07T19:26:18.159Z,49.183,0.44765831593266325,0.04595963071315337,0.2282956023752302,0.8633486332051341
1631042778174,2021-09-07T19:26:18.174Z,49.198,0.4476172961276983,0.04573548927728237,0.22848147375029287,0.8633326342614358
1631042778204,2021-09-07T19:26:18.204Z,49.228,0.4477644257767009,0.04566093458544454,0.22854818399399293,0.8632426227050499
1631042778219,2021-09-07T19:26:18.219Z,49.243,0.4479270971932006,0.04597020993303266,0.22844084099230638,0.8631702251384219
1631042778234,2021-09-07T19:26:18.234Z,49.258,0.44786590368681606,0.046147912772575794,0.22833156601461269,0.8632214075327609
1631042778249,2021-09-07T19:26:18.249Z,49.273,0.44758346297553864,0.04564010313221843,0.22843691513084874,0.8633670137678452
1631042778279,2021-09-07T19:26:18.279Z,49.303,0.44754696537762506,0.04522670196982452,0.22864543198813794,0.8633524921149933
1631042778294,2021-09-07T19:26:18.294Z,49.318,0.4477012185540761,0.04518677766877663,0.22865316383329812,0.8632725552791142
1631042778309,2021-09-07T19:26:18.309Z,49.333,0.4477636481130426,0.04517024047032747,0.22865642396886038,0.8632401778080795
1631042778339,2021-09-07T19:26:18.339Z,49.363,0.44775176908821446,0.04512399521767999,0.22867995940068936,0.8632425235717182
1631042778354,2021-09-07T19:26:18.354Z,49.378,0.4477141431526479,0.045023500235585004,0.22882052908532666,0.8632300365005483
1631042778369,2021-09-07T19:26:18.369Z,49.393,0.44767698239834974,0.0449280101459118,0.22892230541644099,0.8632272999725265
1631042778414,2021-09-07T19:26:18.414Z,49.438,0.44764670383882654,0.04481309543532226,0.2289278492949026,0.8632475049700109
1631042778414,2021-09-07T19:26:18.415Z,49.438,0.4476572882118975,0.04486958022229541,0.22888816915204555,0.8632496041723213
1631042778429,2021-09-07T19:26:18.429Z,49.453,0.4477442728944951,0.045175230547830875,0.2287262644569296,0.8632314640829011
1631042778459,2021-09-07T19:26:18.459Z,49.483,0.44781166297697117,0.04544006286287869,0.22859959295459736,0.8632161613928516
1631042778474,2021-09-07T19:26:18.474Z,49.498,0.4477858816236894,0.04545236353346917,0.2286301093356954,0.863220806035666
1631042778489,2021-09-07T19:26:18.489Z,49.513,0.4477624998255003,0.045453325980531284,0.22866391182059045,0.8632239305870936
1631042778519,2021-09-07T19:26:18.519Z,49.543,0.4478207667246289,0.04560551561058845,0.22876831107353282,0.86315801431987
1631042778534,2021-09-07T19:26:18.534Z,49.558,0.44798565360534925,0.04583465421568735,0.22874808509423977,0.8630656708515494
1631042778549,2021-09-07T19:26:18.549Z,49.573,0.4480716093651505,0.04603182697219083,0.228667815537518,0.8630318267154612
1631042778579,2021-09-07T19:26:18.579Z,49.603,0.44805950565381386,0.046084632551656075,0.22866720256437026,0.8630354549537489
1631042778594,2021-09-07T19:26:18.594Z,49.618,0.44803528275885257,0.046193288747128115,0.22865445043314256,0.8630456000554297
1631042778609,2021-09-07T19:26:18.609Z,49.633,0.4479880643433279,0.046295900672075715,0.2286619547285412,0.8630626247536168
1631042778624,2021-09-07T19:26:18.624Z,49.648,0.44795243774153726,0.046215606870710524,0.22871997392747734,0.8630700462474642
1631042778654,2021-09-07T19:26:18.654Z,49.678,0.4479113796028171,0.04620252835207963,0.22868734521470319,0.8631007012711944
1631042778669,2021-09-07T19:26:18.669Z,49.693,0.4479549381307569,0.04641272285284292,0.22865898193783363,0.8630743319904771
1631042778684,2021-09-07T19:26:18.684Z,49.708,0.44822204098073615,0.04673655391354998,0.2285571690656375,0.8629451413479601
1631042778714,2021-09-07T19:26:18.714Z,49.738,0.44854806187543517,0.04771184744036498,0.22813052581723983,0.8628352559973241
1631042778729,2021-09-07T19:26:18.729Z,49.753,0.44890513652774433,0.04925663729373185,0.22766169721376334,0.8626865674758533
1631042778744,2021-09-07T19:26:18.744Z,49.768,0.4490982720233821,0.050141973386736344,0.22756457958028647,0.8625606568183732
1631042778774,2021-09-07T19:26:18.774Z,49.798,0.44925655398499337,0.05105879696699142,0.2276295348675146,0.8624072951974672
1631042778789,2021-09-07T19:26:18.789Z,49.813,0.4496400638239913,0.05294089000370533,0.22737574496037619,0.8621608584096628
1631042778804,2021-09-07T19:26:18.804Z,49.828,0.45029465774482313,0.055748892831574845,0.22644755953542947,0.8618864687039554
1631042778834,2021-09-07T19:26:18.834Z,49.858,0.45121846163503176,0.05946011542630847,0.22480666916680683,0.8615847933032078
1631042778849,2021-09-07T19:26:18.849Z,49.873,0.4527831510823198,0.06463540538464872,0.22197655506266317,0.8611248988789256
1631042778864,2021-09-07T19:26:18.864Z,49.888,0.45544783569096625,0.0722586905532069,0.21763636787373805,0.8602211122628167
1631042778894,2021-09-07T19:26:18.894Z,49.918,0.4588024493422213,0.08087295602639463,0.2129256061563627,0.8588495582487524
1631042778924,2021-09-07T19:26:18.924Z,49.948,0.4622326080825809,0.08831064753846517,0.20897192593006889,0.8572473270472122
1631042778924,2021-09-07T19:26:18.924Z,49.948,0.466228453874524,0.09678929269417307,0.20528522070837488,0.855056044815921
1631042778939,2021-09-07T19:26:18.939Z,49.963,0.4712734999671616,0.10789990840004239,0.2011451053477224,0.8519386976717386
1631042778969,2021-09-07T19:26:18.969Z,49.993,0.47697389570999177,0.12212890500568288,0.19587819461059675,0.8480637748715836
1631042778984,2021-09-07T19:26:18.984Z,50.008,0.4817719946517412,0.1367893868692089,0.1902743205551666,0.8443814847250609
1631042778999,2021-09-07T19:26:18.999Z,50.023,0.4845304732512363,0.14943888614913844,0.18494628161220986,0.8418391251986659
1631042779031,2021-09-07T19:26:19.031Z,50.055,0.485859855305867,0.161783848960123,0.1801703624921704,0.8398242838220684
1631042779044,2021-09-07T19:26:19.044Z,50.068,0.4866178863126017,0.17736237998161514,0.1746135032092083,0.8374101404836943
1631042779059,2021-09-07T19:26:19.059Z,50.083,0.4867660097531045,0.19677107004997732,0.16620136771146204,0.8346958147201092
1631042779089,2021-09-07T19:26:19.089Z,50.113,0.48542716178558054,0.2152563441698752,0.15686303079654582,0.8327179393196341
1631042779104,2021-09-07T19:26:19.104Z,50.128,0.48305565700747477,0.2312531499112497,0.14944002212316754,0.8311719994544025
1631042779119,2021-09-07T19:26:19.119Z,50.143,0.4804883769783036,0.24799772486944266,0.1429259231740034,0.828975408883276
1631042779149,2021-09-07T19:26:19.149Z,50.173,0.47737545139101434,0.26653284037740893,0.1356552253579095,0.8262388173177719
1631042779164,2021-09-07T19:26:19.164Z,50.188,0.47256365521164406,0.28509295048701,0.12550832358464734,0.8244108575622917
1631042779179,2021-09-07T19:26:19.179Z,50.203,0.4656304692629466,0.3002865000702576,0.11477903961508479,0.824525351965943
1631042779209,2021-09-07T19:26:19.209Z,50.233,0.4569089315302346,0.31303640532850957,0.1048437260096358,0.8259844007869162
1631042779224,2021-09-07T19:26:19.224Z,50.248,0.44711954499860274,0.32478506170796057,0.09518057341724905,0.8279730880986182
1631042779239,2021-09-07T19:26:19.239Z,50.263,0.43614530428832593,0.33769711747916503,0.08465468857404047,0.829802093330656
1631042779254,2021-09-07T19:26:19.254Z,50.278,0.42391030302752275,0.3508649524872312,0.07213682665051581,0.831859434245979
1631042779284,2021-09-07T19:26:19.284Z,50.308,0.409506750506383,0.3622300172188382,0.05802294364231202,0.8353005291069939
1631042779299,2021-09-07T19:26:19.299Z,50.323,0.3936858936750469,0.3703825329601998,0.04396989006640539,0.8401754847451897
1631042779314,2021-09-07T19:26:19.314Z,50.338,0.37705676835316493,0.3785772829247719,0.029937527852950688,0.844755099847535
1631042779344,2021-09-07T19:26:19.344Z,50.368,0.3604546196739042,0.3877851374991067,0.015816228496851405,0.8482010382018379
1631042779359,2021-09-07T19:26:19.359Z,50.383,0.34415970725642125,0.39728252340001824,-0.0009060510968746478,0.8507172688816762
1631042779374,2021-09-07T19:26:19.374Z,50.398,0.3285636505147763,0.4039217478716148,-0.017398084638057913,0.8535751026170284
1631042779404,2021-09-07T19:26:19.404Z,50.428,0.3135756284173149,0.40852502378949823,-0.03078147053342498,0.8566388569708215
1631042779434,2021-09-07T19:26:19.434Z,50.458,0.29929567476255736,0.4152429851525929,-0.04302301787478585,0.857988567687784
1631042779434,2021-09-07T19:26:19.434Z,50.458,0.286205824118662,0.4250410138704597,-0.056136130488102294,0.85689853402976
1631042779464,2021-09-07T19:26:19.464Z,50.488,0.2751390851766246,0.4334519375965388,-0.06941438258868352,0.855335925290063
1631042779479,2021-09-07T19:26:19.479Z,50.503,0.2652803989665511,0.43825644786697376,-0.08015426345613712,0.8550630911675314
1631042779494,2021-09-07T19:26:19.494Z,50.518,0.2570078119477483,0.4419449644394061,-0.08856254969554635,0.8548615723003969
1631042779524,2021-09-07T19:26:19.524Z,50.548,0.24918485437398502,0.4467795656468692,-0.09734394112027009,0.8537090167019346
1631042779539,2021-09-07T19:26:19.539Z,50.563,0.241319500863659,0.4498739378997962,-0.10772741136235398,0.8530962098981633
1631042779554,2021-09-07T19:26:19.554Z,50.578,0.23445692867615672,0.4485365192379125,-0.11542753233186313,0.8547054605450101
1631042779584,2021-09-07T19:26:19.584Z,50.608,0.22840778970750783,0.44658375648830545,-0.12144478645019581,0.8565302060556832
1631042779599,2021-09-07T19:26:19.599Z,50.623,0.22415730020864236,0.4469821982079658,-0.1269235740931031,0.856650935672039
1631042779614,2021-09-07T19:26:19.614Z,50.638,0.22150668736502221,0.44864818929054434,-0.131198824841822,0.8558250160278181
1631042779629,2021-09-07T19:26:19.629Z,50.653,0.22060780965772386,0.44460909067005744,-0.13395931275155587,0.8577353049389405
1631042779659,2021-09-07T19:26:19.659Z,50.683,0.22428392472372996,0.43154458476238755,-0.13061168270652423,0.8639482512357723
1631042779674,2021-09-07T19:26:19.674Z,50.698,0.22525352435463977,0.41820606739262256,-0.12341010004106498,0.8712832387746624
1631042779689,2021-09-07T19:26:19.689Z,50.713,0.22870473170615152,0.4200196467651049,-0.12145447568557775,0.8697852909554604
1631042779719,2021-09-07T19:26:19.719Z,50.743,0.23182439885104092,0.4191556289541169,-0.12041346025830413,0.8695209056728044
1631042779734,2021-09-07T19:26:19.734Z,50.758,0.23352251835634946,0.41786685386830436,-0.11915893050864407,0.8698595720797409
1631042779749,2021-09-07T19:26:19.749Z,50.773,0.2356299104876503,0.4151212174547631,-0.11753909750390122,0.8708257464386463
1631042779779,2021-09-07T19:26:19.779Z,50.803,0.2389061279094115,0.4111644246740783,-0.11601023243544831,0.8720145089962893
1631042779794,2021-09-07T19:26:19.794Z,50.818,0.2426873008896339,0.40671879227749463,-0.1139778127199757,0.8733222522086626
1631042779809,2021-09-07T19:26:19.809Z,50.833,0.24621326067929977,0.40264588601618134,-0.11332713163299274,0.8743067436407831
1631042779839,2021-09-07T19:26:19.839Z,50.863,0.24800327177209142,0.3998568912900461,-0.1139082822962365,0.8750049982157355
1631042779854,2021-09-07T19:26:19.854Z,50.878,0.24962553369092436,0.3935624955062269,-0.11265421652965424,0.877556085135601
1631042779869,2021-09-07T19:26:19.869Z,50.893,0.25151608088186717,0.3873368906558133,-0.11130429366371258,0.87995519681796
1631042779899,2021-09-07T19:26:19.899Z,50.923,0.253225731911286,0.3827763769056217,-0.11015234177998684,0.8816038994817252
1631042779914,2021-09-07T19:26:19.914Z,50.938,0.2543216750089659,0.3788265145320957,-0.10884925424728395,0.8831550245330139
1631042779929,2021-09-07T19:26:19.929Z,50.953,0.2551869441440825,0.37541967475049404,-0.10743437662971171,0.8845323883650749
1631042779944,2021-09-07T19:26:19.944Z,50.968,0.2560787269730874,0.3718630473389965,-0.10590862767341096,0.8859598874666579
1631042779976,2021-09-07T19:26:19.976Z,51,0.2568973037348158,0.3685197578841609,-0.1045077009321549,0.8872852437793929
1631042779989,2021-09-07T19:26:19.989Z,51.013,0.25765803085401673,0.36587693760611667,-0.1033282935646165,0.8882959357181731
1631042780004,2021-09-07T19:26:20.004Z,51.028,0.2583318830522593,0.36415528805402686,-0.10238666800004556,0.8889164947264795
1631042780034,2021-09-07T19:26:20.034Z,51.058,0.2588298332018415,0.36320567288883343,-0.10173619582757827,0.8892347851296694
1631042780049,2021-09-07T19:26:20.049Z,51.073,0.2591715709580057,0.3626366196803944,-0.10121465304492189,0.8894269913168438
1631042780065,2021-09-07T19:26:20.065Z,51.089,0.25912971662130513,0.3627582859342511,-0.10109772645193413,0.8894028702764885
